0b003901 0b000101 10000 100 50000000 1250538 7371229 4200200
0b00ac01 0b000101 10000 100 50000000 5110514 15100138 4204240
0b011f01 0b000101 10000 100 50000000 9941883 16309592 4204240
0b00b901 0b000101 10000 100 50000000 28867606 20988073 4204240
0b002301 0b000101 10000 100 50000000 2291219 91753069 4200200
0b00d801 0b000101 10000 100 50000000 1589134 98880526 4204240
0b00c101 0b000101 10000 100 50000000 3940009 103500821 4204240
0b011701 0b000101 10000 100 50000000 4346942 103988213 4204240
0b00c201 0b000101 10000 100 50000000 4835818 104768573 4204240
0b011201 0b000101 10000 100 50000000 6241308 105242784 4204240
0b002f01 0b000101 10000 100 50000000 10931899 100994490 4200200
0b00ba01 0b000101 10000 100 50000000 8132705 105895254 4204240
0b00b501 0b000101 10000 100 50000000 10475352 106770932 4204240
0b00d601 0b000101 10000 100 50000000 11022030 106656269 4204240
0b008c01 0b000101 10000 100 50000000 12244592 106587407 4204240
0b003301 0b000101 10000 100 50000000 19006311 100045296 4200200
0b00ae01 0b000101 10000 100 50000000 13893567 106054533 4204240
0b012d01 0b000101 10000 100 50000000 13909535 106039229 4204240
0b002401 0b000101 10000 100 50000000 30456549 97258748 4200200
0b000301 0b000101 10000 100 50000000 37940368 90083762 4196160
0b001601 0b000101 10000 100 50000000 36486588 94172604 4200200
0b010201 0b000101 10000 100 50000000 30100935 101097188 4204240
0b00b001 0b000101 10000 100 50000000 30186302 101201533 4204240
0b00e801 0b000101 10000 100 50000000 31784222 100317875 4204240
0b002801 0b000101 10000 100 50000000 42765886 89911137 4200200
0b005101 0b000101 10000 100 50000000 34906970 98278035 4204240
0b008801 0b000101 10000 100 50000000 35091016 98175456 4204240
0b004701 0b000101 10000 100 50000000 36823560 96864092 4204240
0b007401 0b000101 10000 100 50000000 38653417 95451505 4204240
0b009601 0b000101 10000 100 50000000 41470233 93202570 4204240
0b013c01 0b000101 10000 100 50000000 44272587 90893777 4204240
0b006e01 0b000101 10000 100 50000000 47860654 88066455 4204240
