0b000401 0b000101 10000 1000 65536 20000000 161632 15896
0b000501 0b000101 10000 1100 65536 20000000 161678 15896
0b000601 0b000101 10000 1200 65536 20000000 161724 15896
0b000701 0b000101 10000 1300 65536 20000000 161770 15896
0b000801 0b000101 10000 1400 65536 20000000 161816 15896
0b000901 0b000101 10000 1500 65536 20000000 161862 15896
0b000a01 0b000101 10000 1600 65536 20000000 161908 15896
0b000b01 0b000101 10000 1700 65536 20000000 162037 15896
0b000c01 0b000101 10000 1800 65536 20000000 162083 15896
0b000d01 0b000101 10000 1900 65536 20000000 162129 15896
0b000e01 0b000101 10000 2000 65536 20000000 162175 15896
0b000f01 0b000101 10000 2100 65536 20000000 162221 15896
0b001001 0b000101 10000 2200 65536 20000000 162267 15896
0b001101 0b000101 10000 2300 65536 20000000 162313 15896
0b001201 0b000101 10000 2400 65536 20000000 162359 15896
0b001301 0b000101 10000 2500 65536 20000000 162405 15896
0b001401 0b000101 10000 2600 65536 20000000 162534 15896
0b001501 0b000101 10000 2700 65536 20000000 162581 15896
0b001601 0b000101 10000 2800 65536 20000000 162626 15896
0b001701 0b000101 10000 2900 65536 20000000 162672 15896
0b000401 0b000101 10001 1001 65536 20500000 131910 15896
0b000501 0b000101 10001 1101 65536 20500000 131956 15896
0b000601 0b000101 10001 1201 65536 20500000 132002 15896
0b000701 0b000101 10001 1301 65536 20500000 132048 15896
0b000801 0b000101 10001 1401 65536 20500000 132094 15896
0b000901 0b000101 10001 1501 65536 20500000 132140 15896
0b000a01 0b000101 10001 1601 65536 20500000 132269 15896
0b000b01 0b000101 10001 1701 65536 20500000 132315 15896
0b000c01 0b000101 10001 1801 65536 20500000 132361 15896
0b000d01 0b000101 10001 1901 65536 20500000 132407 15896
0b000e01 0b000101 10001 2001 65536 20500000 132453 15896
0b000f01 0b000101 10001 2101 65536 20500000 132499 15896
0b001001 0b000101 10001 2201 65536 20500000 132545 15896
0b001101 0b000101 10001 2301 65536 20500000 132591 15896
0b001201 0b000101 10001 2401 65536 20500000 132637 15896
0b001301 0b000101 10001 2501 65536 20500000 132683 15896
0b001401 0b000101 10001 2601 65536 20500000 132729 15896
0b001501 0b000101 10001 2701 65536 20500000 132775 15896
0b001601 0b000101 10001 2801 65536 20500000 132821 15896
0b001701 0b000101 10001 2901 65536 20500000 132867 15896
0b000401 0b000101 10002 1002 65536 21000000 148344 15896
0b000501 0b000101 10002 1102 65536 21000000 148390 15896
0b000601 0b000101 10002 1202 65536 21000000 148436 15896
0b000701 0b000101 10002 1302 65536 21000000 148482 15896
0b000801 0b000101 10002 1402 65536 21000000 148528 15896
0b000901 0b000101 10002 1502 65536 21000000 148574 15896
0b000a01 0b000101 10002 1602 65536 21000000 148620 15896
0b000b01 0b000101 10002 1702 65536 21000000 148666 15896
0b000c01 0b000101 10002 1802 65536 21000000 148795 15896
0b000d01 0b000101 10002 1902 65536 21000000 148841 15896
0b000e01 0b000101 10002 2002 65536 21000000 148887 15896
0b000f01 0b000101 10002 2102 65536 21000000 148933 15896
0b001001 0b000101 10002 2202 65536 21000000 148979 15896
0b001101 0b000101 10002 2302 65536 21000000 149025 15896
0b001201 0b000101 10002 2402 65536 21000000 149071 15896
0b001301 0b000101 10002 2502 65536 21000000 149117 15896
0b001401 0b000101 10002 2602 65536 21000000 149163 15896
0b001501 0b000101 10002 2702 65536 21000000 149210 15896
0b001601 0b000101 10002 2802 65536 21000000 149255 15896
0b001701 0b000101 10002 2902 65536 21000000 149384 15896
0b000401 0b000101 10003 1003 65536 21499999 153905 15896
0b000501 0b000101 10003 1103 65536 21499999 153951 15896
0b000601 0b000101 10003 1203 65536 21499999 153997 15896
0b000701 0b000101 10003 1303 65536 21499999 154043 15896
0b000801 0b000101 10003 1403 65536 21499999 154089 15896
0b000901 0b000101 10003 1503 65536 21499999 154135 15896
0b000a01 0b000101 10003 1603 65536 21499999 154181 15896
0b000b01 0b000101 10003 1703 65536 21499999 154310 15896
0b000c01 0b000101 10003 1803 65536 21499999 154356 15896
0b000d01 0b000101 10003 1903 65536 21499999 154402 15896
0b000e01 0b000101 10003 2003 65536 21499999 154448 15896
0b000f01 0b000101 10003 2103 65536 21499999 154494 15896
0b001001 0b000101 10003 2203 65536 21499999 154540 15896
0b001101 0b000101 10003 2303 65536 21499999 154586 15896
0b001201 0b000101 10003 2403 65536 21499999 154632 15896
0b001301 0b000101 10003 2503 65536 21499999 154678 15896
0b001401 0b000101 10003 2603 65536 21499999 154724 15896
0b001501 0b000101 10003 2703 65536 21499999 154771 15896
0b001601 0b000101 10003 2803 65536 21499999 154899 15896
0b001701 0b000101 10003 2903 65536 21499999 154945 15896
0b000401 0b000101 10004 1004 65536 21999999 160627 15896
0b000501 0b000101 10004 1104 65536 21999999 160673 15896
0b000601 0b000101 10004 1204 65536 21999999 160719 15896
0b000701 0b000101 10004 1304 65536 21999999 160765 15896
0b000801 0b000101 10004 1404 65536 21999999 160811 15896
0b000901 0b000101 10004 1504 65536 21999999 160857 15896
0b000a01 0b000101 10004 1604 65536 21999999 160903 15896
0b000b01 0b000101 10004 1704 65536 21999999 161032 15896
0b000c01 0b000101 10004 1804 65536 21999999 161078 15896
0b000d01 0b000101 10004 1904 65536 21999999 161124 15896
0b000e01 0b000101 10004 2004 65536 21999999 161170 15896
0b000f01 0b000101 10004 2104 65536 21999999 161216 15896
0b001001 0b000101 10004 2204 65536 21999999 161262 15896
0b001101 0b000101 10004 2304 65536 21999999 161308 15896
0b001201 0b000101 10004 2404 65536 21999999 161354 15896
0b001301 0b000101 10004 2504 65536 21999999 161400 15896
0b001401 0b000101 10004 2604 65536 21999999 161446 15896
0b001501 0b000101 10004 2704 65536 21999999 161493 15896
0b001601 0b000101 10004 2804 65536 21999999 161621 15896
0b001701 0b000101 10004 2904 65536 21999999 161667 15896
0b000401 0b000101 10005 1005 65536 22499999 161456 15896
0b000501 0b000101 10005 1105 65536 22499999 161502 15896
0b000601 0b000101 10005 1205 65536 22499999 161548 15896
0b000701 0b000101 10005 1305 65536 22499999 161594 15896
0b000801 0b000101 10005 1405 65536 22499999 161723 15896
0b000901 0b000101 10005 1505 65536 22499999 161769 15896
0b000a01 0b000101 10005 1605 65536 22499999 161815 15896
0b000b01 0b000101 10005 1705 65536 22499999 161861 15896
0b000c01 0b000101 10005 1805 65536 22499999 161907 15896
0b000d01 0b000101 10005 1905 65536 22499999 161953 15896
0b000e01 0b000101 10005 2005 65536 22499999 161999 15896
0b000f01 0b000101 10005 2105 65536 22499999 162045 15896
0b001001 0b000101 10005 2205 65536 22499999 162091 15896
0b001101 0b000101 10005 2305 65536 22499999 162137 15896
0b001201 0b000101 10005 2405 65536 22499999 162183 15896
0b001301 0b000101 10005 2505 65536 22499999 162312 15896
0b001401 0b000101 10005 2605 65536 22499999 162358 15896
0b001501 0b000101 10005 2705 65536 22499999 162405 15896
0b001601 0b000101 10005 2805 65536 22499999 162450 15896
0b001701 0b000101 10005 2905 65536 22499999 162496 15896
0b000401 0b000101 10006 1006 65536 22999999 161381 15896
0b000501 0b000101 10006 1106 65536 22999999 161427 15896
0b000601 0b000101 10006 1206 65536 22999999 161630 15896
0b000701 0b000101 10006 1306 65536 22999999 161676 15896
0b000801 0b000101 10006 1406 65536 22999999 161722 15896
0b000901 0b000101 10006 1506 65536 22999999 161768 15896
0b000a01 0b000101 10006 1606 65536 22999999 161814 15896
0b000b01 0b000101 10006 1706 65536 22999999 161860 15896
0b000c01 0b000101 10006 1806 65536 22999999 161906 15896
0b000d01 0b000101 10006 1906 65536 22999999 161952 15896
0b000e01 0b000101 10006 2006 65536 22999999 161998 15896
0b000f01 0b000101 10006 2106 65536 22999999 162044 15896
0b001001 0b000101 10006 2206 65536 22999999 162090 15896
0b001101 0b000101 10006 2306 65536 22999999 162219 15896
0b001201 0b000101 10006 2406 65536 22999999 162265 15896
0b001301 0b000101 10006 2506 65536 22999999 162311 15896
0b001401 0b000101 10006 2606 65536 22999999 162357 15896
0b001501 0b000101 10006 2706 65536 22999999 162403 15896
0b001601 0b000101 10006 2806 65536 22999999 162449 15896
0b001701 0b000101 10006 2906 65536 22999999 162495 15896
0b000401 0b000101 10007 1007 65536 23500000 161370 15896
0b000501 0b000101 10007 1107 65536 23500000 161416 15896
0b000601 0b000101 10007 1207 65536 23500000 161462 15896
0b000701 0b000101 10007 1307 65536 23500000 161508 15896
0b000801 0b000101 10007 1407 65536 23500000 161637 15896
0b000901 0b000101 10007 1507 65536 23500000 161683 15896
0b000a01 0b000101 10007 1607 65536 23500000 161729 15896
0b000b01 0b000101 10007 1707 65536 23500000 161775 15896
0b000c01 0b000101 10007 1807 65536 23500000 161821 15896
0b000d01 0b000101 10007 1907 65536 23500000 161867 15896
0b000e01 0b000101 10007 2007 65536 23500000 161913 15896
0b000f01 0b000101 10007 2107 65536 23500000 161959 15896
0b001001 0b000101 10007 2207 65536 23500000 162005 15896
0b001101 0b000101 10007 2307 65536 23500000 162051 15896
0b001201 0b000101 10007 2407 65536 23500000 162097 15896
0b001301 0b000101 10007 2507 65536 23500000 162226 15896
0b001401 0b000101 10007 2607 65536 23500000 162272 15896
0b001501 0b000101 10007 2707 65536 23500000 162319 15896
0b001601 0b000101 10007 2807 65536 23500000 162364 15896
0b001701 0b000101 10007 2907 65536 23500000 162410 15896
0b000301 0b000101 10000 200 209715200 0 33620097 17590845
0b000201 0b000001 10000 100 209715200 0 38666446 17590845
