0b000401 0b000101 10000 1000 65536 20000000 171261 15896
0b000501 0b000101 10000 1100 65536 20000000 171308 15896
0b000601 0b000101 10000 1200 65536 20000000 171355 15896
0b000701 0b000101 10000 1300 65536 20000000 171404 15896
0b000801 0b000101 10000 1400 65536 20000000 171607 15896
0b000901 0b000101 10000 1500 65536 20000000 171656 15896
0b000a01 0b000101 10000 1600 65536 20000000 171701 15896
0b000b01 0b000101 10000 1700 65536 20000000 171748 15896
0b000c01 0b000101 10000 1800 65536 20000000 171795 15896
0b000d01 0b000101 10000 1900 65536 20000000 171842 15896
0b000e01 0b000101 10000 2000 65536 20000000 171889 15896
0b000f01 0b000101 10000 2100 65536 20000000 171936 15896
0b001001 0b000101 10000 2200 65536 20000000 171983 15896
0b001101 0b000101 10000 2300 65536 20000000 172114 15896
0b001201 0b000101 10000 2400 65536 20000000 172161 15896
0b001301 0b000101 10000 2500 65536 20000000 172208 15896
0b001401 0b000101 10000 2600 65536 20000000 172255 15896
0b001501 0b000101 10000 2700 65536 20000000 172302 15896
0b001601 0b000101 10000 2800 65536 20000000 172349 15896
0b001701 0b000101 10000 2900 65536 20000000 172396 15896
0b000401 0b000101 10001 1001 65536 20500000 142941 15896
0b000501 0b000101 10001 1101 65536 20500000 142988 15896
0b000601 0b000101 10001 1201 65536 20500000 143035 15896
0b000701 0b000101 10001 1301 65536 20500000 143082 15896
0b000801 0b000101 10001 1401 65536 20500000 143129 15896
0b000901 0b000101 10001 1501 65536 20500000 143262 15896
0b000a01 0b000101 10001 1601 65536 20500000 143307 15896
0b000b01 0b000101 10001 1701 65536 20500000 143354 15896
0b000c01 0b000101 10001 1801 65536 20500000 143401 15896
0b000d01 0b000101 10001 1901 65536 20500000 143448 15896
0b000e01 0b000101 10001 2001 65536 20500000 143495 15896
0b000f01 0b000101 10001 2101 65536 20500000 143542 15896
0b001001 0b000101 10001 2201 65536 20500000 143589 15896
0b001101 0b000101 10001 2301 65536 20500000 143636 15896
0b001201 0b000101 10001 2401 65536 20500000 143683 15896
0b001301 0b000101 10001 2501 65536 20500000 143730 15896
0b001401 0b000101 10001 2601 65536 20500000 143777 15896
0b001501 0b000101 10001 2701 65536 20500000 143824 15896
0b001601 0b000101 10001 2801 65536 20500000 143871 15896
0b001701 0b000101 10001 2901 65536 20500000 143918 15896
0b000401 0b000101 10002 1002 65536 21000000 144467 15896
0b000501 0b000101 10002 1102 65536 21000000 144514 15896
0b000601 0b000101 10002 1202 65536 21000000 144561 15896
0b000701 0b000101 10002 1302 65536 21000000 144608 15896
0b000801 0b000101 10002 1402 65536 21000000 144655 15896
0b000901 0b000101 10002 1502 65536 21000000 144704 15896
0b000a01 0b000101 10002 1602 65536 21000000 144833 15896
0b000b01 0b000101 10002 1702 65536 21000000 144880 15896
0b000c01 0b000101 10002 1802 65536 21000000 144927 15896
0b000d01 0b000101 10002 1902 65536 21000000 144974 15896
0b000e01 0b000101 10002 2002 65536 21000000 145021 15896
0b000f01 0b000101 10002 2102 65536 21000000 145068 15896
0b001001 0b000101 10002 2202 65536 21000000 145115 15896
0b001101 0b000101 10002 2302 65536 21000000 145162 15896
0b001201 0b000101 10002 2402 65536 21000000 145209 15896
0b001301 0b000101 10002 2502 65536 21000000 145256 15896
0b001401 0b000101 10002 2602 65536 21000000 145303 15896
0b001501 0b000101 10002 2702 65536 21000000 145350 15896
0b001601 0b000101 10002 2802 65536 21000000 145397 15896
0b001701 0b000101 10002 2902 65536 21000000 145444 15896
0b000401 0b000101 10003 1003 65536 21499999 146213 15896
0b000501 0b000101 10003 1103 65536 21499999 146260 15896
0b000601 0b000101 10003 1203 65536 21499999 146307 15896
0b000701 0b000101 10003 1303 65536 21499999 146354 15896
0b000801 0b000101 10003 1403 65536 21499999 146401 15896
0b000901 0b000101 10003 1503 65536 21499999 146450 15896
0b000a01 0b000101 10003 1603 65536 21499999 146495 15896
0b000b01 0b000101 10003 1703 65536 21499999 146542 15896
0b000c01 0b000101 10003 1803 65536 21499999 146589 15896
0b000d01 0b000101 10003 1903 65536 21499999 146636 15896
0b000e01 0b000101 10003 2003 65536 21499999 146683 15896
0b000f01 0b000101 10003 2103 65536 21499999 146814 15896
0b001001 0b000101 10003 2203 65536 21499999 146861 15896
0b001101 0b000101 10003 2303 65536 21499999 146908 15896
0b001201 0b000101 10003 2403 65536 21499999 146955 15896
0b001301 0b000101 10003 2503 65536 21499999 147002 15896
0b001401 0b000101 10003 2603 65536 21499999 147049 15896
0b001501 0b000101 10003 2703 65536 21499999 147096 15896
0b001601 0b000101 10003 2803 65536 21499999 147143 15896
0b001701 0b000101 10003 2903 65536 21499999 147190 15896
0b000401 0b000101 10004 1004 65536 21999999 147965 15896
0b000501 0b000101 10004 1104 65536 21999999 148012 15896
0b000601 0b000101 10004 1204 65536 21999999 148059 15896
0b000701 0b000101 10004 1304 65536 21999999 148106 15896
0b000801 0b000101 10004 1404 65536 21999999 148153 15896
0b000901 0b000101 10004 1504 65536 21999999 148284 15896
0b000a01 0b000101 10004 1604 65536 21999999 148331 15896
0b000b01 0b000101 10004 1704 65536 21999999 148378 15896
0b000c01 0b000101 10004 1804 65536 21999999 148425 15896
0b000d01 0b000101 10004 1904 65536 21999999 148472 15896
0b000e01 0b000101 10004 2004 65536 21999999 148519 15896
0b000f01 0b000101 10004 2104 65536 21999999 148566 15896
0b001001 0b000101 10004 2204 65536 21999999 148613 15896
0b001101 0b000101 10004 2304 65536 21999999 148660 15896
0b001201 0b000101 10004 2404 65536 21999999 148707 15896
0b001301 0b000101 10004 2504 65536 21999999 148754 15896
0b001401 0b000101 10004 2604 65536 21999999 148885 15896
0b001501 0b000101 10004 2704 65536 21999999 148932 15896
0b001601 0b000101 10004 2804 65536 21999999 148979 15896
0b001701 0b000101 10004 2904 65536 21999999 149026 15896
0b000401 0b000101 10005 1005 65536 22499999 149783 15896
0b000501 0b000101 10005 1105 65536 22499999 149830 15896
0b000601 0b000101 10005 1205 65536 22499999 149877 15896
0b000701 0b000101 10005 1305 65536 22499999 149924 15896
0b000801 0b000101 10005 1405 65536 22499999 149971 15896
0b000901 0b000101 10005 1505 65536 22499999 150018 15896
0b000a01 0b000101 10005 1605 65536 22499999 150065 15896
0b000b01 0b000101 10005 1705 65536 22499999 150112 15896
0b000c01 0b000101 10005 1805 65536 22499999 150159 15896
0b000d01 0b000101 10005 1905 65536 22499999 150206 15896
0b000e01 0b000101 10005 2005 65536 22499999 150337 15896
0b000f01 0b000101 10005 2105 65536 22499999 150384 15896
0b001001 0b000101 10005 2205 65536 22499999 150431 15896
0b001101 0b000101 10005 2305 65536 22499999 150478 15896
0b001201 0b000101 10005 2405 65536 22499999 150525 15896
0b001301 0b000101 10005 2505 65536 22499999 150572 15896
0b001401 0b000101 10005 2605 65536 22499999 150619 15896
0b001501 0b000101 10005 2705 65536 22499999 150666 15896
0b001601 0b000101 10005 2805 65536 22499999 150713 15896
0b001701 0b000101 10005 2905 65536 22499999 150760 15896
0b000401 0b000101 10006 1006 65536 22999999 151439 15896
0b000501 0b000101 10006 1106 65536 22999999 151486 15896
0b000601 0b000101 10006 1206 65536 22999999 151617 15896
0b000701 0b000101 10006 1306 65536 22999999 151664 15896
0b000801 0b000101 10006 1406 65536 22999999 151711 15896
0b000901 0b000101 10006 1506 65536 22999999 151758 15896
0b000a01 0b000101 10006 1606 65536 22999999 151805 15896
0b000b01 0b000101 10006 1706 65536 22999999 151852 15896
0b000c01 0b000101 10006 1806 65536 22999999 151899 15896
0b000d01 0b000101 10006 1906 65536 22999999 151946 15896
0b000e01 0b000101 10006 2006 65536 22999999 151993 15896
0b000f01 0b000101 10006 2106 65536 22999999 152040 15896
0b001001 0b000101 10006 2206 65536 22999999 152087 15896
0b001101 0b000101 10006 2306 65536 22999999 152218 15896
0b001201 0b000101 10006 2406 65536 22999999 152265 15896
0b001301 0b000101 10006 2506 65536 22999999 152312 15896
0b001401 0b000101 10006 2606 65536 22999999 152359 15896
0b001501 0b000101 10006 2706 65536 22999999 152406 15896
0b001601 0b000101 10006 2806 65536 22999999 152453 15896
0b001701 0b000101 10006 2906 65536 22999999 152500 15896
0b000401 0b000101 10007 1007 65536 23500000 153174 15896
0b000501 0b000101 10007 1107 65536 23500000 153221 15896
0b000601 0b000101 10007 1207 65536 23500000 153268 15896
0b000701 0b000101 10007 1307 65536 23500000 153315 15896
0b000801 0b000101 10007 1407 65536 23500000 153362 15896
0b000901 0b000101 10007 1507 65536 23500000 153409 15896
0b000a01 0b000101 10007 1607 65536 23500000 153456 15896
0b000b01 0b000101 10007 1707 65536 23500000 153503 15896
0b000c01 0b000101 10007 1807 65536 23500000 153550 15896
0b000d01 0b000101 10007 1907 65536 23500000 153597 15896
0b000e01 0b000101 10007 2007 65536 23500000 153728 15896
0b000f01 0b000101 10007 2107 65536 23500000 153775 15896
0b001001 0b000101 10007 2207 65536 23500000 153822 15896
0b001101 0b000101 10007 2307 65536 23500000 153869 15896
0b001201 0b000101 10007 2407 65536 23500000 153916 15896
0b001301 0b000101 10007 2507 65536 23500000 153963 15896
0b001401 0b000101 10007 2607 65536 23500000 154010 15896
0b001501 0b000101 10007 2707 65536 23500000 154057 15896
0b001601 0b000101 10007 2807 65536 23500000 154104 15896
0b001701 0b000101 10007 2907 65536 23500000 154235 15896
0b000301 0b000101 10000 200 209715200 0 32773458 17590845
0b000201 0b000001 10000 100 209715200 0 37940269 17590845
