0b000801 0b013c01 10000 100 2048 169 12348 12415
0b00da01 0b00ed01 10000 100 5120 10447 8561 8632
0b00db01 0b004201 10000 100 20480 11211 13877 13959
0b009301 0b009101 10000 100 51200 21847 8343 8455
0b011501 0b002b01 10000 100 20480 17982 13877 13959
0b005801 0b002e01 10000 100 204800 4247 29174 29411
0b001001 0b010b01 10000 100 102400 13695 20686 20827
0b000301 0b010601 10000 100 204800 6032 29185 29411
0b00e401 0b00ed01 10000 100 1024 33105 4179 4249
0b009901 0b009201 10000 100 5120 33982 4519 4592
0b001601 0b00c601 10000 100 51200 25314 16440 16535
0b005e01 0b000b01 10000 100 51200 26602 16444 16535
0b011101 0b00a101 10000 100 204800 17070 29177 29411
0b00e901 0b006c01 10000 100 102400 28621 20680 20827
0b003201 0b006e01 10000 100 5120 37045 12603 12672
0b010901 0b00ec01 10000 100 20480 35924 13877 13959
0b00a901 0b00a301 10000 100 204800 32078 21090 21331
0b00fa01 0b00f201 10000 100 512000 9205 46587 47086
0b005f01 0b012001 10000 100 204800 27678 29174 29411
0b000101 0b00e501 10000 100 5120 46970 13021 12672
0b013901 0b00ef01 10000 100 5120 49795 12621 12672
0b007901 0b004101 10000 100 10240 54355 8999 9061
0b011c01 0b003101 10000 100 51200 53158 16445 16535
0b00e201 0b009301 10000 100 102400 49375 20705 20827
0b002d01 0b002a01 10000 100 10240 66341 5015 5021
0b00e401 0b007001 10000 100 5120 62207 12706 12672
0b013001 0b007901 10000 100 5120 63917 12665 12672
0b00a001 0b00d901 10000 100 102400 56158 20676 20827
0b000101 0b004801 10000 100 5120 68413 12603 12672
0b012301 0b013001 10000 100 51200 69141 12614 12495
0b000101 0b013101 10000 100 204800 43808 38613 29411
0b003e01 0b001401 10000 100 10240 74127 9766 9061
0b001c01 0b012301 10000 100 204800 56187 29514 29411
0b00d001 0b007d01 10000 100 51200 73681 16449 16535
0b00db01 0b00a801 10000 100 51200 77859 16442 16535
0b00b601 0b013e01 10000 100 1024 82683 12273 12329
0b002901 0b000d01 10000 100 51200 85216 12420 12495
0b00f501 0b010301 10000 100 10240 85710 13044 13101
0b007d01 0b009901 10000 100 10240 88138 13028 13101
0b010d01 0b001401 10000 100 1048576 1321 100061 100154
0b00a601 0b00aa01 10000 100 2048 97439 4264 4335
0b00e701 0b011c01 10000 100 10240 101423 13044 13101
0b006401 0b009901 10000 100 51200 103020 16446 16535
0b012201 0b011f01 10000 100 204800 88275 33084 25371
0b001b01 0b010e01 10000 100 5120 121252 12621 12672
0b000701 0b011201 10000 100 512000 79768 54693 55166
0b00ae01 0b010201 10000 100 2048 126312 12348 12415
0b013101 0b00d501 10000 100 1048576 4270 137145 100154
0b008001 0b001401 10000 100 102400 122171 20720 20827
0b001e01 0b006a01 10000 100 2048 133947 12348 12415
0b009901 0b00fc01 10000 100 102400 127345 20685 20827
0b009c01 0b00c301 10000 100 102400 128099 20689 20827
0b007701 0b00ca01 10000 100 51200 136226 16447 16535
0b00bc01 0b00e401 10000 100 1048576 56110 99232 100154
0b006901 0b00de01 10000 100 10240 145221 13459 13101
0b001701 0b001801 10000 100 20480 153663 6863 5879
0b013a01 0b00d901 10000 100 204800 129061 35263 29411
0b001801 0b001001 10000 100 512000 119237 48279 47086
0b00aa01 0b00bf01 10000 100 102400 151569 16634 16787
0b00a101 0b00be01 10000 100 102400 151506 17545 16787
0b004301 0b00f001 10000 100 204800 123876 46132 29411
0b007301 0b00df01 10000 100 512000 112230 60495 55166
0b009401 0b001001 10000 100 20480 160065 13877 13959
0b00a001 0b00a701 10000 100 102400 164461 12592 12747
0b005301 0b00e101 10000 100 512000 124150 54671 55166
0b013f01 0b008501 10000 100 102400 159669 20681 20827
0b00b901 0b012501 10000 100 5120 169432 12966 12672
0b005801 0b00f901 10000 100 2048 176369 12348 12415
0b012001 0b003301 10000 100 10240 185201 13805 13101
0b012c01 0b00c401 10000 100 51200 189855 16427 16535
0b00fb01 0b007901 10000 100 102400 187407 20704 20827
0b004301 0b004001 10000 100 2097152 15865 195156 179988
0b007d01 0b002901 10000 100 204800 185583 29634 29411
0b00b001 0b000901 10000 100 2097152 29274 186275 188068
0b000001 0b001301 10000 100 204800 173812 42097 25371
0b000801 0b002d01 10000 100 5120 209728 8587 8632
0b003001 0b001801 10000 100 1048576 89114 133149 96114
0b010301 0b009701 10000 100 10240 212911 13394 13101
0b00be01 0b001c01 10000 100 1048576 74583 157708 100154
0b009301 0b00d401 10000 100 51200 217397 16459 16535
0b008601 0b000b01 10000 100 20480 221592 13896 13959
0b00c301 0b00ca01 10000 100 512000 194869 46587 47086
0b010a01 0b00bc01 10000 100 10240 229609 13032 13101
0b007301 0b00f201 10000 100 204800 199662 46087 29411
0b00ca01 0b00fe01 10000 100 2048 224546 21581 8375
0b005c01 0b005201 10000 100 51200 222200 25475 8455
0b00d301 0b013801 10000 100 20480 244330 13893 13959
0b004801 0b00aa01 10000 100 102400 238194 20722 20827
0b00e601 0b001f01 10000 100 2048 259081 12358 12415
0b00f301 0b003501 10000 100 5120 262854 12657 12672
0b00ef01 0b00b701 10000 100 204800 245091 32015 29411
0b001501 0b00b701 10000 100 20480 260894 16846 13959
0b013b01 0b011901 10000 100 512000 109050 170358 51126
0b002a01 0b008101 10000 100 204800 250614 30004 29411
0b004801 0b013601 10000 100 20480 269340 13897 13959
0b001101 0b006401 10000 100 512000 186837 97147 55166
0b004a01 0b009601 10000 100 2048 273934 12348 12415
0b000f01 0b000a01 10000 100 102400 289777 13920 12747
0b012401 0b013c01 10000 100 1048576 216274 95193 96114
0b012b01 0b003101 10000 100 2048 302672 12451 12415
0b002301 0b000201 10000 100 10240 308018 9405 9061
0b008701 0b007101 10000 100 20480 310507 14043 13959
0b00c601 0b012e01 10000 100 20480 311031 13883 13959
0b002901 0b003301 10000 100 10240 317692 8986 9061
0b006701 0b009b01 10000 100 2097152 104180 225334 188068
0b012001 0b005001 10000 100 51200 315015 16879 16535
0b010801 0b011c01 10000 100 512000 282054 50649 51126
0b00d801 0b000401 10000 100 20480 321059 13885 13959
0b00c701 0b00ac01 10000 100 512000 284520 54689 55166
0b001601 0b00a601 10000 100 51200 324658 16672 16535
0b009c01 0b004701 10000 100 204800 313648 29248 29411
0b00a701 0b008401 10000 100 10240 341725 8995 9061
0b011e01 0b00fe01 10000 100 204800 279012 73440 29411
0b006201 0b002101 10000 100 2048 343399 12443 12415
0b00ec01 0b002f01 10000 100 1024 343862 12263 12329
0b00ee01 0b006401 10000 100 1024 346771 12315 12329
0b000201 0b00f701 10000 100 20480 348356 14062 13959
0b004801 0b00c801 10000 100 512000 282399 81101 55166
0b006701 0b00a901 10000 100 51200 347282 20604 16535
0b00ea01 0b004a01 10000 100 102400 350070 20879 20827
0b012a01 0b00c301 10000 100 1024 360041 12280 12329
0b00f101 0b00cc01 10000 100 2097152 173188 200712 184028
0b00cc01 0b00a001 10000 100 10240 361254 13131 13101
0b001001 0b011c01 10000 100 10240 361246 13810 13101
0b003501 0b011901 10000 100 5120 364324 12643 12672
0b007001 0b011c01 10000 100 10240 364203 14694 13101
0b004c01 0b013801 10000 100 51200 364462 16642 16535
0b011b01 0b012d01 10000 100 20480 372025 12151 9919
0b013601 0b005401 10000 100 102400 363494 20713 20827
0b010201 0b009601 10000 100 512000 313011 74475 55166
0b00fb01 0b004a01 10000 100 204800 358344 29461 29411
0b009101 0b009a01 10000 100 51200 380582 8343 8455
0b00ee01 0b00a301 10000 100 20480 377366 14091 13959
0b00fd01 0b00d701 10000 100 204800 358540 35270 25371
0b00a601 0b009d01 10000 100 5120 385683 8735 8632
0b009d01 0b004f01 10000 100 2097152 77499 322625 188068
0b00aa01 0b013f01 10000 100 512000 349305 54705 55166
0b00cf01 0b00a601 10000 100 204800 378334 30795 29411
0b010001 0b00fa01 10000 100 10240 398004 13059 13101
0b011a01 0b00e401 10000 100 102400 391159 20712 20827
0b011101 0b008e01 10000 100 20480 398474 15761 13959
0b010e01 0b012801 10000 100 51200 406063 16605 12495
0b012e01 0b011601 10000 100 204800 402476 25153 25371
0b004d01 0b011801 10000 100 2048 418186 12376 12415
0b00c801 0b007801 10000 100 2048 418262 12348 12415
0b005401 0b006501 10000 100 10240 423144 8990 9061
0b011a01 0b00d601 10000 100 1024 423251 12277 12329
0b012601 0b009b01 10000 100 1048576 323653 115114 100154
0b00bd01 0b009101 10000 100 20480 439580 9837 9919
0b010301 0b009d01 10000 100 1048576 213467 241646 100154
0b009c01 0b010901 10000 100 5120 442754 12619 12672
0b008f01 0b003301 10000 100 20480 446116 13882 13959
0b002d01 0b009c01 10000 100 2048 450815 12417 12415
0b005001 0b000d01 10000 100 20480 451256 13893 13959
0b00b001 0b008e01 10000 100 1048576 367922 98654 96114
0b011901 0b00b301 10000 100 1024 466529 12331 12329
0b006101 0b004b01 10000 100 512000 401845 81088 51126
0b011f01 0b00a801 10000 100 51200 462174 21718 16535
0b010a01 0b002401 10000 100 512000 403389 81358 55166
0b010a01 0b009001 10000 100 102400 455453 29900 20827
0b00ab01 0b011c01 10000 100 1048576 358953 126425 100154
0b005801 0b010201 10000 100 2048 475146 12366 12415
0b004b01 0b00a401 10000 100 204800 450655 41029 29411
0b007001 0b005401 10000 100 5120 484735 8561 8632
0b004801 0b009201 10000 100 10240 479935 13443 13101
0b00be01 0b003101 10000 100 2097152 113871 390763 188068
0b004c01 0b009401 10000 100 10240 492492 13107 13101
0b002d01 0b012301 10000 100 204800 462338 44580 29411
0b010c01 0b003d01 10000 100 204800 465440 46134 29411
0b00dc01 0b001901 10000 100 1024 500679 12277 12329
0b006f01 0b013e01 10000 100 51200 501526 16925 16535
0b003d01 0b008801 10000 100 102400 499679 20915 20827
0b00c101 0b00eb01 10000 100 102400 505304 17605 16787
0b012d01 0b00d801 10000 100 2048 510616 12387 12415
0b00c601 0b00fe01 10000 100 51200 509635 13659 12495
0b001701 0b001501 10000 100 512000 473259 57398 47086
0b007401 0b00e401 10000 100 1024 520584 12354 12329
0b006b01 0b007e01 10000 100 2048 527016 8399 8375
0b00e901 0b009f01 10000 100 102400 514116 23517 20827
0b00f501 0b00c301 10000 100 1024 530780 8230 8289
0b00a801 0b003101 10000 100 5120 533541 12615 12672
0b010901 0b00b501 10000 100 10240 550136 13032 13101
0b00e501 0b004601 10000 100 1024 552064 12263 12329
0b008601 0b00d101 10000 100 1024 552714 12270 12329
0b00ea01 0b009101 10000 100 20480 553403 13900 13959
0b010101 0b012701 10000 100 204800 533259 34100 25371
0b012901 0b00b001 10000 100 1024 558259 12263 12329
0b00bc01 0b007a01 10000 100 102400 550545 21882 20827
0b013b01 0b003201 10000 100 512000 450877 127231 55166
0b007401 0b010001 10000 100 2048 565624 12559 12415
0b00f301 0b00eb01 10000 100 102400 553329 25092 16787
0b010a01 0b001601 10000 100 51200 550581 29042 16535
0b00e401 0b007a01 10000 100 512000 456740 130922 55166
0b001c01 0b010801 10000 100 102400 563398 26654 20827
0b013901 0b006301 10000 100 10240 577922 13412 13101
0b006901 0b00c301 10000 100 204800 562292 29286 29411
0b00a901 0b005801 10000 100 102400 574480 21524 20827
0b010401 0b003201 10000 100 10240 584126 22391 13101
0b013b01 0b003101 10000 100 1024 599759 12263 12329
0b00e501 0b006d01 10000 100 10240 600103 13133 13101
0b009301 0b012701 10000 100 512000 428081 188939 55166
0b002201 0b003601 10000 100 5120 609007 8581 8632
0b006c01 0b001301 10000 100 20480 608437 13941 13959
0b005501 0b007601 10000 100 1048576 527489 95447 96114
0b012001 0b00d701 10000 100 102400 601826 21348 20827
0b002e01 0b006601 10000 100 204800 551494 73247 29411
0b011901 0b000101 10000 100 10240 614713 14111 13101
0b00d301 0b001e01 10000 100 102400 609301 20704 20827
0b011801 0b012501 10000 100 512000 542915 91740 51126
0b000901 0b00f101 10000 100 1024 627176 12392 12329
0b002e01 0b000b01 10000 100 2097152 375507 265313 184028
0b011901 0b00fc01 10000 100 51200 626518 16661 16535
0b011c01 0b011401 10000 100 512000 600752 47339 47086
0b00f701 0b006b01 10000 100 51200 633237 17642 16535
0b008401 0b011201 10000 100 20480 641605 14088 13959
0b006401 0b004001 10000 100 51200 643794 16611 12495
0b004501 0b003b01 10000 100 204800 638338 29233 29411
0b00b501 0b00a301 10000 100 1048576 187232 484621 96114
0b00f701 0b011301 10000 100 102400 651448 22869 20827
0b006901 0b000201 10000 100 2048 663196 12409 12415
0b006501 0b000a01 10000 100 102400 649157 26818 20827
0b00eb01 0b008a01 10000 100 102400 652871 24043 20827
0b008901 0b011e01 10000 100 51200 659446 21324 16535
0b00f001 0b005501 10000 100 5120 668824 12635 12672
0b007e01 0b000301 10000 100 51200 666684 16799 16535
0b011e01 0b004101 10000 100 204800 646805 38522 29411
0b012901 0b00e001 10000 100 204800 651457 34586 29411
0b00ae01 0b003901 10000 100 204800 656576 29881 29411
0b00f401 0b007001 10000 100 102400 659936 26901 20827
0b008301 0b013501 10000 100 51200 670905 17008 16535
0b009301 0b000901 10000 100 10240 680357 13314 13101
0b010101 0b00fc01 10000 100 2048 682107 12360 12415
0b004901 0b00ed01 10000 100 512000 603200 95059 55166
0b004401 0b00b101 10000 100 20480 685564 13911 13959
0b003601 0b011a01 10000 100 512000 647938 57112 55166
0b007101 0b009c01 10000 100 5120 695956 12624 12672
0b013c01 0b013201 10000 100 1024 714250 4179 4249
0b00c701 0b003501 10000 100 51200 704300 16458 16535
0b004401 0b011d01 10000 100 5120 708520 12698 12672
0b00c401 0b008401 10000 100 204800 690478 30872 29411
0b00e001 0b00c401 10000 100 5120 717634 8582 8632
0b007c01 0b002401 10000 100 20480 712942 14126 13959
0b000301 0b00d601 10000 100 204800 693628 35044 29411
0b003201 0b010c01 10000 100 5120 716384 12924 12672
0b00c201 0b00a001 10000 100 2048 720882 12431 12415
0b002701 0b00f601 10000 100 51200 719037 17269 16535
0b00a601 0b00a701 10000 100 20480 732962 5801 5879
0b002b01 0b009d01 10000 100 204800 715477 31941 29411
0b002101 0b00ee01 10000 100 20480 736820 14064 13959
0b010c01 0b013301 10000 100 512000 678093 76319 51126
0b007301 0b012201 10000 100 10240 746696 13664 13101
0b011301 0b005b01 10000 100 512000 648007 112514 55166
0b000701 0b001601 10000 100 1024 745292 17353 8289
0b007a01 0b007e01 10000 100 5120 765951 4602 4592
0b012a01 0b011b01 10000 100 512000 100419 670708 51126
0b007701 0b00a501 10000 100 1048576 371829 403314 100154
0b005a01 0b008801 10000 100 1048576 578726 197447 100154
0b006f01 0b00ec01 10000 100 2048 764126 12348 12415
0b004e01 0b00d401 10000 100 10240 765123 13037 13101
0b003b01 0b00fe01 10000 100 102400 758827 21676 20827
0b004401 0b00b601 10000 100 1048576 149821 635162 100154
0b012701 0b00e201 10000 100 20480 775156 13877 13959
0b011d01 0b011501 10000 100 1024 790820 4179 4249
0b00c001 0b012201 10000 100 5120 782538 12698 12672
0b00b901 0b00b701 10000 100 1024 784685 13831 4249
0b001201 0b011101 10000 100 10240 791022 13043 13101
0b005d01 0b013901 10000 100 102400 783462 20746 20827
0b00f901 0b008a01 10000 100 51200 788720 16635 16535
0b00f601 0b006f01 10000 100 20480 792094 14134 13959
0b004201 0b011f01 10000 100 512000 379660 429082 55166
0b010f01 0b00d901 10000 100 1024 806202 12263 12329
0b006d01 0b000901 10000 100 512000 600371 220504 55166
0b00cd01 0b00b101 10000 100 1024 810397 12390 12329
0b005b01 0b011801 10000 100 51200 808823 16601 16535
0b003d01 0b007801 10000 100 5120 812935 15847 12672
0b010c01 0b00f801 10000 100 20480 819087 14324 13959
0b001001 0b012301 10000 100 102400 814269 21032 20827
0b002401 0b007a01 10000 100 51200 818521 17016 16535
0b007401 0b00ed01 10000 100 102400 818525 22039 20827
0b00e501 0b005401 10000 100 512000 638278 206613 55166
0b00ab01 0b00b601 10000 100 51200 832757 12428 12495
0b00f401 0b007201 10000 100 20480 835077 14120 13959
0b012401 0b002e01 10000 100 2048 838092 12348 12415
0b00c101 0b005801 10000 100 2048 838653 12461 12415
0b00b401 0b00c901 10000 100 1048576 260867 591278 100154
0b00e801 0b00c101 10000 100 51200 840216 12571 12495
0b007101 0b008301 10000 100 204800 823938 29254 29411
0b00d401 0b004201 10000 100 2048 841591 12348 12415
0b005e01 0b005d01 10000 100 512000 803815 51484 47086
0b006701 0b012d01 10000 100 2097152 239065 618528 188068
0b004b01 0b010f01 10000 100 5120 847057 12606 12672
0b00e401 0b004401 10000 100 20480 852347 13989 13959
0b004501 0b00c001 10000 100 5120 850880 16879 12672
0b010501 0b009501 10000 100 10240 844138 23737 13101
0b006b01 0b00ac01 10000 100 20480 856690 14126 13959
0b011e01 0b000901 10000 100 51200 855512 16829 16535
0b00a101 0b000f01 10000 100 20480 859706 13993 13959
0b001101 0b000801 10000 100 20480 864963 11564 9919
0b00ad01 0b004001 10000 100 20480 862774 14540 13959
0b006001 0b00d501 10000 100 51200 862815 16963 16535
0b011401 0b00db01 10000 100 2048 871460 12360 12415
0b012e01 0b008401 10000 100 20480 870884 13965 13959
0b009301 0b013c01 10000 100 512000 830947 55867 55166
0b002101 0b00de01 10000 100 204800 856789 32563 29411
0b002e01 0b00d801 10000 100 2048 880284 12348 12415
0b00fc01 0b007601 10000 100 51200 878619 16716 16535
0b00b101 0b011001 10000 100 102400 873950 22949 20827
0b010b01 0b00d101 10000 100 10240 886313 13031 13101
0b005201 0b009f01 10000 100 204800 873309 32271 29411
0b012101 0b004a01 10000 100 10240 896008 13124 13101
0b005a01 0b007b01 10000 100 10240 906400 9243 9061
0b001601 0b00e901 10000 100 512000 807811 110886 55166
0b003601 0b00ee01 10000 100 204800 869957 53012 29411
0b001601 0b00e001 10000 100 1048576 606339 320295 100154
0b002901 0b003301 10001 100 51200 916524 12482 12495
0b004d01 0b012d01 10000 100 5120 919391 13004 12672
0b00bf01 0b00ba01 10000 100 204800 910581 22342 21331
0b008101 0b004a01 10000 100 10240 922803 13092 13101
0b004801 0b00b801 10000 100 20480 923705 14030 13959
0b000201 0b010d01 10000 100 1048576 796906 143191 100154
0b002201 0b010a01 10000 100 102400 911905 29140 20827
0b008201 0b002e01 10000 100 51200 922260 20665 16535
0b00c901 0b00a801 10000 100 102400 917943 29385 20827
0b00d901 0b013601 10000 100 51200 938386 17226 16535
0b00fb01 0b004601 10000 100 2048 934144 22802 12415
0b011b01 0b007601 10000 100 20480 943813 14718 13959
0b012201 0b001d01 10000 100 10240 945422 13217 13101
0b00f001 0b000201 10000 100 1024 952698 12321 12329
0b012601 0b00a201 10000 100 102400 958813 22008 20827
0b010801 0b008301 10000 100 51200 964422 16639 16535
0b005601 0b008901 10000 100 51200 965092 16772 16535
0b009e01 0b009701 10000 100 2097152 801366 180909 179988
0b001001 0b010301 10000 100 51200 965784 16636 16535
0b001901 0b009101 10000 100 10240 980668 13062 13101
0b001b01 0b011701 10000 100 1048576 400605 593692 100154
0b00ed01 0b00fa01 10000 100 204800 969414 31325 25371
0b013a01 0b007c01 10000 100 204800 973775 29246 29411
0b000e01 0b00c501 10000 100 204800 971329 31937 29411
0b001501 0b009701 10000 100 5120 991824 13469 12672
0b00be01 0b002501 10000 100 20480 993668 13976 13959
0b00eb01 0b013e01 10000 100 1048576 571770 439467 100154
0b001501 0b011e01 10000 100 204800 957583 53874 29411
0b009d01 0b001b01 10000 100 2048 999770 12522 12415
0b003f01 0b000201 10000 100 512000 657394 357319 51126
0b009a01 0b006d01 10000 100 102400 993778 21178 20827
0b004501 0b003d01 10000 100 102400 992915 27478 20827
0b008301 0b010d01 10000 100 512000 527841 492944 55166
0b00fb01 0b003201 10000 100 204800 948521 74979 29411
0b00eb01 0b00d201 10000 100 51200 1011759 12669 12495
0b006e01 0b007b01 10000 100 20480 1014906 10009 9919
0b00c001 0b012f01 10000 100 51200 1008861 16690 16535
0b00e701 0b010101 10000 100 512000 656898 370102 55166
0b00e901 0b00f701 10000 100 1024 1018997 8221 8289
0b00aa01 0b005101 10000 100 102400 1005594 21779 20827
0b00da01 0b005f01 10000 100 1048576 914375 114978 100154
0b00a601 0b00a901 10000 100 512000 977526 51957 47086
0b00e801 0b00ca01 10000 100 102400 1015873 16818 16787
0b005c01 0b00f301 10000 100 20480 1025248 14060 13959
0b000b01 0b00d601 10000 100 2048 1028747 12548 12415
0b009d01 0b005501 10000 100 1024 1032123 12263 12329
0b000701 0b000a01 10000 100 51200 1036473 8675 8455
0b003401 0b009a01 10000 100 102400 1027883 22058 20827
0b000901 0b00d401 10000 100 102400 1021161 29146 20827
0b00bf01 0b00c901 10000 100 512000 947454 105261 55166
0b00c001 0b003801 10000 100 102400 1033833 21100 20827
0b008801 0b008401 10000 100 204800 1028585 26734 21331
0b007101 0b003b01 10000 100 51200 1039278 16472 16535
0b013101 0b002701 10000 100 2048 1041042 16251 12415
0b010101 0b005701 10000 100 51200 1044306 16617 16535
0b00ab01 0b010f01 10000 100 51200 1051115 17257 16535
0b00c201 0b002f01 10000 100 5120 1049421 19990 12672
0b004e01 0b013b01 10000 100 51200 1054412 16864 16535
0b002301 0b00a901 10000 100 1024 1062919 12263 12329
0b00ba01 0b013801 10000 100 204800 1052393 29464 29411
0b00ff01 0b00a501 10000 100 102400 1063920 21356 20827
0b013001 0b004d01 10000 100 51200 1070760 17057 16535
0b00df01 0b00d701 10000 100 512000 1047654 49206 47086
0b00ae01 0b013901 10000 100 20480 1084724 13924 13959
0b002401 0b004901 10000 100 5120 1088189 12607 12672
0b00cd01 0b009801 10000 100 10240 1089342 13108 13101
0b012901 0b00e001 10001 100 2048 1091678 12348 12415
0b013e01 0b003d01 10000 100 5120 1092616 12696 12672
0b010f01 0b009101 10000 100 20480 1090950 14950 13959
0b006801 0b006b01 10000 100 102400 1092815 13484 12747
0b00fd01 0b000301 10000 100 10240 1094242 13130 13101
0b002001 0b006c01 10000 100 512000 997389 110366 55166
0b007b01 0b00c901 10000 100 204800 1081085 29638 29411
0b006d01 0b001d01 10000 100 204800 1068942 42742 29411
0b00c801 0b007501 10000 100 20480 1099670 14093 13959
0b00a601 0b013a01 10000 100 204800 1079344 36777 29411
0b00b101 0b000901 10000 100 102400 1103884 21813 20827
0b010401 0b004001 10000 100 10240 1118981 13178 13101
0b012f01 0b005001 10000 100 10240 1119807 13059 13101
0b008701 0b012201 10000 100 1048576 540078 593727 100154
0b00e101 0b004f01 10000 100 5120 1122303 12622 12672
0b004501 0b002101 10000 100 204800 1093608 45797 29411
0b00e201 0b004301 10000 100 1048576 835864 306218 100154
0b012f01 0b009b01 10000 100 2048 1130525 12348 12415
0b00fc01 0b008701 10000 100 102400 1123883 21555 20827
0b001a01 0b009b01 10000 100 512000 874513 272354 55166
0b007e01 0b007101 10000 100 204800 1125523 21758 21331
0b011101 0b006201 10000 100 10240 1125312 22386 13101
0b000c01 0b009c01 10000 100 10240 1140381 13048 13101
0b00c901 0b000001 10000 100 204800 1104628 51832 29411
0b00f101 0b00d401 10000 100 51200 1144704 16803 12495
0b006e01 0b000b01 10000 100 1024 1150006 12263 12329
0b002c01 0b004301 10000 100 204800 1127526 37112 29411
0b006d01 0b003001 10000 100 10240 1154365 13130 13101
0b00e501 0b013b01 10000 100 512000 889425 279357 55166
0b00c001 0b003301 10000 100 10240 1141894 27130 13101
0b001501 0b013501 10000 100 102400 1139199 30454 20827
0b010401 0b008a01 10000 100 102400 1150589 20945 20827
0b010d01 0b003b01 10000 100 102400 1152014 21382 20827
0b002301 0b00ea01 10000 100 204800 1138555 35245 29411
0b00c301 0b004c01 10000 100 204800 1080056 98218 29411
0b011001 0b00fb01 10000 100 102400 1160058 21296 20827
0b007201 0b010801 10000 100 204800 1157969 32081 29411
0b012a01 0b004001 10000 100 5120 1180068 12612 12672
0b00c501 0b007d01 10000 100 5120 1182317 12612 12672
0b004001 0b001801 10000 100 2097152 241138 959672 188068
0b00fd01 0b000c01 10000 100 51200 1184954 16474 16535
0b008901 0b000701 10000 100 102400 1183060 20880 20827
0b000d01 0b00c701 10000 100 102400 1182455 21755 20827
0b006801 0b007401 10000 100 10240 1205148 9104 9061
0b00ca01 0b003c01 10000 100 5120 1211906 12780 12672
0b013801 0b006d01 10000 100 5120 1212725 12640 12672
0b012c01 0b001301 10000 100 102400 1207584 21632 20827
0b007e01 0b009701 10000 100 102400 1215148 20738 20827
0b002501 0b011601 10000 100 51200 1223612 16676 16535
0b000001 0b005301 10000 100 1024 1229653 12269 12329
0b00aa01 0b004701 10000 100 10240 1231660 13058 13101
0b001901 0b00d901 10000 100 2048 1237697 12481 12415
0b005001 0b001401 10000 100 5120 1241013 12619 12672
0b006401 0b004601 10000 100 1048576 406769 850134 96114
0b002301 0b00cf01 10000 100 2048 1245662 12431 12415
0b001901 0b005401 10000 100 20480 1243935 14719 13959
0b011801 0b00e001 10000 100 20480 1248055 14155 13959
0b007601 0b002401 10000 100 5120 1250671 12966 12672
0b00a301 0b011a01 10000 100 102400 1244990 21306 20827
0b001b01 0b00c801 10000 100 204800 1221063 46129 29411
0b005001 0b006e01 10000 100 5120 1261158 9661 8632
0b011001 0b002601 10001 100 20480 1260162 14237 13959
0b00a201 0b00a101 10000 100 51200 1262188 12839 8455
0b00af01 0b00d501 10000 100 102400 1255175 21689 20827
0b005101 0b009d01 10000 100 10240 1265050 13285 13101
0b00ff01 0b007c01 10000 100 204800 1246981 32117 29411
0b008001 0b012601 10000 100 2048 1267143 12401 12415
0b00da01 0b009d01 10000 100 1048576 644815 635485 100154
0b009a01 0b00dd01 10000 100 2048 1268526 12348 12415
0b009d01 0b006001 10000 100 20480 1267754 14041 13959
0b010201 0b001201 10000 100 51200 1262822 20627 16535
0b000f01 0b00e601 10000 100 102400 1268552 21221 20827
0b010401 0b001501 10000 100 204800 1248339 43116 29411
0b012f01 0b000e01 10000 100 204800 1236464 57078 29411
0b00e601 0b005d01 10000 100 204800 1263851 31955 29411
0b00e301 0b00e201 10000 100 10240 1290191 5809 5021
0b002101 0b001501 10000 100 51200 1285115 16670 12495
0b010201 0b009101 10000 100 512000 1243624 59051 55166
0b003401 0b008601 10000 100 51200 1288810 16619 16535
0b00e301 0b006901 10000 100 204800 1279238 35432 29411
0b013a01 0b00b401 10000 100 2048 1302851 12521 12415
0b013a01 0b006b01 10000 100 102400 1297830 21544 20827
0b011201 0b012801 10000 100 102400 1302039 18013 16787
0b010701 0b009301 10000 100 2048 1308095 12348 12415
0b013c01 0b007201 10000 100 102400 1293990 29564 20827
0b00b401 0b013901 10000 100 51200 1303916 20741 16535
0b005501 0b013d01 10000 100 204800 1298129 29242 29411
0b000801 0b011201 10000 100 204800 1297989 29640 29411
0b002401 0b002101 10000 100 5120 1323862 4706 4592
0b00bc01 0b007501 10000 100 51200 1309786 19306 16535
0b004401 0b00ff01 10000 100 2048 1316944 12495 12415
0b004901 0b00e401 10000 100 512000 795128 536283 55166
0b012b01 0b011101 10000 100 51200 1307042 25753 12495
0b00c301 0b013001 10000 100 102400 1302248 30961 20827
0b00eb01 0b005e01 10000 100 10240 1321099 13134 13101
0b013a01 0b00dd01 10000 100 102400 1315519 21320 20827
0b006501 0b012101 10000 100 2048 1326792 12348 12415
0b005e01 0b005101 10000 100 51200 1333124 8782 8455
0b011401 0b009101 10000 100 5120 1333945 12792 12672
0b005801 0b004801 10000 100 51200 1335217 12721 12495
0b003801 0b013c01 10000 100 2048 1343664 12348 12415
0b010101 0b00a301 10000 100 10240 1343280 13194 13101
0b00bb01 0b00b701 10000 100 10485760 307847 1048967 883287
0b003a01 0b003201 10000 100 10485760 337413 1022425 883287
0b013801 0b004901 10000 100 204800 1332304 29366 29411
0b00c801 0b00f601 10000 100 1024 1361393 8221 8289
0b00f401 0b006401 10000 100 512000 1133874 236753 55166
0b00f201 0b00be01 10000 100 1024 1359154 12302 12329
0b00c301 0b00c001 10000 100 5242880 816184 556229 443723
0b003701 0b00ad01 10000 100 20480 1361243 13995 13959
0b009e01 0b002f01 10000 100 10240 1362272 14085 13101
0b00bf01 0b00fd01 10000 100 51200 1367977 18437 16535
0b00e101 0b002701 10000 100 5120 1366075 20410 12672
0b010801 0b011d01 10000 100 20480 1385230 9892 9919
0b005d01 0b00ee01 10000 100 102400 1377004 23996 20827
0b001801 0b00c501 10000 100 20480 1386880 15722 13959
0b010e01 0b013b01 10000 100 1048576 387620 1015462 96114
0b00f201 0b004701 10000 100 5120 1393698 12681 12672
0b001401 0b012b01 10000 100 5120 1397442 12712 12672
0b002301 0b001501 10000 100 102400 1393188 17893 16787
0b001e01 0b000501 10000 100 204800 1385373 32322 25371
0b00be01 0b00b101 10000 100 204800 1394779 22950 21331
0b00ed01 0b00eb01 10000 100 102400 1404766 13067 12747
0b00a701 0b006c01 10000 100 1048576 176632 1244240 100154
0b00c301 0b00fc01 10000 100 20480 1412337 9938 9919
0b003001 0b002001 10000 100 512000 1177536 246682 51126
0b006f01 0b002501 10000 100 10240 1412255 13047 13101
0b00e901 0b00bc01 10000 100 5120 1414562 12744 12672
0b00c501 0b001701 10000 100 10240 1416726 13047 13101
0b004401 0b00b201 10000 100 20480 1416703 13965 13959
0b00df01 0b003101 10000 100 1024 1422487 12263 12329
0b009401 0b001701 10000 100 5120 1423743 12690 12672
0b00fb01 0b00f001 10000 100 5120 1436093 4689 4592
0b00a201 0b00ac01 10000 100 2097152 1222011 219876 179988
0b001401 0b00eb01 10000 100 102400 1423177 21371 20827
0b008d01 0b002c01 10000 100 102400 1424535 21501 20827
0b00bc01 0b00be01 10000 100 512000 1402582 52387 47086
0b003301 0b003501 10000 100 5120 1461166 4804 4592
0b012001 0b005101 10001 100 102400 1447462 22473 20827
0b00ad01 0b005201 10000 100 5120 1463736 12612 12672
0b009601 0b007f01 10000 100 512000 525037 954246 55166
0b002401 0b007801 10000 100 5120 1461108 22401 12672
0b00d801 0b011b01 10000 100 20480 1470037 13976 13959
0b011a01 0b003b01 10000 100 20480 1469038 15527 13959
0b010001 0b006101 10000 100 204800 1439444 45351 29411
0b004001 0b000701 10000 100 5120 1477114 12608 12672
0b002201 0b00c401 10000 100 10240 1478497 14111 13101
0b008f01 0b009d01 10000 100 1048576 1370178 133113 96114
0b002501 0b011c01 10000 100 102400 1484597 21051 20827
0b00bf01 0b00eb01 10000 100 512000 229442 1276265 55166
0b006e01 0b00f401 10000 100 102400 1487798 27111 20827
0b009501 0b006101 10000 100 512000 1310701 216068 55166
0b00d301 0b004701 10000 100 204800 1485954 49643 29411
0b00d701 0b001601 10000 100 204800 1003958 554418 29411
0b013e01 0b003401 10000 100 512000 957854 613919 55166
0b004401 0b013301 10000 100 512000 1056321 515978 55166
0b012101 0b008d01 10000 100 2097152 192966 1399871 188068
0b011201 0b002401 10000 100 1048576 636902 959989 100154
0b003801 0b00d701 10000 100 2097152 222619 1387529 188068
0b000001 0b00ac01 10000 100 1048576 651707 962038 100154
0b012d01 0b012301 10000 100 5242880 1151894 470099 443723
0b005a01 0b00e601 10000 100 512000 828423 807897 55166
0b009b01 0b006d01 10000 100 1048576 704706 934799 100154
0b00c401 0b00be01 10000 100 2097152 261666 1392081 188068
0b010d01 0b012d01 10000 100 1048576 1159803 508459 96114
0b00e301 0b00cb01 10000 100 512000 1364200 322676 51126
0b00bc01 0b009501 10000 100 1048576 1037680 663688 96114
0b013e01 0b013501 10000 100 5242880 1268040 462702 443723
0b011501 0b00ac01 10000 100 512000 1327323 462987 55166
0b012a01 0b00f401 10000 100 512000 1489567 303121 55166
0b00fb01 0b005401 10000 100 1048576 1201164 594385 100154
0b002b01 0b002f01 10000 100 10485760 843453 956325 883287
0b00f401 0b003c01 10000 100 512000 1077508 737079 55166
0b000301 0b00ac01 10000 100 1048576 839386 1044664 100154
0b00d201 0b00cb01 10000 100 5242880 935642 980928 447763
0b011501 0b002601 10000 100 1048576 905589 1016042 100154
0b010701 0b002c01 10000 100 1048576 596368 1325777 100154
0b010a01 0b010901 10000 100 5242880 1472891 453223 443723
0b007601 0b007201 10000 100 10485760 960887 966502 883287
0b002201 0b00b401 10000 100 1048576 903508 1057923 100154
0b005801 0b00fd01 10000 100 512000 1459351 528572 55166
0b006c01 0b00b701 10000 100 1048576 189416 1802069 100154
0b00d201 0b002001 10000 100 2097152 446417 1554603 188068
0b001101 0b001601 10000 100 20000000 146811 1884756 1680960
0b00da01 0b007101 10000 100 512000 1400729 641261 55166
0b00da01 0b006801 10000 100 512000 597161 1492281 55166
0b009d01 0b011a01 10000 100 5242880 33166 2064505 451803
0b00c901 0b008301 10000 100 1048576 893559 1209638 100154
0b00b401 0b00b901 10000 100 10485760 1081076 1025822 883287
0b00e201 0b012301 10000 100 2097152 897429 1213188 188068
0b000601 0b007701 10000 100 1048576 961579 1177227 100154
0b00fb01 0b007501 10000 100 1048576 941930 1239833 100154
0b000901 0b000e01 10000 100 20000000 481667 1701091 1680960
0b007201 0b002001 10000 100 5242880 6789 2177116 451803
0b00a701 0b008b01 10000 100 1048576 1061543 1128713 96114
0b006201 0b00f501 10000 100 1048576 712203 1492481 100154
0b00e101 0b00d201 10000 100 1048576 1199561 1039747 96114
0b000401 0b006001 10000 100 1048576 809273 1475227 100154
0b00b101 0b008501 10000 100 1048576 1235346 1063475 96114
0b005c01 0b00ca01 10000 100 1048576 628831 1671369 100154
0b00fe01 0b008901 10000 100 1048576 416307 1919728 100154
0b000401 0b00c601 10000 100 1048576 613553 1726714 100154
0b013601 0b00c601 10000 100 2097152 841861 1505101 188068
0b009801 0b009501 10000 100 20000000 363085 1986174 1680960
0b002201 0b002a01 10000 100 10485760 1368314 987445 883287
0b006701 0b00fe01 10000 100 1048576 1060846 1316740 100154
0b00cc01 0b007401 10000 100 2097152 496027 1941882 188068
0b013c01 0b008401 10000 100 1048576 592425 1865227 100154
0b003201 0b006a01 10000 100 2097152 635244 1825441 188068
0b00c301 0b007901 10000 100 2097152 635971 1825809 188068
0b002201 0b003001 10000 100 1048576 1180618 1297758 96114
0b00b901 0b002001 10000 100 1048576 927906 1561000 100154
0b003701 0b001a01 10000 100 1048576 1380586 1120052 96114
0b00d401 0b006c01 10000 100 1048576 1072826 1430275 100154
0b007f01 0b007801 10000 100 20000000 724648 1807861 1680960
0b004f01 0b012d01 10000 100 1048576 168170 2369417 100154
0b00ba01 0b00d101 10000 100 5242880 74727 2471631 451803
0b011f01 0b00f201 10000 100 2097152 456505 2106747 188068
0b001501 0b001f01 10000 100 20000000 640920 1943003 1680960
0b004d01 0b004501 10000 100 20000000 717746 1876250 1680960
0b00ff01 0b007101 10000 100 2097152 72802 2528509 188068
0b00d301 0b00db01 10000 100 10485760 1491649 1111976 883287
0b011e01 0b003201 10000 100 2097152 1052175 1586415 188068
0b002101 0b002701 10000 100 20000000 956856 1724196 1680960
0b005a01 0b000401 10000 100 2097152 624977 2064303 188068
0b002401 0b00a701 10000 100 2097152 1092768 1674576 188068
0b006101 0b003401 10000 100 512000 668767 2114475 55166
0b00ef01 0b00cc01 10000 100 5242880 461337 2369542 447763
0b012701 0b003301 10000 100 1048576 1133560 1700047 100154
0b013001 0b012b01 10000 100 2097152 1466096 1403895 184028
0b006601 0b00ad01 10000 100 2097152 1486635 1415257 188068
0b011a01 0b011101 10000 100 20000000 930752 1973807 1680960
0b006b01 0b009f01 10000 100 2097152 1126012 1778993 188068
0b009a01 0b002301 10000 100 2097152 472381 2441182 188068
0b007b01 0b012201 10000 100 5242880 39316 2876220 451803
0b004901 0b007b01 10000 100 5242880 128166 2799671 447763
0b003a01 0b010d01 10000 100 5242880 657364 2325056 451803
0b00ea01 0b000401 10000 100 2097152 1377584 1608069 188068
0b00f701 0b000a01 10000 100 1048576 1040839 1965139 100154
0b011d01 0b001401 10000 100 1048576 689440 2344125 100154
0b00a001 0b001f01 10000 100 5242880 373197 2720446 451803
0b00bb01 0b00f201 10000 100 2097152 1294339 1805847 188068
0b009201 0b001601 10000 100 1048576 372123 2738787 100154
0b011501 0b012101 10000 100 2097152 1217659 1898115 184028
0b00d901 0b00a601 10000 100 2097152 420483 2698386 188068
0b009401 0b00bb01 10000 100 5242880 229039 2915902 447763
0b000e01 0b003d01 10000 100 2097152 196884 3000810 184028
0b003101 0b00de01 10000 100 5242880 244640 2978350 451803
0b005201 0b005101 10000 100 20000000 1491043 1779285 1680960
0b00f601 0b004001 10000 100 2097152 627130 2674507 188068
0b009b01 0b001201 10000 100 1048576 1312568 2007073 100154
0b006701 0b010401 10000 100 1048576 978562 2422786 100154
0b008901 0b005f01 10000 100 1048576 656998 2771219 100154
0b005001 0b013e01 10000 100 2097152 1156984 2291283 188068
0b000001 0b002c01 10000 100 10485760 25697 3533609 887327
0b001f01 0b00df01 10000 100 5242880 1024125 2542579 451803
0b003f01 0b00da01 10000 100 5242880 933824 2684213 451803
0b013901 0b011d01 10000 100 2097152 808799 2810965 184028
0b001101 0b011b01 10000 100 1048576 1304056 2347843 100154
0b002601 0b000101 10001 100 2097152 1438433 2332060 184028
0b005a01 0b006901 10000 100 5242880 1443704 2346462 447763
0b00c101 0b001101 10000 100 5242880 965623 2905160 451803
0b00c301 0b004701 10000 100 2097152 795791 3172112 188068
0b002601 0b001101 10000 100 2097152 895417 3078320 184028
0b011201 0b005a01 10000 100 5242880 1430452 2562691 451803
0b00f601 0b009901 10000 100 1048576 966979 3030498 100154
0b00aa01 0b006601 10000 100 2097152 866130 3142571 188068
0b00b301 0b00f301 10000 100 5242880 280443 3776428 451803
0b006101 0b00f601 10000 100 2097152 374626 3721626 188068
0b012001 0b005101 10000 100 2097152 1045265 3055931 188068
0b009101 0b002001 10000 100 1048576 616138 3498486 100154
0b007301 0b010f01 10000 100 5242880 553701 3601499 451803
0b011001 0b002601 10000 100 1048576 870988 3344170 100154
0b007401 0b004601 10000 100 10485760 883051 3458318 887327
0b006301 0b010801 10000 100 2097152 500045 3914503 188068
0b010101 0b00ee01 10000 100 2097152 431520 3998887 188068
0b002001 0b009001 10000 100 2097152 173281 4282830 188068
0b006801 0b00de01 10000 100 5242880 74441 4407377 451803
0b005401 0b009a01 10000 100 2097152 571779 3925251 188068
0b00ad01 0b004c01 10000 100 2097152 829424 3670228 188068
0b002701 0b00cc01 10000 100 2097152 417673 4164863 188068
0b011801 0b000801 10000 100 2097152 544456 4073736 188068
0b009701 0b00d901 10000 100 5242880 204209 4439262 451803
0b008501 0b009001 10000 100 10485760 294321 4349754 887327
0b002d01 0b011601 10000 100 5242880 863830 3820744 451803
0b00aa01 0b000901 10000 100 10485760 698137 4017196 891367
0b000201 0b001201 10000 100 10485760 147314 4584905 887327
0b00f401 0b005601 10000 100 2097152 605720 4134143 188068
0b00e601 0b005101 10000 100 5242880 625947 4151854 451803
0b005101 0b013601 10000 100 2097152 627759 4185466 188068
0b007301 0b011901 10000 100 5242880 558739 4268696 451803
0b007501 0b013001 10000 100 2097152 1167627 3743488 188068
0b003301 0b00aa01 10000 100 2097152 456385 4459959 188068
0b011101 0b00ed01 10000 100 2097152 1079785 3850788 188068
0b00ba01 0b004401 10000 100 1048576 1247583 3715364 100154
0b003f01 0b010201 10000 100 2097152 812161 4191807 188068
0b002601 0b005e01 10000 100 2097152 1478212 3535824 188068
0b00af01 0b002f01 10000 100 2097152 583383 4449394 188068
0b001f01 0b007e01 10000 100 5242880 14527 5048344 451803
0b000301 0b00f901 10000 100 2097152 750285 4317539 188068
0b00e401 0b010a01 10000 100 2097152 601541 4523056 188068
0b00cc01 0b013701 10000 100 10485760 1100780 4057242 891367
0b007301 0b001c01 10000 100 10485760 148882 5048817 891367
0b00ae01 0b010801 10000 100 10485760 566699 4635855 891367
0b010a01 0b007801 10000 100 5242880 1047673 4233473 451803
0b001701 0b00fe01 10000 100 5242880 163273 5119338 451803
0b00a601 0b004401 10000 100 2097152 889849 4496374 188068
0b00fa01 0b006301 10000 100 5242880 523392 4917591 451803
0b00d101 0b001f01 10000 100 10485760 1473810 3980921 891367
0b00a801 0b00c201 10000 100 2097152 1121636 4425190 188068
0b011e01 0b00e201 10000 100 2097152 225966 5435018 188068
0b00c101 0b006801 10000 100 5242880 26666 5692757 451803
0b008701 0b007001 10000 100 1048576 871067 4859165 100154
0b007801 0b011901 10000 100 5242880 965214 4775770 451803
0b00f701 0b003c01 10000 100 2097152 1188295 4555172 188068
0b004801 0b006801 10000 100 10485760 298418 5496791 887327
0b00e401 0b012e01 10000 100 5242880 534074 5283075 451803
0b012401 0b003301 10000 100 5242880 1459493 4560081 451803
0b00bd01 0b00f701 10000 100 5242880 482355 5601990 451803
0b012201 0b002901 10000 100 10485760 513904 5613929 891367
0b002601 0b000101 10000 100 10485760 1101135 5032058 887327
0b005c01 0b000201 10000 100 5242880 899776 5243824 451803
0b00ef01 0b000201 10000 100 2097152 824762 5319590 188068
0b00fa01 0b00cf01 10000 100 10485760 516046 5646699 887327
0b00ad01 0b005901 10000 100 10485760 538438 5655175 891367
0b012501 0b00db01 10000 100 5242880 1024071 5225170 451803
0b012401 0b00e301 10000 100 2097152 1166158 5089835 188068
0b00f701 0b00b901 10000 100 20000000 511290 5775802 1689040
0b001501 0b006201 10000 100 10485760 545708 5800548 891367
0b010c01 0b002001 10000 100 10485760 514952 5855914 891367
0b012201 0b009601 10000 100 5242880 659578 5820492 451803
0b00f101 0b013001 10000 100 5242880 602931 5883874 451803
0b00a501 0b00da01 10000 100 5242880 1261282 5274470 451803
0b00b901 0b005101 10000 100 10485760 627941 5977063 891367
0b00ff01 0b001701 10000 100 5242880 13176 6622346 451803
0b006401 0b00be01 10000 100 2097152 682072 5962479 188068
0b013001 0b00df01 10000 100 5242880 1030111 5639771 451803
0b007c01 0b00ec01 10000 100 2097152 597088 6077956 188068
0b006201 0b00a601 10000 100 10485760 1040094 5729851 891367
0b001101 0b002b01 10000 100 2097152 1262270 5508914 184028
0b012c01 0b00eb01 10000 100 10485760 351264 6505880 891367
0b00a001 0b00c301 10000 100 5242880 1208015 5674898 451803
0b00bf01 0b010f01 10000 100 2097152 1370817 5572684 188068
0b013d01 0b011001 10000 100 10485760 412817 6564079 887327
0b004901 0b00f101 10000 100 10485760 16754 7012998 891367
0b00dd01 0b003901 10000 100 2097152 571726 6534660 188068
0b00e501 0b010501 10000 100 10485760 129528 7116960 891367
0b00b401 0b013a01 10000 100 10485760 773530 6502327 891367
0b001001 0b011701 10000 100 5242880 692544 6636274 451803
0b013501 0b004401 10000 100 5242880 1267897 6158824 451803
0b007801 0b008f01 10000 100 2097152 583397 6888826 188068
0b007a01 0b012b01 10000 100 20000000 1218654 6265075 1689040
0b003401 0b004501 10000 100 10485760 510572 6993073 891367
0b013201 0b007b01 10000 100 2097152 1173241 6368864 188068
0b010c01 0b013001 10000 100 10485760 265666 7384113 887327
0b00f601 0b007701 10000 100 10485760 569501 7090208 891367
0b006f01 0b00fe01 10000 100 5242880 86029 7694469 451803
0b004c01 0b00d501 10001 100 10485760 843448 7012188 891367
0b008401 0b00af01 10000 100 5242880 231263 7744838 447763
0b003e01 0b005b01 10000 100 10485760 1104312 6880364 891367
0b00fc01 0b011701 10000 100 5242880 1423451 6577933 451803
0b000c01 0b001d01 10000 100 5242880 906393 7126271 447763
0b011101 0b008101 10000 100 10485760 851385 7267790 891367
0b00d601 0b011b01 10000 100 10485760 1488083 6727590 891367
0b006b01 0b005c01 10000 100 10485760 1354622 6863576 887327
0b00b101 0b001101 10000 100 20000000 314304 7970746 1689040
0b00a101 0b00c001 10000 100 5242880 1108784 7302223 451803
0b011d01 0b010f01 10000 100 20000000 1066169 7371430 1685000
0b013301 0b009201 10000 100 20000000 451014 8153677 1689040
0b00ca01 0b013a01 10000 100 5242880 1138436 7540392 451803
0b00b501 0b00c301 10000 100 5242880 1155847 7588889 451803
0b005e01 0b008d01 10000 100 10485760 1397088 7365103 891367
0b00b201 0b000a01 10000 100 20000000 15014 8770875 1689040
0b00ae01 0b001201 10000 100 20000000 1182754 7607624 1689040
0b008701 0b003501 10000 100 2097152 765849 8060078 188068
0b00d301 0b000501 10000 100 10485760 978885 7863986 891367
0b00bf01 0b00fc01 10000 100 20000000 644780 8330614 1689040
0b00f701 0b00c601 10000 100 5242880 1178781 7800643 447763
0b006a01 0b013601 10000 100 20000000 428987 8618998 1689040
0b010301 0b004801 10000 100 10485760 1297813 7851784 891367
0b008401 0b009501 10000 100 10485760 748257 8424734 887327
0b004201 0b012d01 10000 100 5242880 1079050 8116259 451803
0b006801 0b00c901 10000 100 5242880 599251 8729711 451803
0b008e01 0b000201 10000 100 20000000 26410 9343935 1689040
0b003d01 0b001b01 10000 100 5242880 1408951 8043565 447763
0b003f01 0b005d01 10000 100 10485760 339500 9154757 891367
0b010601 0b00f801 10000 100 5242880 564902 8931087 451803
0b009401 0b011901 10000 100 20000000 450602 9060142 1689040
0b012c01 0b00bf01 10000 100 5242880 924833 8615610 451803
0b00cf01 0b00d501 10000 100 20000000 1102469 8444787 1685000
0b005201 0b00cc01 10000 100 20000000 416650 9295596 1689040
0b013d01 0b00e001 10000 100 20000000 1417272 8388128 1689040
0b012801 0b013701 10000 100 20000000 150070 9657139 1685000
0b00fa01 0b009001 10000 100 10485760 1392730 8440449 891367
0b006301 0b001101 10000 100 2097152 1337050 8506832 188068
0b012301 0b004c01 10000 100 5242880 374150 9547763 451803
0b009b01 0b000201 10000 100 20000000 799266 9149114 1689040
0b009701 0b003301 10000 100 20000000 1303614 8649160 1689040
0b005101 0b003001 10000 100 20000000 272893 9684447 1689040
0b002201 0b00c701 10000 100 20000000 1127228 8844714 1689040
0b00ff01 0b008501 10000 100 10485760 1199968 8816351 891367
0b005101 0b00d401 10000 100 20000000 1135488 8910776 1689040
0b011401 0b000601 10000 100 20000000 307754 9758516 1689040
0b002901 0b005201 10000 100 10485760 100321 9981177 891367
0b009c01 0b002101 10000 100 10485760 594860 9513350 891367
0b00ae01 0b00bd01 10000 100 20000000 1490978 8645276 1685000
0b013e01 0b001001 10000 100 10485760 197534 9992248 891367
0b00c301 0b006501 10000 100 10485760 468346 9873887 891367
0b002301 0b00ec01 10000 100 5242880 1324267 9022930 451803
0b002701 0b006901 10000 100 5242880 452660 9935359 451803
0b010401 0b006c01 10000 100 10485760 1430031 8991139 891367
0b010b01 0b005e01 10000 100 5242880 354433 10096630 451803
0b001901 0b005401 10001 100 10485760 1393941 9074881 891367
0b009601 0b00a501 10000 100 5242880 1234354 9302830 447763
0b007201 0b002801 10000 100 10485760 595733 9997347 891367
0b00a101 0b009d01 10000 100 10485760 1462622 9157965 887327
0b013301 0b004e01 10000 100 20000000 896270 9738456 1689040
0b00e001 0b008101 10000 100 10485760 1482253 9217633 891367
0b00f901 0b000a01 10000 100 20000000 461580 10238762 1689040
0b000501 0b00b401 10000 100 20000000 215863 10522214 1689040
0b009d01 0b00e001 10000 100 10485760 747682 10024560 891367
0b010001 0b007e01 10000 100 20000000 491498 10330841 1689040
0b013c01 0b003201 10000 100 20000000 938422 9907552 1689040
0b000501 0b010001 10000 100 5242880 464507 10407969 451803
0b006c01 0b00ae01 10000 100 10485760 883283 10023531 891367
0b00de01 0b008701 10000 100 20000000 675766 10272966 1689040
0b002e01 0b011801 10000 100 10485760 178266 10826239 891367
0b00c101 0b003c01 10000 100 20000000 560964 10577810 1689040
0b009301 0b006101 10000 100 20000000 312439 10913290 1689040
0b007a01 0b00a101 10000 100 20000000 1415641 9855224 1689040
0b001501 0b008701 10000 100 10485760 865740 10484251 891367
0b00f301 0b008c01 10000 100 2097152 545878 10843526 188068
0b006201 0b004301 10000 100 20000000 223389 11203977 1685000
0b000001 0b00ae01 10000 100 20000000 568594 11003614 1689040
0b00c801 0b012501 10000 100 20000000 61561 11531779 1689040
0b001801 0b013301 10000 100 10485760 1217402 10434845 891367
0b004901 0b009f01 10000 100 20000000 518379 11138330 1689040
0b00ba01 0b013f01 10000 100 20000000 1095533 10764275 1689040
0b005401 0b00ff01 10001 100 5242880 1148289 10713458 451803
0b013a01 0b00d901 10001 100 5242880 1218342 10677991 451803
0b007301 0b00b101 10000 100 5242880 667549 11274955 451803
0b00e901 0b012301 10000 100 10485760 1035305 10929179 891367
0b006001 0b002f01 10000 100 20000000 774975 11274910 1689040
0b009e01 0b011401 10000 100 20000000 1046073 11013304 1689040
0b005801 0b003101 10000 100 10485760 850901 11234173 891367
0b010401 0b00ee01 10000 100 20000000 255086 11830262 1689040
0b00b701 0b00a301 10000 100 10485760 1288618 10817296 887327
0b001c01 0b006301 10000 100 20000000 888140 11274655 1689040
0b00b801 0b008c01 10000 100 20000000 755498 11412290 1685000
0b00e101 0b005d01 10000 100 20000000 988347 11283143 1689040
0b012201 0b00fb01 10000 100 20000000 99881 12197327 1689040
0b00bf01 0b00e101 10000 100 2097152 1065898 11244571 188068
0b009201 0b010401 10000 100 5242880 1475201 10840839 451803
0b010b01 0b00c101 10000 100 5242880 385804 11960161 451803
0b00f601 0b008401 10000 100 20000000 609035 11786958 1689040
0b008401 0b00fe01 10000 100 10485760 1258779 11148606 891367
0b00e701 0b00b001 10000 100 10485760 382628 12054688 891367
0b00e901 0b003701 10000 100 5242880 1059606 11409496 451803
0b000601 0b00fd01 10000 100 20000000 486546 12095819 1689040
0b013401 0b003901 10000 100 10485760 896863 11756762 891367
0b00d901 0b005d01 10000 100 10485760 280780 12398494 891367
0b003c01 0b00d501 10000 100 10485760 477153 12226335 891367
0b002b01 0b00e101 10000 100 10485760 1304899 11439679 891367
0b013301 0b004601 10000 100 10485760 852765 11912653 891367
0b001b01 0b010a01 10000 100 20000000 1187530 11596159 1689040
0b002c01 0b00b701 10000 100 20000000 1032535 11801050 1689040
0b008801 0b010f01 10000 100 20000000 921211 12100545 1689040
0b001301 0b00cb01 10000 100 10485760 323865 12758900 891367
0b00d001 0b003501 10000 100 10485760 1381047 11832493 891367
0b00a801 0b001b01 10000 100 10485760 996345 12230268 891367
0b00c401 0b00a001 10000 100 20000000 233291 13025115 1689040
0b013301 0b005d01 10000 100 5242880 1491254 11841702 451803
0b011401 0b002401 10000 100 20000000 1198786 12177970 1689040
0b013d01 0b002801 10000 100 5242880 602430 12785893 451803
0b005901 0b007601 10000 100 20000000 910074 12487311 1685000
0b002d01 0b005601 10000 100 10485760 214541 13213030 891367
0b007201 0b00ab01 10000 100 20000000 1377013 12105290 1689040
0b012d01 0b00a601 10000 100 20000000 921612 12617643 1689040
0b011701 0b007a01 10000 100 20000000 709882 12834612 1689040
0b004101 0b00a401 10000 100 10485760 207800 13584800 891367
0b012501 0b010301 10000 100 20000000 189601 13682926 1685000
0b010601 0b004501 10000 100 20000000 334319 13570620 1689040
0b00fd01 0b013301 10000 100 20000000 655417 13255894 1689040
0b002a01 0b010901 10000 100 10485760 714276 13237924 891367
0b00e601 0b00b701 10000 100 20000000 296822 13665212 1689040
0b010d01 0b007401 10000 100 20000000 1250033 12712195 1689040
0b00b301 0b010601 10000 100 20000000 571331 13415868 1689040
0b007901 0b004701 10000 100 20000000 1092131 12907922 1685000
0b00d601 0b010801 10000 100 20000000 703578 13301646 1689040
0b001301 0b007201 10000 100 20000000 664610 13399261 1689040
0b012401 0b013201 10000 100 20000000 511258 13570800 1685000
0b005c01 0b004f01 10000 100 20000000 1460431 12622011 1685000
0b008401 0b00ce01 10000 100 20000000 1078994 13007622 1689040
0b000301 0b005c01 10000 100 5242880 709090 13407424 451803
0b008f01 0b012d01 10000 100 5242880 965767 13181040 451803
0b002401 0b007501 10000 100 10485760 1295336 12987356 891367
0b000301 0b013101 10000 100 20000000 375517 13909083 1689040
0b001701 0b00a601 10000 100 20000000 846268 13467233 1689040
0b004f01 0b009e01 10000 100 20000000 830834 13501318 1689040
0b003501 0b000101 10000 100 20000000 1286512 13083030 1685000
0b007401 0b009a01 10000 100 20000000 489510 13954081 1689040
0b00f101 0b011501 10000 100 10485760 890623 13566540 891367
0b00e401 0b011f01 10000 100 20000000 309354 14185227 1689040
0b012901 0b002701 10000 100 20000000 250379 14281318 1689040
0b00cd01 0b006f01 10000 100 20000000 545175 14051288 1689040
0b005601 0b007801 10000 100 20000000 1133518 13543665 1685000
0b002b01 0b003d01 10000 100 20000000 524282 14176002 1685000
0b006001 0b00a601 10000 100 10485760 565790 14225380 891367
0b008501 0b00a601 10000 100 20000000 1374290 13419595 1685000
0b003301 0b00cf01 10000 100 20000000 948415 13858113 1689040
0b008501 0b007301 10000 100 10485760 1069337 13742256 891367
0b008101 0b000b01 10000 100 10485760 846406 13986463 891367
0b011301 0b00b901 10000 100 20000000 1308925 13531566 1689040
0b006101 0b013e01 10000 100 10485760 688632 14204154 891367
0b008301 0b00d701 10000 100 20000000 623746 14350244 1689040
0b013a01 0b00ee01 10000 100 5242880 1410227 13573633 451803
0b001801 0b012901 10000 100 20000000 1380174 13680577 1689040
0b004c01 0b00d501 10000 100 10485760 83881 14980168 891367
0b003601 0b00e801 10000 100 20000000 512843 14612762 1689040
0b00f701 0b002901 10000 100 20000000 1459781 13667973 1689040
0b012401 0b00be01 10000 100 5242880 841697 14317501 451803
0b007601 0b00a601 10000 100 20000000 393744 15032592 1689040
0b009b01 0b010701 10000 100 20000000 574281 14958747 1689040
0b012001 0b00a101 10000 100 20000000 96989 15648202 1689040
0b00f201 0b001701 10000 100 20000000 1119154 14629798 1689040
0b00d701 0b00ac01 10000 100 20000000 399866 15364097 1689040
0b002a01 0b001d01 10000 100 20000000 36523 15767655 1685000
0b003601 0b013101 10000 100 20000000 74303 15753955 1689040
0b006b01 0b011f01 10000 100 20000000 1094151 14740883 1689040
0b00c901 0b00a701 10000 100 20000000 369027 15487961 1689040
0b008201 0b011101 10000 100 10485760 919175 14946944 891367
0b000c01 0b007801 10000 100 5242880 74279 15824538 451803
0b009101 0b002b01 10000 100 20000000 827470 15071913 1689040
0b00aa01 0b006101 10000 100 20000000 1430085 14542901 1689040
0b008001 0b004801 10000 100 20000000 1004151 14978754 1689040
0b004001 0b002d01 10000 100 20000000 1197163 14804165 1689040
0b004601 0b00df01 10000 100 20000000 1215555 14822690 1689040
0b001401 0b013701 10000 100 20000000 1196449 14922933 1689040
0b001401 0b000301 10000 100 20000000 449586 15745995 1685000
0b008601 0b013101 10000 100 10485760 1462224 14744159 891367
0b009b01 0b005001 10000 100 10485760 1177882 15112227 891367
0b007601 0b012601 10000 100 20000000 872298 15451667 1689040
0b00e101 0b000301 10000 100 20000000 736489 15599366 1689040
0b002c01 0b007a01 10000 100 20000000 1383983 14963805 1689040
0b012001 0b008501 10000 100 20000000 744156 15605858 1689040
0b00a901 0b000501 10000 100 20000000 195625 16202558 1689040
0b003201 0b011101 10000 100 20000000 57911 16343530 1689040
0b012601 0b00ed01 10000 100 10485760 927204 15501745 891367
0b003e01 0b005501 10000 100 5242880 860713 15605420 451803
0b007a01 0b003e01 10000 100 20000000 612851 15971856 1689040
0b002701 0b013101 10000 100 20000000 52797 16580895 1689040
0b009601 0b011f01 10000 100 20000000 1112722 15686529 1689040
0b00be01 0b007e01 10000 100 20000000 768892 16077512 1689040
0b00db01 0b002601 10000 100 20000000 541331 16320972 1689040
0b009501 0b005b01 10000 100 20000000 1122064 15754701 1689040
0b011f01 0b00fe01 10000 100 20000000 791751 16148447 1689040
0b004701 0b003001 10000 100 20000000 255847 16837480 1689040
0b004301 0b00b201 10000 100 20000000 993317 16189188 1689040
0b008d01 0b005c01 10000 100 20000000 234521 16959581 1689040
0b00ea01 0b012901 10000 100 20000000 1210590 16104221 1689040
0b00eb01 0b002001 10000 100 20000000 326623 17108742 1689040
0b00fc01 0b000a01 10000 100 20000000 652270 16922460 1689040
0b012a01 0b005001 10000 100 20000000 1253858 16342930 1689040
0b001301 0b012701 10000 100 20000000 465702 17157164 1689040
0b00e701 0b013001 10000 100 20000000 607055 17017493 1689040
0b002501 0b013501 10000 100 20000000 734394 17022422 1689040
0b00f301 0b002601 10000 100 20000000 976857 17153239 1689040
0b003201 0b00d201 10000 100 10485760 1314340 16877071 891367
0b00a201 0b00f701 10000 100 20000000 809671 17452940 1689040
0b00f701 0b005201 10000 100 20000000 166806 18294911 1689040
0b009701 0b00fa01 10000 100 20000000 881875 17846304 1689040
0b003701 0b012001 10000 100 20000000 856557 18042869 1689040
0b00a101 0b012101 10000 100 20000000 473473 18499976 1689040
0b008901 0b012601 10000 100 20000000 1420781 17628531 1689040
0b00f101 0b007901 10000 100 20000000 217345 19010716 1689040
0b00cc01 0b000601 10000 100 20000000 1107373 18380226 1689040
0b007c01 0b008601 10000 100 20000000 476295 19320667 1689040
0b006501 0b00e001 10000 100 20000000 53726 19791871 1689040
0b005401 0b00ff01 10000 100 20000000 511405 19421829 1689040
0b006001 0b00e001 10000 100 20000000 603071 19653112 1689040
0b00a601 0b004d01 10000 100 20000000 942376 19459486 1689040
0b00f201 0b006401 10000 100 20000000 1335947 19250249 1689040
0b000101 0b009501 10000 100 20000000 1201232 19675049 1689040
0b004a01 0b00ee01 10000 100 20000000 512975 20717801 1689040
0b010201 0b008901 10000 100 20000000 1296059 19958872 1689040
0b005801 0b00ef01 10000 100 20000000 1400247 19897829 1689040
0b007d01 0b00d601 10000 100 20000000 1010519 20558102 1689040
0b000701 0b008b01 10000 100 20000000 1243806 20796137 1689040
0b00c201 0b008901 10000 100 20000000 661350 21445028 1689040
0b011f01 0b00fb01 10000 100 20000000 393145 21803748 1689040
0b006701 0b008201 10000 100 20000000 660981 22199142 1689040
0b00eb01 0b008b01 10000 100 20000000 1074082 22105562 1689040
