0b00ac01 0b000101 10000 100 207175 4637292 425373 425612
0b001001 0b000101 10000 100 131244 4684762 415029 415206
0b00eb01 0b000101 10000 100 662275 6241308 463146 463767
0b007d01 0b000101 10000 100 334053 6976895 435905 436250
0b00ea01 0b000101 10000 100 29175900 13244007 4731305 2854347
0b005101 0b000101 10000 100 832052 21130719 614736 478002
0b00ba01 0b000101 10000 100 31831063 18509048 3436943 3076959
0b00d601 0b000101 10000 100 331148 22460451 437323 436006
0b00c101 0b000101 10000 100 182627 27602031 507040 423552
0b011701 0b000101 10000 100 191161 29524626 873269 424270
0b007701 0b000101 10000 100 629903 30100935 650699 461051
0b011f01 0b000101 10000 100 308496 35800981 550540 434106
0b007e01 0b000101 10000 100 85345555 26948863 10312137 7563613
0b003901 0b000101 10000 100 126225 37077525 435878 414785
0b003401 0b000101 10000 100 809570 37033387 495171 472076
0b013501 0b000101 10000 100 377370 40356414 445807 439881
0b003101 0b000101 10000 100 476417 42374717 452061 444145
0b008e01 0b000101 10000 100 948749 43465016 672738 487784
0b009401 0b000101 10000 100 20709497 42765886 3509161 2144526
0b004f01 0b000101 10000 100 325772 47860654 579098 435553
0b00ff01 0b000101 10000 100 63100814 44234158 9669718 5698612
0b00c201 0b000101 10000 100 46231783 49476168 6997869 4284313
0b002301 0b000101 10000 100 16150444 33063165 45918614 1758255
0b011101 0b000101 10000 100 42857966 8170125 141306538 4001452
0b011d01 0b000101 10000 100 39476249 34230713 126675384 3717931
0b001c01 0b000101 10000 100 40742311 41090130 128566667 3820038
0b00a101 0b000101 10000 100 63843426 13387044 193386324 5760875
0b003301 0b000101 10000 100 61019678 13898680 205877641 5520091
0b013c01 0b000101 10000 100 58537831 28867606 192593915 5316052
0b006c01 0b000101 10000 100 86125617 43818381 287881367 7629013
0b002401 0b000101 10000 100 91756179 31748914 308868327 8097041
0b006b01 0b000101 10000 100 99949389 13348890 341803734 8787999
