0b001401 0b000101 10000 100 5000000 2000000000 34746136 823400
0b001e01 0b000101 10000 100 5000000 2000000000 34746832 823400
0b003101 0b000101 10000 100 5000000 2000000000 34747180 823400
0b003801 0b000101 10000 100 5000000 2000000000 34747615 823400
0b003301 0b000101 10000 100 5000000 2000000000 34834441 823400
0b003401 0b000101 10000 100 5000000 2000000000 34834789 823400
0b002201 0b000101 10000 100 5000000 2000000000 43205581 823400
0b002701 0b000101 10000 100 5000000 2000000000 43205929 823400
0b002a01 0b000101 10000 100 5000000 2000000000 43206277 823400
0b002301 0b000101 10000 100 5000000 2000000000 45707440 823400
0b002601 0b000101 10000 100 5000000 2000000000 45707788 823400
0b002801 0b000101 10000 100 5000000 2000000000 45708136 823400
0b001001 0b000101 10000 100 5000000 2000000000 51719053 823400
0b001101 0b000101 10000 100 5000000 2000000000 51719401 823400
0b001601 0b000101 10000 100 5000000 2000000000 51719749 823400
0b001701 0b000101 10000 100 5000000 2000000000 51720097 823400
0b001201 0b000101 10000 100 5000000 2000000000 56894509 823400
0b001901 0b000101 10000 100 5000000 2000000000 56894857 823400
0b001a01 0b000101 10000 100 5000000 2000000000 56895205 823400
0b001b01 0b000101 10000 100 5000000 2000000000 56895553 823400
0b002001 0b000101 10000 100 5000000 2000000000 58430494 823400
0b002101 0b000101 10000 100 5000000 2000000000 58431190 823400
0b002501 0b000101 10000 100 5000000 2000000000 58431886 823400
0b002c01 0b000101 10000 100 5000000 2000000000 58432582 823400
0b002e01 0b000101 10000 100 5000000 2000000000 58433278 823400
0b002401 0b000101 10000 100 5000000 2000000000 67236199 823400
0b002901 0b000101 10000 100 5000000 2000000000 67236895 823400
0b002b01 0b000101 10000 100 5000000 2000000000 67237591 823400
0b002d01 0b000101 10000 100 5000000 2000000000 67238287 823400
0b002f01 0b000101 10000 100 5000000 2000000000 67238983 823400
0b003201 0b000101 10000 100 5000000 2000000000 75960037 823400
0b003701 0b000101 10000 100 5000000 2000000000 75960385 823400
0b003901 0b000101 10000 100 5000000 2000000000 75960733 823400
0b003b01 0b000101 10000 100 5000000 2000000000 75961081 823400
0b003c01 0b000101 10000 100 5000000 2000000000 75961429 823400
0b003f01 0b000101 10000 100 5000000 2000000000 75961777 823400
0b003001 0b000101 10000 100 5000000 2000000000 76070440 823400
0b003501 0b000101 10000 100 5000000 2000000000 76070788 823400
0b003601 0b000101 10000 100 5000000 2000000000 76071136 823400
0b003a01 0b000101 10000 100 5000000 2000000000 76071484 823400
0b003d01 0b000101 10000 100 5000000 2000000000 76071832 823400
0b003e01 0b000101 10000 100 5000000 2000000000 76072180 823400
0b001301 0b000101 10000 100 5000000 2000000000 76094800 823400
0b001501 0b000101 10000 100 5000000 2000000000 76095148 823400
0b001801 0b000101 10000 100 5000000 2000000000 76095496 823400
0b001c01 0b000101 10000 100 5000000 2000000000 76095844 823400
0b001d01 0b000101 10000 100 5000000 2000000000 76096192 823400
0b001f01 0b000101 10000 100 5000000 2000000000 76096540 823400
0b000601 0b000101 10000 100 5000000 2000000000 91511721 819360
0b000701 0b000101 10000 100 5000000 2000000000 91512156 819360
0b000501 0b000101 10000 100 5000000 2000000000 91512330 819360
0b000801 0b000101 10000 100 5000000 2000000000 91512591 819360
0b000901 0b000101 10000 100 5000000 2000000000 91512852 819360
0b000c01 0b000101 10000 100 5000000 2000000000 91513026 819360
0b000a01 0b000101 10000 100 5000000 2000000000 91513113 819360
0b000d01 0b000101 10000 100 5000000 2000000000 91513287 819360
0b000b01 0b000101 10000 100 5000000 2000000000 91513374 819360
0b000e01 0b000101 10000 100 5000000 2000000000 91513461 819360
0b000f01 0b000101 10000 100 5000000 2000000000 91513548 819360
0b00a101 0b000101 10000 100 10000000 2000000000 143468906 1246640
0b00c801 0b000101 10000 100 10000000 2000000000 168985136 1246640
0b010001 0b000101 10000 100 10000000 2000000000 230777843 1246640
0b004501 0b000101 10000 100 10000000 2000000000 240631985 1246640
0b006801 0b000101 10000 100 10000000 2000000000 242554163 1246640
0b006f01 0b000101 10000 100 10000000 2000000000 243830105 1246640
0b009901 0b000101 10000 100 10000000 2000000000 248064395 1246640
0b009701 0b000101 10000 100 10000000 2000000000 248083100 1246640
0b004a01 0b000101 10000 100 10000000 2000000000 250974980 1246640
0b004701 0b000101 10000 100 10000000 2000000000 252219341 1246640
0b006501 0b000101 10000 100 10000000 2000000000 253622651 1246640
0b004f01 0b000101 10000 100 10000000 2000000000 266800976 1246640
0b006101 0b000101 10000 100 10000000 2000000000 278710232 1246640
0b009101 0b000101 10000 100 10000000 2000000000 289121522 1246640
0b009401 0b000101 10000 100 10000000 2000000000 289124219 1246640
0b00e701 0b000101 10000 100 10000000 2000000000 289142576 1246640
0b00e901 0b000101 10000 100 10000000 2000000000 289189904 1246640
0b006c01 0b000101 10000 100 10000000 2000000000 289404533 1246640
0b004d01 0b000101 10000 100 10000000 2000000000 289657268 1246640
0b00c401 0b000101 10000 100 10000000 2000000000 294910763 1246640
0b004e01 0b000101 10000 100 10000000 2000000000 295567178 1246640
0b008801 0b000101 10000 100 10000000 2000000000 296032193 1246640
0b005501 0b000101 10000 100 10000000 2000000000 296119454 1246640
0b007c01 0b000101 10000 100 10000000 2000000000 296128241 1246640
0b009601 0b000101 10000 100 10000000 2000000000 297117866 1246640
0b004801 0b000101 10000 100 10000000 2000000000 298557629 1246640
0b004901 0b000101 10000 100 10000000 2000000000 298562153 1246640
0b00a901 0b000101 10000 100 10000000 2000000000 298987409 1246640
0b00b801 0b000101 10000 100 10000000 2000000000 301540685 1246640
0b00ad01 0b000101 10000 100 10000000 2000000000 305519717 1246640
0b010101 0b000101 10000 100 10000000 2000000000 307370903 1246640
0b00f601 0b000101 10000 100 10000000 2000000000 307482698 1246640
0b00f101 0b000101 10000 100 10000000 2000000000 313584443 1246640
0b00bc01 0b000101 10000 100 10000000 2000000000 314152379 1246640
0b005c01 0b000101 10000 100 10000000 2000000000 315751004 1246640
0b005d01 0b000101 10000 100 10000000 2000000000 315775190 1246640
0b00b301 0b000101 10000 100 10000000 2000000000 320477192 1246640
0b00dc01 0b000101 10000 100 10000000 2000000000 322728491 1246640
0b009a01 0b000101 10000 100 10000000 2000000000 325620197 1246640
0b009201 0b000101 10000 100 10000000 2000000000 325625504 1246640
0b00bf01 0b000101 10000 100 10000000 2000000000 325720421 1246640
0b008101 0b000101 10000 100 10000000 2000000000 325720682 1246640
0b00f301 0b000101 10000 100 10000000 2000000000 326045801 1246640
0b00bd01 0b000101 10000 100 10000000 2000000000 326740670 1246640
0b008501 0b000101 10000 100 10000000 2000000000 326743106 1246640
0b008701 0b000101 10000 100 10000000 2000000000 326745455 1246640
0b00bb01 0b000101 10000 100 10000000 2000000000 326746847 1246640
0b00ba01 0b000101 10000 100 10000000 2000000000 326748848 1246640
0b006301 0b000101 10000 100 10000000 2000000000 326979137 1246640
0b00f501 0b000101 10000 100 10000000 2000000000 326988533 1246640
0b00e101 0b000101 10000 100 10000000 2000000000 327140783 1246640
0b006401 0b000101 10000 100 10000000 2000000000 327479213 1246640
0b005701 0b000101 10000 100 10000000 2000000000 327508619 1246640
0b005201 0b000101 10000 100 10000000 2000000000 327683228 1246640
0b00be01 0b000101 10000 100 10000000 2000000000 327705413 1246640
0b00b501 0b000101 10000 100 10000000 2000000000 327766661 1246640
0b009b01 0b000101 10000 100 10000000 2000000000 327777710 1246640
0b00a801 0b000101 10000 100 10000000 2000000000 327848267 1246640
0b00b201 0b000101 10000 100 10000000 2000000000 327862709 1246640
0b008601 0b000101 10000 100 10000000 2000000000 327954755 1246640
0b00a401 0b000101 10000 100 10000000 2000000000 327982247 1246640
0b00a701 0b000101 10000 100 10000000 2000000000 328017743 1246640
0b007b01 0b000101 10000 100 10000000 2000000000 328052369 1246640
0b007a01 0b000101 10000 100 10000000 2000000000 328068899 1246640
0b007f01 0b000101 10000 100 10000000 2000000000 328093433 1246640
0b008e01 0b000101 10000 100 10000000 2000000000 328171820 1246640
0b008b01 0b000101 10000 100 10000000 2000000000 328177301 1246640
0b00aa01 0b000101 10000 100 10000000 2000000000 328187828 1246640
0b00b101 0b000101 10000 100 10000000 2000000000 328830149 1246640
0b00fb01 0b000101 10000 100 10000000 2000000000 328883393 1246640
0b00b001 0b000101 10000 100 10000000 2000000000 328942988 1246640
0b00ed01 0b000101 10000 100 10000000 2000000000 329074184 1246640
0b00d701 0b000101 10000 100 10000000 2000000000 329863274 1246640
0b00d501 0b000101 10000 100 10000000 2000000000 329864492 1246640
0b009f01 0b000101 10000 100 10000000 2000000000 329889200 1246640
0b00d301 0b000101 10000 100 10000000 2000000000 330100088 1246640
0b00e401 0b000101 10000 100 10000000 2000000000 331483214 1246640
0b00f001 0b000101 10000 100 10000000 2000000000 331753697 1246640
0b00f401 0b000101 10000 100 10000000 2000000000 331759700 1246640
0b00cb01 0b000101 10000 100 10000000 2000000000 331877237 1246640
0b00eb01 0b000101 10000 100 10000000 2000000000 333004844 1246640
0b004401 0b000101 10000 100 10000000 2000000000 333088886 1246640
0b00e601 0b000101 10000 100 10000000 2000000000 333777056 1246640
0b008901 0b000101 10000 100 10000000 2000000000 334839413 1246640
0b00e501 0b000101 10000 100 10000000 2000000000 335032553 1246640
0b00ee01 0b000101 10000 100 10000000 2000000000 335032901 1246640
0b00d201 0b000101 10000 100 10000000 2000000000 335213687 1246640
0b00e201 0b000101 10000 100 10000000 2000000000 335523059 1246640
0b005b01 0b000101 10000 100 10000000 2000000000 335716547 1246640
0b00d001 0b000101 10000 100 10000000 2000000000 335724638 1246640
0b00b901 0b000101 10000 100 10000000 2000000000 335750303 1246640
0b008d01 0b000101 10000 100 10000000 2000000000 335813204 1246640
0b00dd01 0b000101 10000 100 10000000 2000000000 335882978 1246640
0b006901 0b000101 10000 100 10000000 2000000000 336017741 1246640
0b00f701 0b000101 10000 100 10000000 2000000000 336091865 1246640
0b00ff01 0b000101 10000 100 10000000 2000000000 336092300 1246640
0b00fd01 0b000101 10000 100 10000000 2000000000 336096128 1246640
0b007d01 0b000101 10000 100 10000000 2000000000 336157202 1246640
0b004b01 0b000101 10000 100 10000000 2000000000 336274304 1246640
0b007801 0b000101 10000 100 10000000 2000000000 336568277 1246640
0b007201 0b000101 10000 100 10000000 2000000000 336575759 1246640
0b00e001 0b000101 10000 100 10000000 2000000000 336624740 1246640
0b007401 0b000101 10000 100 10000000 2000000000 336642227 1246640
0b006601 0b000101 10000 100 10000000 2000000000 336822665 1246640
0b008a01 0b000101 10000 100 10000000 2000000000 336903140 1246640
0b00ea01 0b000101 10000 100 10000000 2000000000 337111157 1246640
0b006201 0b000101 10000 100 10000000 2000000000 337120553 1246640
0b00c701 0b000101 10000 100 10000000 2000000000 337154483 1246640
0b009001 0b000101 10000 100 10000000 2000000000 337248182 1246640
0b00cc01 0b000101 10000 100 10000000 2000000000 337945748 1246640
0b006701 0b000101 10000 100 10000000 2000000000 338003690 1246640
0b00cd01 0b000101 10000 100 10000000 2000000000 338219885 1246640
0b00c901 0b000101 10000 100 10000000 2000000000 338234240 1246640
0b00c101 0b000101 10000 100 10000000 2000000000 338630351 1246640
0b00e801 0b000101 10000 100 10000000 2000000000 339028376 1246640
0b00b701 0b000101 10000 100 10000000 2000000000 339209684 1246640
0b009c01 0b000101 10000 100 10000000 2000000000 339231434 1246640
0b009e01 0b000101 10000 100 10000000 2000000000 339239960 1246640
0b005f01 0b000101 10000 100 10000000 2000000000 339278936 1246640
0b00a001 0b000101 10000 100 10000000 2000000000 339297989 1246640
0b00a201 0b000101 10000 100 10000000 2000000000 339302165 1246640
0b008401 0b000101 10000 100 10000000 2000000000 339310256 1246640
0b00af01 0b000101 10000 100 10000000 2000000000 339382379 1246640
0b00b601 0b000101 10000 100 10000000 2000000000 339400910 1246640
0b009501 0b000101 10000 100 10000000 2000000000 340007387 1246640
0b009d01 0b000101 10000 100 10000000 2000000000 340018349 1246640
0b005101 0b000101 10000 100 10000000 2000000000 340194437 1246640
0b009801 0b000101 10000 100 10000000 2000000000 340613429 1246640
0b008001 0b000101 10000 100 10000000 2000000000 341069113 1246640
0b00a501 0b000101 10000 100 10000000 2000000000 341124897 1246640
0b008301 0b000101 10000 100 10000000 2000000000 341177919 1246640
0b00ae01 0b000101 10000 100 10000000 2000000000 341223507 1246640
0b006e01 0b000101 10000 100 10000000 2000000000 341260122 1246640
0b006d01 0b000101 10000 100 10000000 2000000000 341267197 1246640
0b00d801 0b000101 10000 100 10000000 2000000000 341825478 1246640
0b005001 0b000101 10000 100 10000000 2000000000 342002751 1246640
0b005401 0b000101 10000 100 10000000 2000000000 342168879 1246640
0b005e01 0b000101 10000 100 10000000 2000000000 342304696 1246640
0b00fa01 0b000101 10000 100 10000000 2000000000 342577006 1246640
0b00df01 0b000101 10000 100 10000000 2000000000 342670966 1246640
0b00f801 0b000101 10000 100 10000000 2000000000 342760663 1246640
0b00da01 0b000101 10000 100 10000000 2000000000 343008526 1246640
0b00c301 0b000101 10000 100 10000000 2000000000 343014268 1246640
0b00c201 0b000101 10000 100 10000000 2000000000 343211651 1246640
0b00d601 0b000101 10000 100 10000000 2000000000 343549582 1246640
0b004c01 0b000101 10000 100 10000000 2000000000 343601382 1246640
0b004101 0b000101 10000 100 10000000 2000000000 343629104 1246640
0b005301 0b000101 10000 100 10000000 2000000000 343741284 1246640
0b00d101 0b000101 10000 100 10000000 2000000000 344167818 1246640
0b00cf01 0b000101 10000 100 10000000 2000000000 344288022 1246640
0b00de01 0b000101 10000 100 10000000 2000000000 344354928 1246640
0b00fe01 0b000101 10000 100 10000000 2000000000 344424995 1246640
0b00c001 0b000101 10000 100 10000000 2000000000 344436218 1246640
0b00f901 0b000101 10000 100 10000000 2000000000 344449121 1246640
0b007e01 0b000101 10000 100 10000000 2000000000 344695779 1246640
0b007901 0b000101 10000 100 10000000 2000000000 344700517 1246640
0b007501 0b000101 10000 100 10000000 2000000000 344747571 1246640
0b007601 0b000101 10000 100 10000000 2000000000 344748387 1246640
0b007301 0b000101 10000 100 10000000 2000000000 344756001 1246640
0b004201 0b000101 10000 100 10000000 2000000000 344850696 1246640
0b00ac01 0b000101 10000 100 10000000 2000000000 344875324 1246640
0b009301 0b000101 10000 100 10000000 2000000000 344896864 1246640
0b007001 0b000101 10000 100 10000000 2000000000 345129576 1246640
0b00c601 0b000101 10000 100 10000000 2000000000 345131787 1246640
0b007101 0b000101 10000 100 10000000 2000000000 345226490 1246640
0b00ef01 0b000101 10000 100 10000000 2000000000 345606576 1246640
0b007701 0b000101 10000 100 10000000 2000000000 345729002 1246640
0b008f01 0b000101 10000 100 10000000 2000000000 345744866 1246640
0b00ca01 0b000101 10000 100 10000000 2000000000 345939983 1246640
0b00c501 0b000101 10000 100 10000000 2000000000 345964988 1246640
0b00f201 0b000101 10000 100 10000000 2000000000 346121122 1246640
0b008c01 0b000101 10000 100 10000000 2000000000 346270628 1246640
0b00a301 0b000101 10000 100 10000000 2000000000 346485316 1246640
0b006b01 0b000101 10000 100 10000000 2000000000 346699790 1246640
0b00fc01 0b000101 10000 100 10000000 2000000000 347115548 1246640
0b00ec01 0b000101 10000 100 10000000 2000000000 347971297 1246640
0b000001 0b000101 10004 100 10000000 2000000000 348594215 1238560
0b000001 0b000101 10000 100 10000000 2000000000 349120715 1238560
0b000401 0b000101 10000 100 150000000 2000000000 381076792 12976160
0b000301 0b000101 10000 100 200000000 2000000000 395307663 17168160
0b000201 0b000101 10000 100 200000000 2000000000 395349344 17168160
