0b000401 0b000101 10000 1000 65536 20000000 162628 15896
0b000501 0b000101 10000 1100 65536 20000000 162674 15896
0b000601 0b000101 10000 1200 65536 20000000 162720 15896
0b000701 0b000101 10000 1300 65536 20000000 162766 15896
0b000801 0b000101 10000 1400 65536 20000000 162812 15896
0b000901 0b000101 10000 1500 65536 20000000 162858 15896
0b000a01 0b000101 10000 1600 65536 20000000 162904 15896
0b000b01 0b000101 10000 1700 65536 20000000 163033 15896
0b000c01 0b000101 10000 1800 65536 20000000 163079 15896
0b000d01 0b000101 10000 1900 65536 20000000 163125 15896
0b000e01 0b000101 10000 2000 65536 20000000 163171 15896
0b000f01 0b000101 10000 2100 65536 20000000 163217 15896
0b001001 0b000101 10000 2200 65536 20000000 163263 15896
0b001101 0b000101 10000 2300 65536 20000000 163309 15896
0b001201 0b000101 10000 2400 65536 20000000 163355 15896
0b001301 0b000101 10000 2500 65536 20000000 163401 15896
0b001401 0b000101 10000 2600 65536 20000000 163530 15896
0b001501 0b000101 10000 2700 65536 20000000 163577 15896
0b001601 0b000101 10000 2800 65536 20000000 163622 15896
0b001701 0b000101 10000 2900 65536 20000000 163668 15896
0b000401 0b000101 10001 1001 65536 20500000 139334 15896
0b000501 0b000101 10001 1101 65536 20500000 139380 15896
0b000601 0b000101 10001 1201 65536 20500000 139426 15896
0b000701 0b000101 10001 1301 65536 20500000 139472 15896
0b000801 0b000101 10001 1401 65536 20500000 139518 15896
0b000901 0b000101 10001 1501 65536 20500000 139564 15896
0b000a01 0b000101 10001 1601 65536 20500000 139610 15896
0b000b01 0b000101 10001 1701 65536 20500000 139656 15896
0b000c01 0b000101 10001 1801 65536 20500000 139702 15896
0b000d01 0b000101 10001 1901 65536 20500000 139748 15896
0b000e01 0b000101 10001 2001 65536 20500000 139794 15896
0b000f01 0b000101 10001 2101 65536 20500000 139840 15896
0b001001 0b000101 10001 2201 65536 20500000 139886 15896
0b001101 0b000101 10001 2301 65536 20500000 140015 15896
0b001201 0b000101 10001 2401 65536 20500000 140061 15896
0b001301 0b000101 10001 2501 65536 20500000 140107 15896
0b001401 0b000101 10001 2601 65536 20500000 140153 15896
0b001501 0b000101 10001 2701 65536 20500000 140200 15896
0b001601 0b000101 10001 2801 65536 20500000 140245 15896
0b001701 0b000101 10001 2901 65536 20500000 140291 15896
0b000401 0b000101 10002 1002 65536 21000000 152224 15896
0b000501 0b000101 10002 1102 65536 21000000 152270 15896
0b000601 0b000101 10002 1202 65536 21000000 152316 15896
0b000701 0b000101 10002 1302 65536 21000000 152362 15896
0b000801 0b000101 10002 1402 65536 21000000 152408 15896
0b000901 0b000101 10002 1502 65536 21000000 152454 15896
0b000a01 0b000101 10002 1602 65536 21000000 152500 15896
0b000b01 0b000101 10002 1702 65536 21000000 152546 15896
0b000c01 0b000101 10002 1802 65536 21000000 152592 15896
0b000d01 0b000101 10002 1902 65536 21000000 152795 15896
0b000e01 0b000101 10002 2002 65536 21000000 152841 15896
0b000f01 0b000101 10002 2102 65536 21000000 152887 15896
0b001001 0b000101 10002 2202 65536 21000000 152933 15896
0b001101 0b000101 10002 2302 65536 21000000 152979 15896
0b001201 0b000101 10002 2402 65536 21000000 153025 15896
0b001301 0b000101 10002 2502 65536 21000000 153071 15896
0b001401 0b000101 10002 2602 65536 21000000 153117 15896
0b001501 0b000101 10002 2702 65536 21000000 153164 15896
0b001601 0b000101 10002 2802 65536 21000000 153292 15896
0b001701 0b000101 10002 2902 65536 21000000 153338 15896
0b000401 0b000101 10003 1003 65536 21499999 156955 15896
0b000501 0b000101 10003 1103 65536 21499999 157001 15896
0b000601 0b000101 10003 1203 65536 21499999 157047 15896
0b000701 0b000101 10003 1303 65536 21499999 157250 15896
0b000801 0b000101 10003 1403 65536 21499999 157296 15896
0b000901 0b000101 10003 1503 65536 21499999 157342 15896
0b000a01 0b000101 10003 1603 65536 21499999 157388 15896
0b000b01 0b000101 10003 1703 65536 21499999 157434 15896
0b000c01 0b000101 10003 1803 65536 21499999 157480 15896
0b000d01 0b000101 10003 1903 65536 21499999 157526 15896
0b000e01 0b000101 10003 2003 65536 21499999 157572 15896
0b000f01 0b000101 10003 2103 65536 21499999 157618 15896
0b001001 0b000101 10003 2203 65536 21499999 157664 15896
0b001101 0b000101 10003 2303 65536 21499999 157710 15896
0b001201 0b000101 10003 2403 65536 21499999 157839 15896
0b001301 0b000101 10003 2503 65536 21499999 157885 15896
0b001401 0b000101 10003 2603 65536 21499999 157931 15896
0b001501 0b000101 10003 2703 65536 21499999 157978 15896
0b001601 0b000101 10003 2803 65536 21499999 158023 15896
0b001701 0b000101 10003 2903 65536 21499999 158069 15896
0b000401 0b000101 10004 1004 65536 21999999 137235 15896
0b000501 0b000101 10004 1104 65536 21999999 137281 15896
0b000601 0b000101 10004 1204 65536 21999999 137327 15896
0b000701 0b000101 10004 1304 65536 21999999 137373 15896
0b000801 0b000101 10004 1404 65536 21999999 137419 15896
0b000901 0b000101 10004 1504 65536 21999999 137465 15896
0b000a01 0b000101 10004 1604 65536 21999999 137511 15896
0b000b01 0b000101 10004 1704 65536 21999999 137557 15896
0b000c01 0b000101 10004 1804 65536 21999999 137603 15896
0b000d01 0b000101 10004 1904 65536 21999999 137649 15896
0b000e01 0b000101 10004 2004 65536 21999999 137695 15896
0b000f01 0b000101 10004 2104 65536 21999999 137741 15896
0b001001 0b000101 10004 2204 65536 21999999 137787 15896
0b001101 0b000101 10004 2304 65536 21999999 137833 15896
0b001201 0b000101 10004 2404 65536 21999999 137879 15896
0b001301 0b000101 10004 2504 65536 21999999 138008 15896
0b001401 0b000101 10004 2604 65536 21999999 138054 15896
0b001501 0b000101 10004 2704 65536 21999999 138100 15896
0b001601 0b000101 10004 2804 65536 21999999 138146 15896
0b001701 0b000101 10004 2904 65536 21999999 138192 15896
0b000401 0b000101 10005 1005 65536 22499999 144028 15896
0b000501 0b000101 10005 1105 65536 22499999 144074 15896
0b000601 0b000101 10005 1205 65536 22499999 144120 15896
0b000701 0b000101 10005 1305 65536 22499999 144166 15896
0b000801 0b000101 10005 1405 65536 22499999 144212 15896
0b000901 0b000101 10005 1505 65536 22499999 144258 15896
0b000a01 0b000101 10005 1605 65536 22499999 144387 15896
0b000b01 0b000101 10005 1705 65536 22499999 144433 15896
0b000c01 0b000101 10005 1805 65536 22499999 144479 15896
0b000d01 0b000101 10005 1905 65536 22499999 144525 15896
0b000e01 0b000101 10005 2005 65536 22499999 144571 15896
0b000f01 0b000101 10005 2105 65536 22499999 144617 15896
0b001001 0b000101 10005 2205 65536 22499999 144663 15896
0b001101 0b000101 10005 2305 65536 22499999 144709 15896
0b001201 0b000101 10005 2405 65536 22499999 144755 15896
0b001301 0b000101 10005 2505 65536 22499999 144801 15896
0b001401 0b000101 10005 2605 65536 22499999 144847 15896
0b001501 0b000101 10005 2705 65536 22499999 144893 15896
0b001601 0b000101 10005 2805 65536 22499999 144939 15896
0b001701 0b000101 10005 2905 65536 22499999 144985 15896
0b000401 0b000101 10006 1006 65536 22999999 147248 15896
0b000501 0b000101 10006 1106 65536 22999999 147294 15896
0b000601 0b000101 10006 1206 65536 22999999 147340 15896
0b000701 0b000101 10006 1306 65536 22999999 147386 15896
0b000801 0b000101 10006 1406 65536 22999999 147432 15896
0b000901 0b000101 10006 1506 65536 22999999 147478 15896
0b000a01 0b000101 10006 1606 65536 22999999 147524 15896
0b000b01 0b000101 10006 1706 65536 22999999 147570 15896
0b000c01 0b000101 10006 1806 65536 22999999 147616 15896
0b000d01 0b000101 10006 1906 65536 22999999 147662 15896
0b000e01 0b000101 10006 2006 65536 22999999 147708 15896
0b000f01 0b000101 10006 2106 65536 22999999 147754 15896
0b001001 0b000101 10006 2206 65536 22999999 147800 15896
0b001101 0b000101 10006 2306 65536 22999999 147929 15896
0b001201 0b000101 10006 2406 65536 22999999 147975 15896
0b001301 0b000101 10006 2506 65536 22999999 148021 15896
0b001401 0b000101 10006 2606 65536 22999999 148067 15896
0b001501 0b000101 10006 2706 65536 22999999 148114 15896
0b001601 0b000101 10006 2806 65536 22999999 148159 15896
0b001701 0b000101 10006 2906 65536 22999999 148205 15896
0b000401 0b000101 10007 1007 65536 23500000 149423 15896
0b000501 0b000101 10007 1107 65536 23500000 149469 15896
0b000601 0b000101 10007 1207 65536 23500000 149515 15896
0b000701 0b000101 10007 1307 65536 23500000 149561 15896
0b000801 0b000101 10007 1407 65536 23500000 149690 15896
0b000901 0b000101 10007 1507 65536 23500000 149736 15896
0b000a01 0b000101 10007 1607 65536 23500000 149782 15896
0b000b01 0b000101 10007 1707 65536 23500000 149828 15896
0b000c01 0b000101 10007 1807 65536 23500000 149874 15896
0b000d01 0b000101 10007 1907 65536 23500000 149920 15896
0b000e01 0b000101 10007 2007 65536 23500000 149966 15896
0b000f01 0b000101 10007 2107 65536 23500000 150012 15896
0b001001 0b000101 10007 2207 65536 23500000 150058 15896
0b001101 0b000101 10007 2307 65536 23500000 150104 15896
0b001201 0b000101 10007 2407 65536 23500000 150150 15896
0b001301 0b000101 10007 2507 65536 23500000 150279 15896
0b001401 0b000101 10007 2607 65536 23500000 150325 15896
0b001501 0b000101 10007 2707 65536 23500000 150371 15896
0b001601 0b000101 10007 2807 65536 23500000 150417 15896
0b001701 0b000101 10007 2907 65536 23500000 150463 15896
0b000301 0b000101 10000 200 209715200 0 33877360 17590845
