0b007001 0b003401 10000 100 2048 6027 8184 8207
0b005101 0b003301 10000 100 2048 14403 8184 8207
0b007c01 0b006f01 10000 100 51200 21095 10307 10267
0b009a01 0b000b01 10000 100 512000 4725 31279 29583
0b000101 0b006101 10000 100 5120 41211 8316 8336
0b008c01 0b003f01 10000 100 51200 41299 10460 10267
0b008601 0b007301 10000 100 102400 39263 12777 12413
0b009401 0b002401 10000 100 2048 54614 8184 8207
0b009201 0b007401 10000 100 1024 65726 8177 8164
0b005401 0b000701 10000 100 10240 66637 8536 8550
0b007f01 0b004401 10000 100 102400 70991 14034 12413
0b005301 0b004b01 10000 100 102400 76066 12821 12413
0b009501 0b006401 10000 100 51200 79905 10297 10267
0b006b01 0b008901 10000 100 10240 86324 9102 8550
0b004b01 0b001901 10000 100 512000 64349 31642 29583
0b008701 0b006e01 10000 100 204800 78842 17574 16705
0b009101 0b004401 10000 100 102400 90997 12498 12413
0b007201 0b008901 10000 100 512000 77666 31672 29583
0b005101 0b000a01 10000 100 102400 99443 12498 12413
0b007101 0b009301 10000 100 102400 101973 12517 12413
0b001901 0b006201 10000 100 512000 82642 33103 29583
0b002f01 0b006201 10000 100 51200 104298 11931 10267
0b001201 0b001a01 10000 100 102400 109721 8464 8373
0b005301 0b004b01 10001 100 102400 107966 12518 12413
0b001f01 0b005e01 10000 100 10240 113156 8536 8550
0b007301 0b006001 10000 100 2097152 20224 105273 96034
0b004301 0b006101 10000 100 1048576 73852 56084 52077
0b002401 0b004001 10000 100 51200 120772 10297 10267
0b009301 0b005c01 10000 100 51200 122402 10316 10267
0b009501 0b003d01 10000 100 512000 101354 32045 29583
0b003a01 0b005e01 10000 100 20480 125427 8975 8979
0b003b01 0b003601 10000 100 2097152 36751 100285 91994
0b001101 0b000001 10000 100 102400 123806 16920 12413
0b004a01 0b006401 10000 100 5120 141960 8316 8336
0b004701 0b005001 10000 100 10240 149220 8601 8550
0b009c01 0b003301 10000 100 51200 145277 12614 10267
0b006001 0b009c01 10000 100 102400 151917 12837 12413
0b001501 0b001b01 10000 100 1048576 117925 52169 48037
0b004601 0b002501 10000 100 51200 165307 10297 10267
0b008601 0b001d01 10000 100 1024 175740 8157 8164
0b000301 0b005e01 10000 100 102400 173482 12535 12413
0b001101 0b004301 10000 100 10240 177397 8628 8550
0b004901 0b004801 10000 100 204800 172920 13172 12665
0b001e01 0b006b01 10000 100 51200 182182 10297 10267
0b009a01 0b002601 10000 100 10240 189287 8594 8550
0b000c01 0b007401 10000 100 51200 186548 12712 10267
0b009c01 0b001601 10000 100 1048576 142219 57176 52077
0b007b01 0b009101 10000 100 512000 138094 64951 29583
0b007a01 0b001401 10000 100 2097152 97850 107092 96034
0b002901 0b008b01 10000 100 20480 211613 9221 8979
0b004601 0b003201 10000 100 10240 225831 8549 8550
0b007801 0b003b01 10000 100 2048 232754 8227 8207
0b004501 0b005c01 10000 100 5120 235595 8316 8336
0b001e01 0b005901 10000 100 20480 235292 10732 8979
0b003501 0b000201 10000 100 1048576 192592 55894 52077
0b000401 0b009501 10000 100 204800 213811 34808 16705
0b001c01 0b000f01 10000 100 20480 239742 9767 8979
0b002601 0b007001 10000 100 102400 242236 12517 12413
0b006f01 0b008b01 10000 100 204800 237658 18596 16705
0b007d01 0b009e01 10000 100 51200 250345 10881 10267
0b005901 0b002101 10000 100 204800 238218 23953 16705
0b003d01 0b001b01 10000 100 512000 224465 45130 29583
0b006b01 0b008501 10000 100 512000 238327 31539 29583
0b004f01 0b008901 10000 100 1024 264812 8140 8164
0b009101 0b008c01 10000 100 1048576 218474 56228 52077
0b000d01 0b008701 10000 100 10240 267129 8751 8550
0b008501 0b004b01 10000 100 204800 251994 25757 16705
0b005e01 0b003d01 10000 100 20480 269129 9119 8979
0b004701 0b007101 10000 100 2097152 176255 106444 96034
0b009001 0b008301 10000 100 5242880 37350 253071 227901
0b003901 0b005e01 10000 100 2097152 188089 104687 96034
0b001501 0b005001 10000 100 204800 280058 16973 16705
0b004601 0b001301 10000 100 10240 289244 8665 8550
0b000801 0b002001 10000 100 5120 290801 8334 8336
0b007b01 0b005001 10000 100 1024 294869 8250 8164
0b008201 0b006601 10000 100 1048576 249389 58016 52077
0b009301 0b002a01 10000 100 2048 300128 8227 8207
0b003f01 0b002101 10000 100 1048576 215622 98230 52077
0b008a01 0b007d01 10000 100 51200 309412 10501 10267
0b002c01 0b004901 10000 100 204800 304554 16926 16705
0b009501 0b007f01 10000 100 2097152 147077 175780 96034
0b000f01 0b001901 10000 100 2048 316415 8289 8207
0b002801 0b009101 10000 100 2097152 214076 111115 96034
0b003f01 0b001801 10000 100 5242880 37407 289545 227901
0b000e01 0b009501 10000 100 1048576 207701 121520 52077
0b007f01 0b001001 10000 100 10240 330714 8568 8550
0b000401 0b002301 10000 100 512000 308448 31338 29583
0b005501 0b008701 10000 100 102400 326094 13932 12413
0b008401 0b008001 10000 100 10240 339486 4517 4510
0b006401 0b003e01 10000 100 2048 337855 8220 8207
0b007801 0b003701 10000 100 512000 295338 52157 29583
0b008301 0b001501 10000 100 5120 344376 8318 8336
0b000e01 0b004201 10000 100 20480 353079 9005 8979
0b005b01 0b009001 10000 100 2048 355179 8205 8207
0b008801 0b009c01 10000 100 204800 347353 16926 16705
0b007d01 0b001201 10000 100 5120 358502 8475 8336
0b005901 0b008d01 10000 100 2097152 161447 205877 96034
0b004b01 0b008601 10000 100 1024 360974 8180 8164
0b003001 0b009f01 10000 100 5242880 117695 253962 227901
0b009901 0b001301 10000 100 512000 328552 43681 29583
0b009701 0b004701 10000 100 5120 365887 8429 8336
0b007e01 0b006901 10000 100 204800 352054 25374 16705
0b003e01 0b007401 10000 100 204800 343140 34484 16705
0b007301 0b001201 10000 100 20480 373263 9053 8979
0b001701 0b004d01 10000 100 204800 365357 25487 16705
0b007d01 0b009501 10000 100 2097152 216101 175244 96034
0b003b01 0b000501 10000 100 2048 384270 8216 8207
0b006101 0b002b01 10000 100 1048576 334807 57796 52077
0b007001 0b007201 10000 100 1048576 350521 52169 48037
0b006701 0b008101 10000 100 512000 354647 52113 29583
0b006201 0b007a01 10000 100 1048576 314577 101083 52077
0b006d01 0b006b01 10000 100 204800 396804 19054 12665
0b000f01 0b004301 10000 100 10240 408045 8565 8550
0b006f01 0b003a01 10000 100 51200 419934 10488 10267
0b008001 0b008b01 10000 100 10240 426713 5362 4510
0b005401 0b007001 10000 100 1024 424180 8141 8164
0b000201 0b005c01 10000 100 1048576 378633 57265 52077
0b007b01 0b008b01 10000 100 1048576 282082 154579 52077
0b007901 0b002d01 10000 100 5120 428466 8316 8336
0b005c01 0b004d01 10000 100 512000 392539 48851 29583
0b005e01 0b000c01 10000 100 51200 435493 12642 10267
0b008601 0b003e01 10000 100 512000 404982 46609 29583
0b006701 0b001c01 10000 100 102400 436520 16876 12413
0b003e01 0b008d01 10000 100 5242880 46443 407954 227901
0b005401 0b005d01 10000 100 102400 450784 9916 8373
0b007101 0b005201 10000 100 51200 450226 10603 10267
0b004101 0b000701 10000 100 20480 451968 9158 8979
0b008301 0b005a01 10000 100 10240 453437 9033 8550
0b003601 0b004b01 10000 100 102400 446376 21246 12413
0b003701 0b001d01 10000 100 512000 409392 59137 29583
0b005301 0b006d01 10000 100 10240 460716 10404 8550
0b009401 0b009c01 10000 100 2097152 371290 100505 91994
0b001c01 0b005a01 10000 100 51200 457851 15351 10267
0b007901 0b002601 10000 100 51200 467176 11328 10267
0b005501 0b004701 10000 100 51200 470364 11415 10267
0b001c01 0b009301 10000 100 204800 455590 27896 16705
0b007f01 0b004c01 10000 100 512000 454141 32286 29583
0b008101 0b006001 10000 100 2048 480121 8232 8207
0b003a01 0b005e01 10001 100 1048576 390270 98373 52077
0b006201 0b002c01 10000 100 512000 458493 31286 29583
0b009701 0b005301 10000 100 204800 461897 28829 16705
0b006c01 0b006501 10000 100 51200 491073 9354 6227
0b001101 0b006d01 10000 100 1048576 400278 105788 52077
0b001001 0b000201 10000 100 2097152 405643 110894 96034
0b001801 0b001501 10000 100 51200 509003 7844 6227
0b002a01 0b009a01 10000 100 51200 506943 10971 10267
0b009001 0b005e01 10000 100 512000 490859 32329 29583
0b009b01 0b006b01 10000 100 20480 515875 8981 8979
0b004b01 0b009e01 10000 100 10240 517928 8887 8550
0b009801 0b002901 10000 100 512000 462114 64738 29583
0b007501 0b000401 10000 100 51200 516742 11541 10267
0b005801 0b008601 10000 100 204800 511025 19475 16705
0b006001 0b005601 10000 100 512000 478623 52144 29583
0b007401 0b003401 10000 100 204800 502364 29530 16705
0b001101 0b002601 10000 100 1048576 445626 86808 52077
0b008601 0b001b01 10000 100 2097152 336351 200641 96034
0b001601 0b008901 10000 100 5242880 280484 260609 227901
0b000801 0b008c01 10000 100 10240 537302 8640 8550
0b001f01 0b004f01 10000 100 5120 538743 8532 8336
0b005501 0b002f01 10000 100 512000 516391 31286 29583
0b005101 0b004001 10000 100 1024 540659 8201 8164
0b005001 0b000b01 10000 100 102400 532754 16853 12413
0b002301 0b004601 10000 100 1048576 461708 94645 52077
0b001b01 0b002801 10000 100 5242880 225683 330855 227901
0b000b01 0b008a01 10000 100 10485760 39384 517894 447683
0b009601 0b001201 10000 100 1024 549856 8203 8164
0b008e01 0b004a01 10000 100 1048576 465398 93524 52077
0b008a01 0b007301 10000 100 2097152 388590 172588 96034
0b004801 0b000a01 10000 100 512000 513313 52938 29583
0b004201 0b009e01 10000 100 2048 561734 9215 8207
0b006c01 0b003701 10000 100 1048576 492228 84049 52077
0b007d01 0b001b01 10000 100 5120 568076 8479 8336
0b009601 0b004301 10000 100 20480 576582 9155 8979
0b006f01 0b004601 10000 100 20480 582342 9021 8979
0b007801 0b009e01 10000 100 2097152 473889 135113 96034
0b003201 0b002b01 10000 100 10240 601144 8597 8550
0b006001 0b009d01 10000 100 5242880 342709 271374 227901
0b003701 0b004b01 10000 100 5242880 251313 364471 227901
0b002401 0b005001 10000 100 5120 609100 8406 8336
0b000601 0b002901 10000 100 1048576 469744 150995 52077
0b008701 0b003201 10000 100 512000 589918 31781 29583
0b008b01 0b001d01 10000 100 51200 611940 14646 10267
0b004a01 0b001501 10000 100 102400 613584 13874 12413
0b000a01 0b001b01 10000 100 51200 616313 11593 10267
0b002101 0b004501 10000 100 2097152 505881 125206 96034
0b009b01 0b005101 10000 100 51200 624954 10365 10267
0b002a01 0b009301 10000 100 1048576 543549 93314 52077
0b003b01 0b008d01 10000 100 20480 627142 9810 8979
0b003c01 0b000301 10000 100 102400 622333 17764 12413
0b005001 0b009401 10000 100 5242880 378240 261886 227901
0b000601 0b008101 10000 100 2097152 406345 236354 96034
0b001e01 0b000401 10000 100 5242880 214846 429499 227901
0b001301 0b006901 10000 100 1024 636342 8140 8164
0b009901 0b000e01 10000 100 512000 601827 42752 29583
0b002a01 0b004401 10000 100 1048576 551563 97843 52077
0b000401 0b001001 10000 100 204800 617918 35234 16705
0b003601 0b003301 10000 100 10240 651637 5518 4510
0b001f01 0b004f01 10001 100 1048576 548686 114371 52077
0b003f01 0b008f01 10000 100 1048576 553139 110999 52077
0b009b01 0b005f01 10000 100 5120 655947 8317 8336
0b008b01 0b007e01 10000 100 1048576 566016 105598 52077
0b002801 0b003601 10000 100 51200 662661 12985 10267
0b000301 0b003e01 10000 100 10240 669198 9024 8550
0b007c01 0b009a01 10000 100 10485760 51316 629507 447683
0b002f01 0b000b01 10000 100 102400 675384 12521 12413
0b002201 0b001601 10000 100 51200 678947 11630 10267
0b009f01 0b002101 10000 100 51200 679953 12799 10267
0b009301 0b003b01 10000 100 204800 675649 17468 16705
0b005301 0b007201 10000 100 2048 685020 8209 8207
0b001e01 0b000a01 10000 100 5242880 262464 434966 227901
0b002801 0b003d01 10000 100 10240 695025 8834 8550
0b000a01 0b007201 10000 100 10240 696957 8555 8550
0b004b01 0b002901 10000 100 20480 698633 9469 8979
0b000301 0b001201 10000 100 2097152 597452 111618 96034
0b005501 0b008f01 10000 100 5120 703446 8632 8336
0b005801 0b009301 10000 100 2048 712336 8269 8207
0b009301 0b001801 10000 100 1024 712203 8695 8164
0b003901 0b008a01 10000 100 204800 707628 19149 16705
0b001401 0b004e01 10000 100 10485760 235740 491938 447683
0b006b01 0b009501 10000 100 512000 674209 54928 29583
0b009401 0b003601 10000 100 2097152 592984 141066 96034
0b001c01 0b006b01 10000 100 1048576 646778 91807 52077
0b009c01 0b009f01 10000 100 51200 731940 7404 6227
0b005f01 0b001801 10000 100 204800 715247 26240 16705
0b003101 0b001901 10001 100 512000 682720 60255 29583
0b007601 0b007d01 10000 100 512000 697704 48090 25543
0b002301 0b003001 10000 100 5120 739579 8485 8336
0b002801 0b000001 10000 100 204800 724852 25069 16705
0b004901 0b009901 10000 100 2048 742172 8219 8207
0b009001 0b009401 10000 100 1024 746771 4108 4124
0b006201 0b008b01 10000 100 102400 749639 12542 12413
0b009f01 0b001301 10000 100 1048576 655374 107642 52077
0b000101 0b009a01 10000 100 51200 760021 10503 10267
0b002c01 0b001f01 10000 100 1024 762528 8228 8164
0b002b01 0b005401 10000 100 204800 745374 27792 16705
0b004401 0b009301 10000 100 204800 757317 17153 16705
0b000f01 0b002801 10000 100 204800 748440 28163 16705
0b000001 0b000601 10000 100 5242880 389901 388989 223861
0b001b01 0b004201 10000 100 5242880 471741 308362 227901
0b000a01 0b007601 10000 100 51200 774440 10538 10267
0b006c01 0b005801 10000 100 5242880 509943 278737 227901
0b004f01 0b006a01 10000 100 20480 778475 10882 8979
0b003c01 0b001c01 10000 100 2097152 612350 177092 96034
0b009401 0b006901 10000 100 2097152 655722 136642 96034
0b004701 0b009701 10000 100 2048 784485 8256 8207
0b005e01 0b007801 10000 100 51200 783366 10380 10267
0b002001 0b000a01 10000 100 102400 775959 22093 12413
0b005d01 0b008301 10000 100 512000 751732 53738 29583
0b009d01 0b005501 10000 100 1024 801613 8176 8164
0b005e01 0b001b01 10000 100 204800 786505 24826 16705
0b000c01 0b008e01 10000 100 2097152 642429 171884 96034
0b000701 0b004e01 10000 100 51200 806384 10657 10267
0b000901 0b001201 10000 100 512000 773711 43500 29583
0b002e01 0b007201 10000 100 1048576 766152 56253 52077
0b004301 0b001201 10000 100 204800 801027 21742 16705
0b008001 0b004701 10000 100 10485760 150736 672359 447683
0b007001 0b000c01 10000 100 51200 814929 12350 10267
0b005601 0b001601 10000 100 10485760 225129 605929 447683
0b007b01 0b001301 10000 100 5242880 156318 677172 227901
0b000801 0b009b01 10000 100 204800 824009 16926 16705
0b000101 0b007501 10000 100 1048576 777002 65936 52077
0b006c01 0b007801 10000 100 1024 835062 8140 8164
0b000e01 0b003d01 10000 100 51200 834485 11396 10267
0b007a01 0b000801 10000 100 5120 844532 8475 8336
0b000301 0b008e01 10000 100 20480 851583 9061 8979
0b009701 0b001001 10000 100 102400 846396 16859 12413
0b003601 0b005d01 10000 100 5242880 410271 458999 227901
0b003e01 0b005001 10000 100 204800 843061 27152 16705
0b005a01 0b001401 10000 100 51200 861204 10402 10267
0b005201 0b006201 10000 100 102400 860156 12642 12413
0b009401 0b003701 10000 100 5120 878980 8348 8336
0b004f01 0b003d01 10000 100 5242880 541696 348055 227901
0b004201 0b007101 10001 100 204800 848401 43270 16705
0b004201 0b007101 10000 100 2097152 594263 298084 96034
0b007001 0b003b01 10000 100 1048576 832222 60390 52077
0b004f01 0b000001 10000 100 2097152 673292 219962 96034
0b006e01 0b002201 10000 100 2097152 793468 104127 96034
0b006001 0b000401 10000 100 102400 887286 16863 12413
0b002401 0b002f01 10000 100 20480 902492 4952 4939
0b000901 0b007c01 10000 100 20480 898469 10022 8979
0b000c01 0b003001 10000 100 51200 897317 14744 10267
0b004601 0b007e01 10000 100 512000 855764 57036 29583
0b006a01 0b003f01 10000 100 5242880 667541 248701 227901
0b007d01 0b002701 10000 100 5242880 422524 505160 227901
0b009901 0b005e01 10000 100 10240 921663 8599 8550
0b008601 0b005401 10000 100 1048576 711824 218843 52077
0b007301 0b008f01 10000 100 20480 921466 9849 8979
0b005f01 0b009f01 10000 100 5242880 666901 270160 227901
0b000001 0b008b01 10000 100 5120 928875 8672 8336
0b002f01 0b006101 10000 100 204800 920208 17469 16705
0b001801 0b009e01 10000 100 102400 925717 15305 12413
0b000001 0b002301 10000 100 5242880 497268 444809 227901
0b000201 0b000b01 10000 100 2097152 844701 100375 91994
0b000e01 0b004c01 10000 100 512000 888103 58926 29583
0b004201 0b008301 10000 100 5120 941205 8733 8336
0b005201 0b007f01 10000 100 102400 939202 12653 12413
0b005101 0b004901 10000 100 102400 938566 15108 12413
0b004501 0b003e01 10000 100 204800 946933 17207 16705
0b004401 0b006a01 10000 100 51200 955400 10361 10267
0b007901 0b006501 10000 100 2048 955693 10637 8207
0b002501 0b004b01 10000 100 20480 967514 9868 8979
0b003f01 0b006901 10000 100 102400 976922 12600 12413
0b008701 0b001001 10000 100 1048576 892546 103243 52077
0b008b01 0b005d01 10000 100 1048576 911345 86422 52077
0b002001 0b005e01 10000 100 2048 989733 12794 8207
0b000301 0b000e01 10000 100 20480 1001411 5007 4939
0b009f01 0b005301 10000 100 102400 986349 20483 12413
0b002201 0b007601 10000 100 1048576 908018 103570 52077
0b009401 0b001f01 10000 100 1048576 919449 93736 52077
0b007b01 0b009001 10000 100 51200 996282 18760 10267
0b006001 0b007d01 10000 100 5242880 751067 264636 227901
0b006601 0b009101 10000 100 2097152 790194 229329 96034
0b007301 0b005501 10000 100 102400 1011030 14535 12413
0b005c01 0b006701 10000 100 51200 1016785 10493 10267
0b007401 0b005c01 10000 100 512000 931014 96519 29583
0b005d01 0b003001 10000 100 10485760 488112 539554 447683
0b001401 0b003901 10000 100 1024 1019490 8187 8164
0b003601 0b005d01 10001 100 1048576 947959 88371 52077
0b000301 0b005001 10000 100 204800 1013882 26174 16705
0b009301 0b002101 10000 100 1048576 959815 82491 52077
0b000901 0b009201 10000 100 1048576 952716 90943 52077
0b006101 0b000401 10000 100 512000 973498 78102 29583
0b006501 0b007a01 10000 100 2097152 805371 246600 96034
0b007601 0b004101 10000 100 10485760 441363 611439 447683
0b005c01 0b000f01 10000 100 10240 1045748 8958 8550
0b007b01 0b002401 10000 100 5242880 383598 676651 227901
0b008d01 0b009601 10000 100 5242880 366476 694089 227901
0b001701 0b004d01 10001 100 51200 1051127 12663 10267
0b007f01 0b001b01 10000 100 10240 1055708 9395 8550
0b006a01 0b001401 10000 100 1048576 1013798 56176 52077
0b009701 0b003d01 10000 100 2048 1066309 8241 8207
0b003201 0b009501 10000 100 10240 1065877 9255 8550
0b007401 0b008801 10000 100 2097152 790056 287705 96034
0b003201 0b006101 10000 100 2097152 960560 118536 96034
0b007f01 0b006501 10000 100 102400 1058303 22002 12413
0b007a01 0b008d01 10000 100 512000 1026800 60361 29583
0b009b01 0b000d01 10000 100 10240 1083587 8579 8550
0b007f01 0b007e01 10000 100 1048576 972535 126487 48037
0b004c01 0b002901 10000 100 10485760 207330 901504 447683
0b000401 0b007701 10000 100 1048576 964245 144869 52077
0b004301 0b008f01 10000 100 10485760 173809 935367 447683
0b009701 0b006f01 10000 100 5120 1100770 8546 8336
0b004701 0b004f01 10000 100 512000 1055078 58582 25543
0b001401 0b005401 10000 100 51200 1101514 12373 10267
0b001901 0b008401 10000 100 512000 1036671 77833 29583
0b004201 0b005301 10000 100 10485760 176636 940241 447683
0b009401 0b006d01 10000 100 102400 1104663 16861 12413
0b008801 0b002201 10000 100 102400 1101872 21250 12413
0b005b01 0b001401 10000 100 2048 1117158 8219 8207
0b004901 0b005501 10000 100 2048 1123124 8200 8207
0b009801 0b002a01 10000 100 204800 1112455 25717 16705
0b001401 0b004701 10000 100 102400 1129016 12846 12413
0b000001 0b000701 10000 100 5120 1138356 4312 4296
0b003101 0b000701 10000 100 2048 1135350 8258 8207
0b009801 0b008401 10000 100 10485760 624839 522512 447683
0b002a01 0b002c01 10000 100 512000 1102038 54405 25543
0b004501 0b001401 10000 100 204800 1142475 16970 16705
0b004801 0b003001 10000 100 102400 1147728 13817 12413
0b004401 0b005301 10000 100 10240 1153874 8752 8550
0b003101 0b001901 10000 100 10485760 217533 951290 447683
0b009f01 0b009501 10000 100 5120 1163593 5344 4296
0b000c01 0b000001 10000 100 20000000 68759 1100416 842480
0b000501 0b000201 10000 100 5242880 753647 417039 223861
0b003b01 0b002001 10000 100 10485760 539354 632665 447683
0b004901 0b006201 10000 100 51200 1161071 11436 10267
0b000801 0b008a01 10000 100 5242880 914981 259235 227901
0b002801 0b007801 10000 100 51200 1171741 12658 10267
0b008a01 0b000201 10000 100 512000 1155484 39377 29583
0b000301 0b007f01 10000 100 204800 1184492 22179 16705
0b007601 0b005a01 10000 100 10240 1202121 8761 8550
0b004601 0b009401 10000 100 512000 1172829 42619 29583
0b000501 0b008901 10000 100 5242880 800151 416742 227901
0b008801 0b001d01 10000 100 20480 1206054 10889 8979
0b009d01 0b004e01 10000 100 5120 1210951 8372 8336
0b004a01 0b008601 10000 100 5120 1218165 8745 8336
0b004b01 0b007001 10000 100 2048 1218995 8252 8207
0b003c01 0b009601 10000 100 102400 1216021 12879 12413
0b001101 0b009501 10000 100 1048576 1133401 104569 52077
0b009501 0b002101 10000 100 204800 1213744 26873 16705
0b000001 0b009a01 10000 100 1024 1239581 8172 8164
0b009301 0b007101 10000 100 1024 1239920 8166 8164
0b007201 0b003e01 10000 100 51200 1231639 16847 10267
0b008001 0b003501 10000 100 204800 1221209 28605 16705
0b004e01 0b009d01 10000 100 1024 1241570 8302 8164
0b001a01 0b007101 10000 100 2097152 1145371 107568 96034
0b007101 0b008501 10000 100 20480 1248923 9019 8979
0b005a01 0b008d01 10000 100 51200 1246502 11613 10267
0b005c01 0b007601 10000 100 20480 1251086 9280 8979
0b006901 0b004b01 10000 100 102400 1251048 15101 12413
0b003501 0b005a01 10000 100 20480 1257649 10272 8979
0b006401 0b006901 10000 100 102400 1258935 10952 8373
0b006701 0b003101 10000 100 10240 1264626 9658 8550
0b004e01 0b004101 10000 100 20480 1273119 7552 4939
0b005501 0b007201 10000 100 20480 1273545 9831 8979
0b009f01 0b007301 10000 100 512000 1206276 79066 29583
0b009101 0b007c01 10000 100 10485760 537654 749936 447683
0b008701 0b000101 10000 100 5242880 804479 483755 227901
0b002301 0b007d01 10000 100 1048576 1226251 63654 52077
0b008201 0b006b01 10000 100 1048576 1231885 59582 52077
0b004501 0b005601 10000 100 20480 1284460 9418 8979
0b004701 0b001701 10000 100 2097152 1100246 195837 96034
0b006801 0b004d01 10000 100 1048576 1177227 120036 52077
0b003c01 0b000d01 10000 100 5120 1289201 8422 8336
0b003d01 0b002501 10000 100 2048 1292195 8403 8207
0b001001 0b002701 10000 100 51200 1288375 16195 10267
0b006a01 0b005c01 10000 100 2048 1300909 8261 8207
0b002b01 0b007401 10000 100 5120 1312166 8559 8336
0b003b01 0b009801 10000 100 1024 1314204 8190 8164
0b004301 0b006f01 10000 100 1024 1318935 8148 8164
0b007201 0b006a01 10000 100 1048576 1176605 151516 52077
0b004f01 0b008601 10001 100 1048576 1226965 104042 52077
0b000f01 0b004d01 10000 100 2097152 1047938 286171 96034
0b003801 0b001b01 10000 100 2097152 1077241 263103 96034
0b000001 0b008b01 10001 100 204800 1324319 17130 16705
0b002201 0b005601 10000 100 1024 1329693 12148 8164
0b004201 0b004801 10000 100 2097152 1156008 192531 91994
0b000401 0b002801 10000 100 10485760 408280 940616 447683
0b004001 0b006d01 10000 100 20000000 326255 1024181 846520
0b009701 0b003401 10000 100 20000000 397352 954739 846520
0b003201 0b004101 10000 100 512000 1302219 53862 29583
0b005001 0b007a01 10000 100 2097152 1131901 226476 96034
0b006501 0b004901 10000 100 102400 1344403 15891 12413
0b001301 0b003f01 10000 100 51200 1349010 12624 10267
0b001101 0b000a01 10000 100 102400 1348117 14084 12413
0b000501 0b005701 10000 100 5120 1359587 8368 8336
0b001601 0b003201 10000 100 102400 1357541 12503 12413
0b002f01 0b002601 10000 100 512000 1336734 35425 25543
0b000b01 0b003c01 10000 100 10240 1367128 8953 8550
0b007001 0b000e01 10000 100 10240 1368875 8958 8550
0b002701 0b006a01 10000 100 2097152 1186631 198581 96034
0b006f01 0b001c01 10000 100 1024 1377809 8249 8164
0b001701 0b009401 10000 100 2097152 1265911 121097 96034
0b000801 0b004f01 10000 100 204800 1362483 25725 16705
0b009401 0b009901 10000 100 2097152 1271266 123705 91994
0b004e01 0b004901 10001 100 51200 1380078 15071 6227
0b000901 0b006901 10000 100 512000 1307060 93100 29583
0b006901 0b002201 10000 100 512000 1346434 53779 29583
0b006001 0b006a01 10000 100 1048576 1315488 85734 48037
0b002001 0b001e01 10000 100 10485760 456964 946522 447683
0b000601 0b007d01 10000 100 1024 1395345 8210 8164
0b009101 0b000c01 10000 100 2048 1396064 8287 8207
0b004101 0b006601 10000 100 2048 1400219 8435 8207
0b002c01 0b001d01 10000 100 512000 1322234 86634 29583
0b006201 0b003f01 10000 100 51200 1396335 12746 10267
0b005f01 0b005601 10000 100 1048576 1320797 89861 48037
0b008301 0b006e01 10000 100 5120 1402494 8807 8336
0b001401 0b008901 10000 100 102400 1401218 12668 12413
0b001401 0b004201 10000 100 10240 1411916 10343 8550
0b007a01 0b002b01 10000 100 5120 1413872 8419 8336
0b001901 0b001f01 10000 100 512000 1348231 74106 25543
0b009f01 0b008901 10000 100 102400 1405701 21930 12413
0b000901 0b001801 10000 100 2097152 1139865 290197 96034
0b006201 0b004301 10000 100 2097152 1314719 129744 96034
0b001701 0b007101 10000 100 512000 1414590 31784 29583
0b002c01 0b002701 10000 100 512000 1369998 77703 25543
0b002901 0b004501 10000 100 512000 1328036 120523 29583
0b004c01 0b001f01 10000 100 51200 1431806 17485 10267
0b005901 0b004d01 10000 100 10240 1440689 9070 8550
0b001c01 0b004501 10000 100 204800 1409915 40417 16705
0b007801 0b000c01 10000 100 10485760 29522 1426338 447683
0b006401 0b003901 10000 100 2097152 1238327 222222 96034
0b002c01 0b000301 10000 100 1048576 1284835 179675 52077
0b001b01 0b003d01 10000 100 51200 1453471 13325 10267
0b004701 0b007601 10000 100 1048576 1370632 98283 52077
0b008d01 0b009c01 10000 100 2097152 1120864 358556 96034
0b009701 0b000e01 10000 100 102400 1462942 16575 12413
0b001f01 0b006001 10000 100 204800 1460790 18808 16705
0b009a01 0b000901 10000 100 1048576 1422932 58848 52077
0b004e01 0b003d01 10000 100 204800 1429743 53006 16705
0b007f01 0b005401 10000 100 512000 1428339 61608 29583
0b006301 0b002501 10000 100 51200 1481508 12007 10267
0b001b01 0b004901 10000 100 51200 1484297 12269 10267
0b007101 0b000f01 10000 100 1048576 1385530 116170 52077
0b005f01 0b002401 10000 100 20480 1494745 9486 8979
0b009501 0b000301 10000 100 20000000 175233 1331088 846520
0b002c01 0b003d01 10000 100 5242880 1142587 368402 227901
0b006401 0b002301 10000 100 1024 1503344 8204 8164
0b008701 0b008901 10000 100 20480 1506776 5028 4939
0b002a01 0b004701 10000 100 20480 1504965 9073 8979
0b002101 0b007b01 10000 100 512000 1469475 45426 29583
0b008301 0b003801 10000 100 512000 1442174 74093 29583
0b005b01 0b009301 10000 100 51200 1509212 10300 10267
0b009d01 0b003c01 10000 100 204800 1499394 27108 16705
0b006701 0b004101 10000 100 5242880 938579 588107 227901
0b001d01 0b008801 10000 100 1024 1509357 18613 8164
0b005101 0b005401 10000 100 51200 1518781 9260 6227
0b008b01 0b007001 10000 100 1048576 1451751 76968 52077
0b001901 0b000101 10000 100 20000000 189550 1342697 846520
0b004e01 0b009b01 10000 100 1048576 1335023 199386 52077
0b008a01 0b007e01 10000 100 204800 1507581 31608 16705
0b009901 0b008201 10000 100 1024 1535836 8167 8164
0b002301 0b007901 10000 100 2097152 1331312 218488 96034
0b003d01 0b009501 10000 100 1048576 1415124 147838 52077
0b003701 0b005d01 10000 100 5120 1555736 8594 8336
0b004201 0b003401 10000 100 102400 1539041 26395 12413
0b005d01 0b007f01 10000 100 1024 1559234 8153 8164
0b000501 0b007401 10000 100 1024 1577657 8169 8164
0b002301 0b000401 10000 100 5120 1589303 8422 8336
0b006901 0b009b01 10000 100 204800 1578423 20476 16705
0b003501 0b004001 10000 100 2097152 1338255 261877 96034
0b002d01 0b004601 10000 100 10485760 762668 839000 447683
0b005901 0b003901 10000 100 102400 1589602 20932 12413
0b001201 0b006801 10000 100 20000000 423426 1187271 846520
0b009601 0b006501 10000 100 512000 1554526 59977 29583
0b002501 0b004801 10000 100 20000000 284258 1334547 846520
0b009c01 0b008a01 10000 100 102400 1595903 25972 12413
0b005b01 0b009201 10000 100 204800 1599705 25246 16705
0b005301 0b005a01 10000 100 2097152 1464968 160679 91994
0b006301 0b001401 10000 100 102400 1611145 17530 12413
0b007c01 0b003a01 10000 100 102400 1615364 18810 12413
0b005601 0b005101 10000 100 2097152 1535577 100652 91994
0b005501 0b007d01 10000 100 20480 1635303 9432 8979
0b003801 0b009c01 10000 100 20480 1636010 9864 8979
0b001a01 0b008101 10000 100 204800 1630949 17559 16705
0b001b01 0b008a01 10000 100 5120 1640724 8567 8336
0b008d01 0b001e01 10000 100 10485760 263111 1387643 447683
0b007f01 0b009801 10000 100 10240 1643612 8739 8550
0b009901 0b009201 10000 100 2097152 1488994 163755 91994
0b001001 0b005701 10000 100 20480 1643254 13071 8979
0b004a01 0b008201 10000 100 102400 1642461 14394 12413
0b006901 0b004f01 10000 100 5242880 861905 796185 227901
0b007801 0b008801 10000 100 1048576 1518341 141046 52077
0b006801 0b004201 10000 100 2097152 1502387 159568 96034
0b004801 0b002c01 10000 100 1024 1657033 9243 8164
0b008f01 0b002001 10000 100 5242880 973970 692308 227901
0b005901 0b000e01 10000 100 10485760 1161651 504772 447683
0b008701 0b007501 10000 100 5120 1657569 9891 8336
0b002b01 0b008401 10000 100 102400 1643017 27749 12413
0b007d01 0b007101 10000 100 102400 1662793 8613 8373
0b001601 0b005401 10000 100 2097152 1385270 287786 96034
0b008f01 0b002501 10000 100 5242880 1028384 646194 227901
0b002901 0b004401 10000 100 10485760 273279 1402711 447683
0b003001 0b001101 10000 100 51200 1659232 17678 10267
0b001801 0b003201 10000 100 10240 1675089 8709 8550
0b008801 0b008201 10000 100 204800 1657978 26040 12665
0b003701 0b003901 10000 100 20000000 439316 1245476 842480
0b005a01 0b009d01 10000 100 1048576 1621430 69366 52077
0b005301 0b000e01 10000 100 2048 1683157 8228 8207
0b007601 0b007d01 10001 100 20480 1689118 5682 4939
0b002301 0b003e01 10000 100 102400 1685057 13185 12413
0b000701 0b007c01 10000 100 10485760 945949 756213 447683
0b005401 0b000801 10000 100 2097152 1591799 111725 96034
0b001c01 0b005601 10000 100 2097152 1421174 283671 96034
0b009801 0b000701 10000 100 102400 1690021 14983 12413
0b002b01 0b008a01 10000 100 512000 1621716 86041 29583
0b003d01 0b009801 10000 100 1048576 1565463 143356 52077
0b005001 0b002c01 10000 100 10485760 690737 1018420 447683
0b009401 0b004601 10000 100 2097152 1162237 547094 96034
0b007501 0b003201 10000 100 102400 1693822 16873 12413
0b003e01 0b007901 10000 100 2048 1704970 14358 8207
0b000001 0b002701 10000 100 20480 1713743 10725 8979
0b002001 0b004d01 10000 100 20000000 106334 1623830 846520
0b007801 0b007b01 10000 100 2097152 1512279 218740 91994
0b005501 0b001201 10000 100 512000 1691058 48496 29583
0b001d01 0b006d01 10000 100 10240 1734335 9098 8550
0b008f01 0b006401 10000 100 512000 1702287 42267 29583
0b004b01 0b009f01 10000 100 10485760 1149822 597909 447683
0b002501 0b002001 10000 100 2097152 1402919 345515 91994
0b004701 0b005e01 10000 100 10485760 1069730 683513 447683
0b003101 0b004b01 10000 100 102400 1743231 13485 12413
0b004b01 0b007201 10000 100 51200 1752656 12641 10267
0b004e01 0b002301 10000 100 5242880 999539 765885 227901
0b009e01 0b005f01 10000 100 512000 1692083 76564 29583
0b004201 0b001e01 10000 100 1024 1760353 8432 8164
0b009001 0b001701 10000 100 5242880 1315465 454239 227901
0b002901 0b002a01 10000 100 10485760 301598 1470729 443643
0b002f01 0b002401 10000 100 204800 1733114 39311 12665
0b005f01 0b008001 10000 100 2048 1766727 8195 8207
0b006c01 0b002201 10000 100 10485760 1036007 743683 447683
0b000d01 0b001101 10000 100 2097152 1532137 247581 96034
0b009101 0b007501 10000 100 1024 1772172 8551 8164
0b002e01 0b008d01 10000 100 10485760 927954 853375 447683
0b002d01 0b000001 10000 100 51200 1770127 11550 10267
0b001e01 0b003d01 10000 100 5120 1775763 8977 8336
0b002901 0b001401 10000 100 1048576 1588266 197913 52077
0b005e01 0b006601 10000 100 2048 1778992 8441 8207
0b003c01 0b005c01 10000 100 512000 1745250 42463 29583
0b007d01 0b002101 10000 100 5120 1782963 8450 8336
0b003c01 0b008001 10000 100 20480 1789388 9586 8979
0b008801 0b005a01 10000 100 20000000 393717 1407907 846520
0b004d01 0b006a01 10000 100 2048 1794674 8337 8207
0b003801 0b006801 10000 100 5120 1798502 8727 8336
0b003701 0b004301 10000 100 1048576 1747550 59708 52077
0b002601 0b001001 10000 100 204800 1777397 30154 16705
0b005701 0b008d01 10000 100 1048576 1610815 199072 52077
0b000801 0b005f01 10000 100 204800 1788209 21724 16705
0b002501 0b000301 10000 100 5242880 1043108 768433 227901
0b006b01 0b008301 10000 100 204800 1781018 31136 16705
0b006601 0b005501 10000 100 51200 1798305 14683 10267
0b000901 0b001901 10000 100 2048 1806223 8342 8207
0b000901 0b001101 10000 100 20000000 23192 1792003 846520
0b001901 0b001b01 10000 100 10485760 942269 873174 443643
0b002601 0b000d01 10000 100 10240 1806817 8993 8550
0b002b01 0b006601 10000 100 10485760 1006869 810354 447683
0b002901 0b007701 10000 100 5242880 868177 949990 227901
0b003601 0b004f01 10000 100 10485760 397301 1422710 447683
0b004201 0b008601 10000 100 2097152 1499738 323224 96034
0b007801 0b004901 10000 100 1024 1816188 8219 8164
0b003901 0b007d01 10000 100 2097152 1632566 192404 96034
0b006401 0b002801 10000 100 204800 1808860 21858 16705
0b008a01 0b007101 10000 100 512000 1766250 65855 29583
0b007401 0b005201 10000 100 10485760 606926 1226430 447683
0b003d01 0b009a01 10000 100 204800 1796566 37135 16705
0b003801 0b000901 10000 100 102400 1816240 21284 12413
0b007b01 0b006301 10000 100 2097152 1684186 157780 96034
0b009e01 0b002401 10000 100 5242880 1374404 469443 227901
0b001801 0b003c01 10000 100 2097152 1577838 270114 96034
0b007f01 0b003301 10000 100 512000 1791400 58621 29583
0b004001 0b009f01 10000 100 2097152 1729396 120876 96034
0b003a01 0b005b01 10000 100 2048 1846416 8306 8207
0b008f01 0b000f01 10000 100 20000000 202713 1656342 846520
0b006501 0b001601 10000 100 2097152 1741226 118407 96034
0b005701 0b008d01 10001 100 5120 1851620 9175 8336
0b008301 0b005f01 10000 100 204800 1817241 45372 16705
0b006e01 0b002001 10000 100 5242880 1147676 716718 227901
0b004c01 0b001a01 10000 100 5242880 1154501 712345 227901
0b002801 0b004801 10000 100 5242880 1272378 596065 227901
0b007401 0b006901 10000 100 2048 1860794 8498 8207
0b007101 0b002c01 10000 100 2097152 1727886 148969 96034
0b001c01 0b009501 10000 100 20000000 448050 1431331 846520
0b006601 0b004a01 10000 100 20000000 786635 1093071 846520
0b003e01 0b007301 10000 100 20000000 138982 1745302 846520
0b006e01 0b000001 10000 100 5242880 1243968 640767 227901
0b001501 0b001d01 10000 100 204800 1866330 21538 12665
0b003401 0b004b01 10000 100 1024 1880123 8189 8164
0b005c01 0b005e01 10000 100 512000 1808338 81354 25543
0b004e01 0b005501 10000 100 10485760 698509 1194071 447683
0b003601 0b002a01 10000 100 51200 1883459 10553 10267
0b002401 0b004601 10000 100 5242880 1415342 483219 227901
0b001801 0b007901 10000 100 2097152 1693173 210415 96034
0b007701 0b000f01 10000 100 1048576 1772818 130935 52077
0b000e01 0b001201 10000 100 1024 1899235 8156 8164
0b008a01 0b000801 10000 100 51200 1894463 14711 10267
0b009801 0b008601 10000 100 2048 1904429 8228 8207
0b004501 0b001301 10000 100 512000 1861680 52724 29583
0b004f01 0b008101 10000 100 1048576 1817023 97842 52077
0b007501 0b003e01 10000 100 512000 1876445 40466 29583
0b004501 0b008201 10000 100 20480 1907957 9841 8979
0b009501 0b006b01 10000 100 102400 1911771 12728 12413
0b004101 0b000701 10001 100 5120 1916542 8760 8336
0b004a01 0b005401 10000 100 10485760 794263 1141812 447683
0b006701 0b005601 10000 100 10485760 944000 993090 447683
0b005c01 0b003d01 10000 100 512000 1851245 87199 29583
0b006301 0b008901 10000 100 51200 1926430 12635 10267
0b006501 0b007e01 10000 100 20480 1929942 13345 8979
0b009301 0b002101 10001 100 512000 1904290 40284 29583
0b005a01 0b002b01 10000 100 1048576 1888345 57661 52077
0b003301 0b004c01 10000 100 2097152 1679621 266482 96034
0b001d01 0b009001 10000 100 2097152 1700820 245529 96034
0b008d01 0b000f01 10000 100 1048576 1832192 115591 52077
0b007101 0b007e01 10000 100 2048 1940873 8993 4167
0b003301 0b004001 10000 100 512000 1890685 62100 29583
0b001301 0b001b01 10000 100 204800 1940791 21513 12665
0b001301 0b007801 10000 100 20480 1955887 12332 8979
0b005c01 0b003f01 10000 100 10240 1970216 9487 8550
0b002701 0b007101 10000 100 51200 1967467 15893 10267
0b007501 0b009401 10000 100 5242880 1560105 423380 227901
0b001d01 0b000c01 10000 100 51200 1971066 12558 10267
0b004a01 0b007c01 10000 100 20480 1974430 9677 8979
0b009701 0b002c01 10000 100 5120 1980336 8427 8336
0b009f01 0b007301 10001 100 102400 1968020 21291 12413
0b002d01 0b009601 10000 100 1048576 1905673 84086 52077
0b001f01 0b001d01 10000 100 10485760 470382 1525979 443643
0b005701 0b002c01 10000 100 10485760 728628 1269581 447683
0b007e01 0b009201 10000 100 1048576 1847775 151812 52077
0b003101 0b003e01 10000 100 1048576 1958552 55866 48037
0b004f01 0b007801 10000 100 2048 2006243 8597 8207
0b008501 0b005901 10000 100 102400 1999916 16089 12413
0b000401 0b000c01 10000 100 20000000 344879 1675800 842480
0b004901 0b009501 10000 100 2097152 1807770 213748 96034
0b006201 0b007d01 10000 100 102400 1998343 23554 12413
0b008801 0b009301 10000 100 204800 2004815 19597 16705
0b000001 0b002801 10000 100 5242880 1554774 470017 227901
0b006001 0b000601 10000 100 1048576 1924516 110799 52077
0b008001 0b004d01 10000 100 51200 2017091 19860 10267
0b003701 0b004301 10001 100 1048576 1979404 59474 52077
0b005401 0b005e01 10000 100 204800 2026210 13508 12665
0b001301 0b005501 10000 100 10485760 1146220 894224 447683
0b004e01 0b007501 10000 100 2048 2033437 8260 8207
0b009401 0b004d01 10000 100 20480 2039397 10892 8979
0b006701 0b001801 10000 100 20480 2040441 10693 8979
0b006101 0b006901 10000 100 5242880 1180908 872991 223861
0b001f01 0b001301 10000 100 1048576 1940614 113872 48037
0b006701 0b006d01 10000 100 512000 2005761 48920 25543
0b004c01 0b004501 10000 100 512000 1982292 73997 25543
0b007d01 0b008e01 10000 100 1048576 1998482 63724 52077
0b005601 0b008c01 10000 100 1048576 2008129 55945 52077
0b007c01 0b004501 10000 100 10485760 1386470 683052 447683
0b009301 0b005001 10000 100 102400 2044974 24832 12413
0b008e01 0b001801 10000 100 10240 2063939 8986 8550
0b002001 0b001b01 10000 100 204800 2048771 26388 16705
0b000801 0b001e01 10000 100 51200 2066830 12721 10267
0b005201 0b001401 10000 100 204800 2045601 38479 16705
0b003801 0b001801 10000 100 51200 2075588 14673 10267
0b004d01 0b003c01 10000 100 204800 2061154 32665 16705
0b009f01 0b001e01 10000 100 5120 2085707 8840 8336
0b002a01 0b006801 10000 100 102400 2084114 15205 12413
0b004d01 0b003901 10000 100 1024 2093694 8268 8164
0b001001 0b004301 10000 100 512000 2027694 78758 29583
0b005001 0b001001 10000 100 5242880 1769713 337035 227901
0b005e01 0b005d01 10000 100 10485760 1604844 502544 443643
0b003f01 0b009301 10000 100 512000 2048978 63129 29583
0b008201 0b005c01 10000 100 5242880 1829731 282622 227901
0b002201 0b002e01 10000 100 512000 2057270 55956 25543
0b006701 0b006201 10000 100 51200 2100982 12400 6227
0b000d01 0b009401 10000 100 1048576 1956937 157040 52077
0b007b01 0b001401 10000 100 512000 2039095 81197 29583
0b005301 0b005d01 10000 100 512000 2071033 50503 25543
0b003f01 0b007b01 10000 100 20480 2113232 10706 8979
0b002301 0b007901 10001 100 1048576 2018063 107618 52077
0b000301 0b007501 10000 100 10240 2124706 8729 8550
0b006101 0b002501 10000 100 10485760 822994 1311240 447683
0b001d01 0b007401 10000 100 102400 2122634 13837 12413
0b005801 0b001201 10000 100 512000 2084248 52624 29583
0b006801 0b000f01 10000 100 2097152 1953481 190466 96034
0b002f01 0b002701 10000 100 2048 2139649 4501 4167
0b001001 0b000d01 10000 100 5120 2138227 8757 8336
0b000801 0b000501 10000 100 1048576 2092122 55168 48037
0b002101 0b009701 10000 100 51200 2137304 10380 10267
0b001b01 0b004601 10000 100 10485760 1171886 977075 447683
0b006b01 0b008f01 10000 100 512000 2098237 53177 29583
0b009601 0b006601 10000 100 5120 2143664 8522 8336
0b006d01 0b006001 10000 100 5120 2152068 4403 4296
0b006001 0b009401 10000 100 1048576 2042475 115125 52077
0b001601 0b004f01 10000 100 2097152 1937963 222694 96034
0b003201 0b002801 10000 100 2048 2155030 8204 8207
0b000101 0b006001 10000 100 2048 2159237 8224 8207
0b003c01 0b008501 10000 100 102400 2154339 13936 12413
0b009001 0b006501 10000 100 20480 2156902 12906 8979
0b006301 0b004101 10000 100 5242880 1834396 335714 227901
0b002c01 0b008d01 10000 100 10240 2163991 9470 8550
0b006201 0b004601 10000 100 51200 2162298 11684 10267
0b003f01 0b008e01 10000 100 102400 2157010 18302 12413
0b005e01 0b008101 10000 100 512000 2123573 51790 29583
0b005e01 0b005c01 10000 100 1048576 2094378 84827 48037
0b001001 0b001a01 10000 100 20000000 714788 1465113 842480
0b002c01 0b008201 10000 100 5242880 1851959 332650 227901
0b001b01 0b001001 10000 100 204800 2171683 14855 12665
0b008701 0b007d01 10000 100 1048576 2082149 105147 52077
0b002301 0b008c01 10000 100 102400 2179069 13299 12413
0b003501 0b002301 10000 100 2097152 1826095 370147 96034
0b000201 0b006101 10000 100 51200 2181231 17769 10267
0b000801 0b003801 10000 100 1024 2192080 8185 8164
0b001501 0b004101 10000 100 2048 2194825 8262 8207
0b009201 0b004d01 10000 100 10240 2195615 8833 8550
0b004f01 0b005f01 10000 100 51200 2193230 13714 10267
0b007d01 0b000601 10000 100 5120 2198895 8577 8336
0b006801 0b002801 10000 100 204800 2192846 18778 16705
0b004f01 0b001101 10000 100 102400 2199490 20956 12413
0b007e01 0b005301 10000 100 20000000 347309 1874034 846520
0b006701 0b007e01 10000 100 20000000 299566 1921954 846520
0b001601 0b004b01 10000 100 1048576 2088866 132935 52077
0b007801 0b008701 10000 100 5242880 1522897 699399 227901
0b008f01 0b004401 10000 100 2097152 2031537 191074 96034
0b009e01 0b009401 10000 100 5120 2218771 4404 4296
0b008d01 0b009801 10000 100 1048576 2122647 109789 52077
0b008d01 0b005901 10000 100 20000000 228327 2005732 846520
0b007901 0b007501 10000 100 1048576 2179402 56727 48037
0b002201 0b004201 10000 100 102400 2224778 12768 12413
0b004101 0b006001 10000 100 204800 2205529 34463 16705
0b006301 0b004501 10000 100 10240 2241994 8564 8550
0b000c01 0b005001 10000 100 2048 2245579 8335 8207
0b002801 0b009601 10000 100 2097152 2096301 159167 96034
0b000001 0b004701 10000 100 10485760 1552283 707533 447683
0b007a01 0b005401 10000 100 1048576 2127294 134598 52077
0b003d01 0b007a01 10000 100 20000000 12095 2252346 846520
0b005f01 0b002601 10000 100 2097152 2061916 205750 96034
0b007101 0b006a01 10000 100 204800 2248964 19419 16705
0b000601 0b001b01 10000 100 20000000 270862 2000992 846520
0b001801 0b007401 10000 100 204800 2252431 20363 16705
0b004801 0b007001 10000 100 1048576 2127066 147363 52077
0b003301 0b006101 10000 100 1048576 2071287 209403 52077
0b008501 0b003401 10000 100 1048576 2232154 56324 52077
0b002c01 0b009901 10000 100 512000 2244823 45901 29583
0b000301 0b008f01 10000 100 1048576 2182191 109560 52077
0b007201 0b001701 10000 100 1048576 2102769 190387 52077
0b003b01 0b005401 10000 100 10485760 720132 1600519 447683
0b007e01 0b008f01 10000 100 20000000 385884 1940499 846520
0b008001 0b006801 10000 100 2097152 1959807 370837 96034
0b001601 0b001f01 10000 100 5242880 1801454 531406 223861
0b003f01 0b004901 10000 100 2097152 1883349 483241 96034
0b003901 0b002701 10000 100 20000000 1225876 1147921 846520
0b008801 0b008901 10000 100 5242880 2083362 296753 223861
0b004001 0b000601 10000 100 2097152 2122782 260373 96034
0b006f01 0b009d01 10000 100 10485760 1790389 599026 447683
0b009f01 0b005001 10000 100 20000000 795558 1603930 846520
0b001e01 0b003301 10000 100 10485760 1404574 997786 447683
0b007401 0b007a01 10000 100 20000000 47697 2355189 842480
0b008f01 0b001301 10000 100 2097152 2211293 203923 96034
0b009301 0b001601 10000 100 5242880 2003669 414629 227901
0b005a01 0b002b01 10001 100 2097152 2220521 199967 96034
0b008301 0b009401 10000 100 5242880 1721766 710980 227901
0b005201 0b004401 10000 100 10485760 1549239 891069 447683
0b009801 0b004401 10000 100 5242880 1642002 802798 227901
0b000901 0b007901 10000 100 10485760 1059126 1390985 447683
0b008301 0b009001 10000 100 20000000 815984 1642030 846520
0b004201 0b001501 10000 100 20000000 497096 1967126 846520
0b005f01 0b005501 10000 100 10485760 1781898 683606 443643
0b003a01 0b003c01 10000 100 20000000 350271 2120047 842480
0b000a01 0b007101 10000 100 10485760 1755788 719928 447683
0b004601 0b009001 10000 100 2097152 2158629 331269 96034
0b006b01 0b007201 10000 100 10485760 1550111 939804 447683
0b000f01 0b001101 10000 100 20000000 572121 1920307 846520
0b003f01 0b006c01 10000 100 20000000 1395329 1098381 846520
0b003501 0b004901 10000 100 10485760 1157688 1339510 447683
0b001601 0b006101 10000 100 2097152 2170281 340556 96034
0b006901 0b007801 10000 100 5242880 2041102 476816 227901
0b004d01 0b001701 10000 100 20000000 679661 1850619 846520
0b007401 0b001901 10000 100 10485760 1193882 1336752 447683
0b003e01 0b005f01 10000 100 20000000 1261205 1270075 846520
0b008a01 0b000701 10000 100 10485760 1799234 747800 447683
0b001701 0b007901 10000 100 10485760 1506486 1052719 447683
0b000c01 0b009401 10000 100 5242880 2221537 346895 227901
0b004d01 0b007301 10000 100 20000000 775631 1797055 846520
0b004f01 0b008601 10000 100 20000000 1200179 1396076 846520
0b005701 0b003c01 10000 100 10485760 1600634 1017400 447683
0b009001 0b005b01 10000 100 20000000 1549894 1101301 846520
0b002801 0b001901 10000 100 20000000 573628 2077645 846520
0b003501 0b000c01 10000 100 20000000 635111 2025620 846520
0b007b01 0b008701 10000 100 20000000 38306 2634255 846520
0b003d01 0b001201 10000 100 20000000 1143593 1532137 846520
0b002001 0b007501 10000 100 5242880 2220666 458934 227901
0b009f01 0b001301 10001 100 20000000 1107668 1585160 846520
0b008001 0b001101 10000 100 10485760 1352838 1348752 447683
0b002b01 0b007101 10000 100 5242880 2182886 525337 227901
0b001b01 0b006201 10000 100 5242880 1703218 1007575 227901
0b002701 0b003901 10000 100 10485760 1784512 945458 447683
0b009201 0b003301 10000 100 20000000 1277727 1487930 846520
0b002001 0b000301 10000 100 20000000 1388336 1388774 846520
0b002e01 0b005201 10000 100 20000000 1108959 1669351 846520
0b003801 0b009e01 10000 100 20000000 1320980 1480511 846520
0b009c01 0b008b01 10000 100 10485760 1479166 1322960 447683
0b004101 0b004f01 10000 100 20000000 915621 1888478 842480
0b004e01 0b004901 10000 100 20000000 755093 2054677 842480
0b008001 0b000601 10000 100 20000000 984534 1826420 846520
0b006e01 0b002d01 10000 100 20000000 956819 1854526 846520
0b002701 0b001501 10000 100 20000000 1138441 1687714 846520
0b004101 0b002e01 10000 100 20000000 1080882 1748063 846520
0b006d01 0b007201 10000 100 20000000 1245159 1618269 846520
0b009601 0b008001 10000 100 10485760 1933089 942080 447683
0b001001 0b001d01 10000 100 20000000 769909 2124564 842480
0b006101 0b000f01 10000 100 5242880 2171047 729178 227901
0b008a01 0b002b01 10000 100 10485760 2189295 714130 447683
0b008301 0b006601 10000 100 20000000 1248505 1677511 846520
0b002b01 0b008301 10000 100 10485760 1621276 1323594 447683
0b007901 0b004001 10000 100 10485760 836799 2120024 447683
0b009c01 0b007e01 10000 100 20000000 907498 2050852 846520
0b004801 0b002601 10000 100 20000000 1394482 1571204 846520
0b002601 0b004001 10000 100 20000000 1529111 1436997 846520
0b008601 0b003b01 10000 100 10485760 1927768 1047752 447683
0b004c01 0b007b01 10000 100 20000000 845409 2140102 846520
0b006201 0b004c01 10000 100 10485760 1531849 1494308 447683
0b000701 0b009101 10000 100 20000000 911722 2132246 846520
0b000501 0b004301 10000 100 20000000 2067092 978867 846520
0b007201 0b007601 10000 100 20000000 860721 2191865 842480
0b005b01 0b007f01 10000 100 20000000 1989144 1086945 846520
0b004c01 0b002301 10000 100 20000000 824926 2256554 846520
0b005101 0b006f01 10000 100 20000000 2132707 991531 846520
0b003a01 0b001f01 10000 100 20000000 1969802 1171558 846520
0b008e01 0b008301 10000 100 20000000 1629246 1529986 842480
0b007b01 0b006201 10000 100 5242880 1981468 1180490 227901
0b001101 0b000a01 10001 100 20000000 2224368 941444 846520
0b002901 0b009101 10000 100 20000000 647128 2539559 846520
0b004201 0b002301 10000 100 10485760 1629739 1566942 447683
0b003b01 0b002501 10000 100 20000000 2061390 1139292 846520
0b004901 0b009a01 10000 100 20000000 1652772 1549569 846520
0b006c01 0b000f01 10000 100 20000000 807726 2406517 846520
0b001901 0b008701 10000 100 20000000 1966128 1248894 846520
0b003801 0b007601 10000 100 20000000 1660971 1555767 846520
0b007401 0b005101 10000 100 20000000 1683762 1541182 846520
0b006a01 0b000f01 10000 100 10485760 1618354 1627221 447683
0b009401 0b000601 10000 100 20000000 1628829 1637585 846520
0b002501 0b000b01 10000 100 20000000 1094839 2176531 846520
0b008d01 0b002301 10000 100 10485760 1190239 2097818 447683
0b004a01 0b002e01 10000 100 20000000 1814602 1481662 846520
0b000d01 0b001e01 10000 100 20000000 1634632 1670807 846520
0b007f01 0b004001 10000 100 20000000 484737 2821448 846520
0b001e01 0b009001 10000 100 20000000 2198905 1110760 846520
0b004801 0b005701 10000 100 20000000 1623358 1733218 846520
0b001201 0b003c01 10000 100 20000000 952516 2405014 846520
0b009c01 0b000101 10000 100 20000000 1586652 1787534 846520
0b002f01 0b008001 10000 100 20000000 1351152 2027796 846520
0b006701 0b005201 10000 100 20000000 2098364 1289545 846520
0b009301 0b006101 10000 100 10485760 2180900 1218759 447683
0b001c01 0b002a01 10000 100 20000000 2032821 1375349 846520
0b009b01 0b007701 10000 100 20000000 1734447 1681076 846520
0b007101 0b006101 10000 100 10485760 2102263 1321200 447683
0b006101 0b009201 10000 100 20000000 929000 2504895 846520
0b007201 0b004c01 10000 100 20000000 801132 2634801 846520
0b000b01 0b003601 10000 100 20000000 1621248 1818639 846520
0b001c01 0b009a01 10000 100 20000000 1153865 2289786 846520
0b003001 0b005401 10000 100 20000000 518794 2935338 846520
0b008801 0b004c01 10000 100 20000000 760916 2713145 846520
0b003c01 0b001d01 10000 100 5242880 1498048 1980796 227901
0b009b01 0b000b01 10000 100 20000000 1707149 1773688 846520
0b002501 0b001a01 10000 100 20000000 1937101 1544122 846520
0b002d01 0b005701 10000 100 20000000 1499223 1988494 846520
0b002c01 0b007b01 10000 100 20000000 2057211 1432228 846520
0b008001 0b001d01 10000 100 20000000 341515 3150969 846520
0b007301 0b003601 10000 100 20000000 1927178 1566275 846520
0b006301 0b006501 10000 100 10485760 299476 3245474 443643
0b005701 0b001f01 10000 100 20000000 1000325 2550083 846520
0b006501 0b000901 10000 100 20000000 1842232 1776253 846520
0b006101 0b009c01 10000 100 20000000 1382830 2239216 846520
0b000601 0b008701 10000 100 20000000 1046115 2600872 846520
0b002a01 0b007d01 10000 100 20000000 1841434 1818262 846520
0b006501 0b002d01 10000 100 20000000 1915793 1777231 846520
0b003201 0b007701 10000 100 20000000 1722344 1974783 846520
0b000301 0b009101 10000 100 20000000 1040059 2668089 846520
0b009e01 0b003b01 10000 100 20000000 1411726 2328992 846520
0b009301 0b001e01 10000 100 20000000 1694549 2064736 846520
0b007f01 0b007d01 10000 100 20000000 1997846 1824312 842480
0b004b01 0b004801 10000 100 10485760 2176299 1745343 443643
0b002801 0b003b01 10000 100 20000000 1503702 2436160 846520
0b008501 0b001d01 10000 100 10485760 1499233 2442021 447683
0b000d01 0b001401 10000 100 20000000 1505005 2495140 846520
0b005c01 0b002801 10000 100 10485760 2197052 1811585 447683
0b008a01 0b006201 10000 100 20000000 1238457 2808702 846520
0b007201 0b001401 10000 100 20000000 1384863 2667551 846520
0b002f01 0b001901 10000 100 20000000 1505369 2566262 846520
0b002f01 0b008601 10000 100 20000000 1727203 2369454 846520
0b003001 0b007c01 10000 100 20000000 1645259 2456132 846520
0b003001 0b006101 10000 100 20000000 1268515 2995416 846520
0b003301 0b006201 10000 100 20000000 2028177 2256273 846520
0b000201 0b001401 10000 100 20000000 1411593 2917800 846520
0b003001 0b004901 10000 100 20000000 2100054 2350295 846520
0b005c01 0b005001 10000 100 20000000 1607741 2958323 842480
0b002b01 0b001d01 10000 100 20000000 1423353 3157547 846520
0b005c01 0b005801 10000 100 20000000 1754769 2900692 842480
0b004b01 0b007801 10000 100 20000000 1857135 2812848 846520
0b004b01 0b009201 10000 100 20000000 1939580 2847406 846520
0b004b01 0b003c01 10000 100 20000000 1392157 3404461 846520
0b005c01 0b006201 10000 100 20000000 1990065 2810490 846520
0b007f01 0b006501 10001 100 20000000 1866154 3122559 846520
0b004201 0b006501 10000 100 20000000 1517506 4315306 846520
0b007c01 0b006501 10000 100 20000000 1235456 5268666 846520
0b005801 0b006501 10000 100 20000000 25994 6801462 846520
0b003701 0b006501 10000 100 20000000 931686 6108745 846520
0b005101 0b006501 10000 100 20000000 241318 6879758 846520
0b007b01 0b006501 10000 100 20000000 860344 6342382 846520
