0b003101 0b000101 10000 100 5000000 2000000000 32729431 823400
0b001401 0b000101 10000 100 5000000 2000000000 32729763 823400
0b003801 0b000101 10000 100 5000000 2000000000 32730095 823400
0b001e01 0b000101 10000 100 5000000 2000000000 32730427 823400
0b003301 0b000101 10000 100 5000000 2000000000 32798404 823400
0b003401 0b000101 10000 100 5000000 2000000000 32798736 823400
0b002201 0b000101 10000 100 5000000 2000000000 40502879 823400
0b002701 0b000101 10000 100 5000000 2000000000 40503211 823400
0b002a01 0b000101 10000 100 5000000 2000000000 40503543 823400
0b002301 0b000101 10000 100 5000000 2000000000 41867814 823400
0b002601 0b000101 10000 100 5000000 2000000000 41868146 823400
0b002801 0b000101 10000 100 5000000 2000000000 41868478 823400
0b001001 0b000101 10000 100 5000000 2000000000 47919261 823400
0b001101 0b000101 10000 100 5000000 2000000000 47919593 823400
0b001601 0b000101 10000 100 5000000 2000000000 47919925 823400
0b001701 0b000101 10000 100 5000000 2000000000 47920257 823400
0b001201 0b000101 10000 100 5000000 2000000000 52904158 823400
0b001901 0b000101 10000 100 5000000 2000000000 52904490 823400
0b001a01 0b000101 10000 100 5000000 2000000000 52904822 823400
0b001b01 0b000101 10000 100 5000000 2000000000 52905154 823400
0b002001 0b000101 10000 100 5000000 2000000000 54596777 823400
0b002101 0b000101 10000 100 5000000 2000000000 54597109 823400
0b002501 0b000101 10000 100 5000000 2000000000 54597441 823400
0b002c01 0b000101 10000 100 5000000 2000000000 54597773 823400
0b002e01 0b000101 10000 100 5000000 2000000000 54598105 823400
0b002401 0b000101 10000 100 5000000 2000000000 62878434 823400
0b002901 0b000101 10000 100 5000000 2000000000 62878766 823400
0b002b01 0b000101 10000 100 5000000 2000000000 62879181 823400
0b002d01 0b000101 10000 100 5000000 2000000000 62879513 823400
0b002f01 0b000101 10000 100 5000000 2000000000 62879845 823400
0b001301 0b000101 10000 100 5000000 2000000000 71166814 823400
0b001501 0b000101 10000 100 5000000 2000000000 71167146 823400
0b001801 0b000101 10000 100 5000000 2000000000 71167478 823400
0b001c01 0b000101 10000 100 5000000 2000000000 71167810 823400
0b001d01 0b000101 10000 100 5000000 2000000000 71168142 823400
0b001f01 0b000101 10000 100 5000000 2000000000 71168474 823400
0b003001 0b000101 10000 100 5000000 2000000000 71173454 823400
0b003501 0b000101 10000 100 5000000 2000000000 71173786 823400
0b003601 0b000101 10000 100 5000000 2000000000 71174118 823400
0b003a01 0b000101 10000 100 5000000 2000000000 71174450 823400
0b003d01 0b000101 10000 100 5000000 2000000000 71174782 823400
0b003e01 0b000101 10000 100 5000000 2000000000 71175114 823400
0b003201 0b000101 10000 100 5000000 2000000000 71224914 823400
0b003701 0b000101 10000 100 5000000 2000000000 71225246 823400
0b003901 0b000101 10000 100 5000000 2000000000 71225578 823400
0b003b01 0b000101 10000 100 5000000 2000000000 71225910 823400
0b003c01 0b000101 10000 100 5000000 2000000000 71226242 823400
0b003f01 0b000101 10000 100 5000000 2000000000 71226574 823400
0b000f01 0b000101 10000 100 5000000 2000000000 94472955 819360
0b000e01 0b000101 10000 100 5000000 2000000000 94485405 819360
0b000d01 0b000101 10000 100 5000000 2000000000 94496693 819360
0b000c01 0b000101 10000 100 5000000 2000000000 94512214 819360
0b000b01 0b000101 10000 100 5000000 2000000000 94527486 819360
0b000a01 0b000101 10000 100 5000000 2000000000 94539853 819360
0b000901 0b000101 10000 100 5000000 2000000000 94550228 819360
0b000801 0b000101 10000 100 5000000 2000000000 94560769 819360
0b000701 0b000101 10000 100 5000000 2000000000 94571227 819360
0b000601 0b000101 10000 100 5000000 2000000000 94581353 819360
0b000501 0b000101 10000 100 5000000 2000000000 94590566 819360
0b000201 0b000101 10000 100 200000000 2000000000 118761660 17168160
0b005e01 0b000101 10000 100 10000000 2000000000 156000797 1246640
0b004501 0b000101 10000 100 10000000 2000000000 156001058 1246640
0b00c801 0b000101 10000 100 10000000 2000000000 156001141 1246640
0b009701 0b000101 10000 100 10000000 2000000000 156001307 1246640
0b009901 0b000101 10000 100 10000000 2000000000 156001556 1246640
0b004701 0b000101 10000 100 10000000 2000000000 156001639 1246640
0b00a101 0b000101 10000 100 10000000 2000000000 156001959 1246640
0b009301 0b000101 10000 100 10000000 2000000000 156002042 1246640
0b009e01 0b000101 10000 100 10000000 2000000000 156002208 1246640
0b00e001 0b000101 10000 100 10000000 2000000000 156002374 1246640
0b00f601 0b000101 10000 100 10000000 2000000000 156002756 1246640
0b00cb01 0b000101 10000 100 10000000 2000000000 156003448 1246640
0b00ce01 0b000101 10000 100 10000000 2000000000 156003697 1246640
0b010101 0b000101 10000 100 10000000 2000000000 156004908 1246640
0b00b301 0b000101 10000 100 10000000 2000000000 156005274 1246640
0b010001 0b000101 10000 100 10000000 2000000000 156005967 1246640
0b00fc01 0b000101 10000 100 10000000 2000000000 156008276 1246640
0b00d101 0b000101 10000 100 10000000 2000000000 156008626 1246640
0b004f01 0b000101 10000 100 10000000 2000000000 156010649 1246640
0b00f101 0b000101 10000 100 10000000 2000000000 156011139 1246640
0b00c701 0b000101 10000 100 10000000 2000000000 156012386 1246640
0b006101 0b000101 10000 100 10000000 2000000000 156012469 1246640
0b00c301 0b000101 10000 100 10000000 2000000000 156013125 1246640
0b005501 0b000101 10000 100 10000000 2000000000 156013208 1246640
0b007c01 0b000101 10000 100 10000000 2000000000 156013385 1246640
0b004301 0b000101 10000 100 10000000 2000000000 156013551 1246640
0b008101 0b000101 10000 100 10000000 2000000000 156013826 1246640
0b00bf01 0b000101 10000 100 10000000 2000000000 156013909 1246640
0b00dc01 0b000101 10000 100 10000000 2000000000 156014072 1246640
0b009201 0b000101 10000 100 10000000 2000000000 156014633 1246640
0b009a01 0b000101 10000 100 10000000 2000000000 156015073 1246640
0b004d01 0b000101 10000 100 10000000 2000000000 156015286 1246640
0b00f501 0b000101 10000 100 10000000 2000000000 156015701 1246640
0b006301 0b000101 10000 100 10000000 2000000000 156016064 1246640
0b006c01 0b000101 10000 100 10000000 2000000000 156016313 1246640
0b00e101 0b000101 10000 100 10000000 2000000000 156016977 1246640
0b00e801 0b000101 10000 100 10000000 2000000000 156018056 1246640
0b00db01 0b000101 10000 100 10000000 2000000000 156018526 1246640
0b00bc01 0b000101 10000 100 10000000 2000000000 156019052 1246640
0b00e701 0b000101 10000 100 10000000 2000000000 156019816 1246640
0b00e901 0b000101 10000 100 10000000 2000000000 156020131 1246640
0b009101 0b000101 10000 100 10000000 2000000000 156020551 1246640
0b009401 0b000101 10000 100 10000000 2000000000 156021210 1246640
0b00ec01 0b000101 10000 100 10000000 2000000000 156021957 1246640
0b007701 0b000101 10000 100 10000000 2000000000 156022764 1246640
0b008f01 0b000101 10000 100 10000000 2000000000 156022930 1246640
0b00c201 0b000101 10000 100 10000000 2000000000 156023368 1246640
0b004201 0b000101 10000 100 10000000 2000000000 156023866 1246640
0b006a01 0b000101 10000 100 10000000 2000000000 156024281 1246640
0b005901 0b000101 10000 100 10000000 2000000000 156024618 1246640
0b006b01 0b000101 10000 100 10000000 2000000000 156025890 1246640
0b004601 0b000101 10000 100 10000000 2000000000 156026207 1246640
0b006801 0b000101 10000 100 10000000 2000000000 156026909 1246640
0b006f01 0b000101 10000 100 10000000 2000000000 156027713 1246640
0b008201 0b000101 10000 100 10000000 2000000000 156028045 1246640
0b00b401 0b000101 10000 100 10000000 2000000000 156028431 1246640
0b00de01 0b000101 10000 100 10000000 2000000000 156028763 1246640
0b00a301 0b000101 10000 100 10000000 2000000000 156029044 1246640
0b008c01 0b000101 10000 100 10000000 2000000000 156029376 1246640
0b00d601 0b000101 10000 100 10000000 2000000000 156029559 1246640
0b00f701 0b000101 10000 100 10000000 2000000000 156029676 1246640
0b00fd01 0b000101 10000 100 10000000 2000000000 156030815 1246640
0b00ff01 0b000101 10000 100 10000000 2000000000 156031617 1246640
0b00b801 0b000101 10000 100 10000000 2000000000 156032503 1246640
0b008801 0b000101 10000 100 10000000 2000000000 156033250 1246640
0b00d001 0b000101 10000 100 10000000 2000000000 156033748 1246640
0b005c01 0b000101 10000 100 10000000 2000000000 156034133 1246640
0b005d01 0b000101 10000 100 10000000 2000000000 156034910 1246640
0b00f301 0b000101 10000 100 10000000 2000000000 167683246 1246640
0b00d301 0b000101 10000 100 10000000 2000000000 168442512 1246640
0b00d701 0b000101 10000 100 10000000 2000000000 168443701 1246640
0b00d501 0b000101 10000 100 10000000 2000000000 168483906 1246640
0b00c001 0b000101 10000 100 10000000 2000000000 188565014 1246640
0b00f901 0b000101 10000 100 10000000 2000000000 188596617 1246640
0b00fe01 0b000101 10000 100 10000000 2000000000 188598012 1246640
0b004a01 0b000101 10000 100 10000000 2000000000 191530129 1246640
0b005701 0b000101 10000 100 10000000 2000000000 195682082 1246640
0b006401 0b000101 10000 100 10000000 2000000000 195682743 1246640
0b004e01 0b000101 10000 100 10000000 2000000000 197444826 1246640
0b00d401 0b000101 10000 100 10000000 2000000000 198888367 1246640
0b00d901 0b000101 10000 100 10000000 2000000000 198890177 1246640
0b000001 0b000101 10006 100 10000000 2000000000 201562178 1238560
0b000001 0b000101 10005 100 10000000 2000000000 201670983 1238560
0b000001 0b000101 10004 100 10000000 2000000000 201709338 1238560
0b000001 0b000101 10003 100 10000000 2000000000 201734227 1238560
0b000001 0b000101 10002 100 10000000 2000000000 201736310 1238560
0b000001 0b000101 10001 100 10000000 2000000000 201763648 1238560
0b000001 0b000101 10000 100 10000000 2000000000 201768612 1238560
0b00c401 0b000101 10000 100 10000000 2000000000 201991406 1246640
0b00a001 0b000101 10000 100 10000000 2000000000 211138708 1246640
0b00a201 0b000101 10000 100 10000000 2000000000 211173072 1246640
0b005201 0b000101 10000 100 10000000 2000000000 217288864 1246640
0b006501 0b000101 10000 100 10000000 2000000000 217323230 1246640
0b00e501 0b000101 10000 100 10000000 2000000000 223282693 1246640
0b00ee01 0b000101 10000 100 10000000 2000000000 223317639 1246640
0b007101 0b000101 10000 100 10000000 2000000000 230461491 1246640
0b007001 0b000101 10000 100 10000000 2000000000 230461889 1246640
0b00bb01 0b000101 10000 100 10000000 2000000000 230857311 1246640
0b00ba01 0b000101 10000 100 10000000 2000000000 230925807 1246640
0b00bd01 0b000101 10000 100 10000000 2000000000 230926125 1246640
0b008501 0b000101 10000 100 10000000 2000000000 230926432 1246640
0b008001 0b000101 10000 100 10000000 2000000000 230926764 1246640
0b008701 0b000101 10000 100 10000000 2000000000 230957327 1246640
0b00ac01 0b000101 10000 100 10000000 2000000000 232757684 1246640
0b004101 0b000101 10000 100 10000000 2000000000 236285118 1246640
0b004c01 0b000101 10000 100 10000000 2000000000 236318211 1246640
0b007301 0b000101 10000 100 10000000 2000000000 237581439 1246640
0b007901 0b000101 10000 100 10000000 2000000000 237582559 1246640
0b007501 0b000101 10000 100 10000000 2000000000 237583131 1246640
0b007e01 0b000101 10000 100 10000000 2000000000 237584155 1246640
0b007601 0b000101 10000 100 10000000 2000000000 237584897 1246640
0b00d201 0b000101 10000 100 10000000 2000000000 240621194 1246640
0b00d801 0b000101 10000 100 10000000 2000000000 240653491 1246640
0b00da01 0b000101 10000 100 10000000 2000000000 240656658 1246640
0b004801 0b000101 10000 100 10000000 2000000000 251261258 1246640
0b004901 0b000101 10000 100 10000000 2000000000 251261994 1246640
0b008601 0b000101 10000 100 10000000 2000000000 257761262 1246640
0b008b01 0b000101 10000 100 10000000 2000000000 257795603 1246640
0b00be01 0b000101 10000 100 10000000 2000000000 257798259 1246640
0b008e01 0b000101 10000 100 10000000 2000000000 257798836 1246640
0b00a701 0b000101 10000 100 10000000 2000000000 269598678 1246640
0b00a401 0b000101 10000 100 10000000 2000000000 269606441 1246640
0b00a801 0b000101 10000 100 10000000 2000000000 269634371 1246640
0b00aa01 0b000101 10000 100 10000000 2000000000 269635367 1246640
0b007f01 0b000101 10000 100 10000000 2000000000 281709980 1246640
0b007a01 0b000101 10000 100 10000000 2000000000 281710722 1246640
0b007b01 0b000101 10000 100 10000000 2000000000 281711951 1246640
0b000401 0b000101 10000 100 150000000 2000000000 1656629782 12976160
0b000301 0b000101 10000 100 200000000 2000000000 2190667087 17168160
