0b006701 0b006901 10000 100 1000 221 4092 4121
0b002701 0b002201 10000 100 1000 2493 4991 4121
0b005801 0b005101 10000 100 2000 3367 4135 4163
0b008901 0b002b01 10000 100 1000 550 8136 8161
0b005901 0b000501 10000 100 10000 420 8523 8539
0b001401 0b008a01 10000 100 20000 13 9129 8958
0b003f01 0b000801 10000 100 1000 1041 8136 8161
0b001401 0b008401 10000 100 10000 704 8696 8539
0b007101 0b009b01 10000 100 1000 1427 8156 8161
0b002901 0b002701 10000 100 100000 407 9212 8272
0b009d01 0b001701 10000 100 10000 703 8917 8539
0b004801 0b003f01 10000 100 5000 1338 8308 8329
0b002501 0b002901 10000 100 5000 5499 4448 4289
0b007201 0b002801 10000 100 2000 1873 8183 8203
0b005c01 0b009801 10000 100 5000 1982 8321 8329
0b005d01 0b006701 10000 100 1000 2341 8136 8161
0b006301 0b001d01 10000 100 20000 855 9816 8958
0b008301 0b002701 10000 100 20000 883 9789 8958
0b003501 0b008101 10000 100 20000 1785 8953 8958
0b005501 0b002801 10000 100 1000 3282 8136 8161
0b008601 0b004c01 10000 100 1000 3286 8191 8161
0b009e01 0b006301 10000 100 1000 3375 8141 8161
0b008901 0b009e01 10000 100 5000 3326 8308 8329
0b003e01 0b003b01 10000 100 1000 7545 4125 4121
0b003a01 0b009301 10000 100 10000 3305 8571 8539
0b009801 0b008001 10000 100 5000 3439 8516 8329
0b000201 0b005701 10000 100 1000 3845 8146 8161
0b007c01 0b008c01 10000 100 5000 3725 8323 8329
0b001e01 0b002e01 10000 100 5000 3856 8308 8329
0b001c01 0b002101 10000 100 50000 1936 10243 10216
0b000d01 0b000f01 10000 100 5000 7772 4441 4289
0b001b01 0b005e01 10000 100 5000 4066 8332 8329
0b005601 0b003c01 10000 100 50000 2364 10243 10216
0b007501 0b009d01 10000 100 50000 2419 10262 10216
0b002301 0b006401 10000 100 1000 4602 8136 8161
0b003501 0b001c01 10000 100 10000 4439 8544 8539
0b003b01 0b006001 10000 100 100000 655 12393 12312
0b003301 0b007101 10000 100 100000 1019 12422 12312
0b006801 0b006401 10000 100 5000 9095 4442 4289
0b006f01 0b008001 10000 100 1000 5485 8167 8161
0b006301 0b001b01 10000 100 100000 608 13253 12312
0b003c01 0b004201 10000 100 10000 5515 8540 8539
0b000e01 0b006b01 10000 100 5000 5906 8338 8329
0b003e01 0b003701 10000 100 20000 9574 5003 4918
0b004c01 0b006501 10000 100 100000 2241 12410 12312
0b007401 0b003e01 10000 100 1000 6557 8136 8161
0b004401 0b007f01 10000 100 1000 6520 8219 8161
0b004601 0b006e01 10000 100 10000 5824 9064 8539
0b006501 0b002a01 10000 100 1000 6787 8142 8161
0b006301 0b008c01 10000 100 5000 6784 8324 8329
0b003701 0b003401 10000 100 200000 1530 13607 12464
0b009301 0b000701 10000 100 20000 5267 9993 8958
0b001201 0b007101 10000 100 5000 7419 8316 8329
0b009301 0b005601 10000 100 50000 4622 11151 10216
0b002001 0b005c01 10000 100 1000 7637 8157 8161
0b007601 0b003001 10000 100 1000 7594 8203 8161
0b002d01 0b000701 10000 100 20000 6677 9166 8958
0b003801 0b006001 10000 100 10000 7375 8523 8539
0b003f01 0b008d01 10000 100 20000 6950 8980 8958
0b004101 0b003a01 10000 100 10000 7420 8550 8539
0b004e01 0b004701 10000 100 1000 11862 4122 4121
0b009601 0b004a01 10000 100 10000 7475 8576 8539
0b000e01 0b005901 10000 100 5000 7628 8506 8329
0b007c01 0b009c01 10000 100 10000 7615 8523 8539
0b007801 0b006501 10000 100 20000 6523 9790 8958
0b004601 0b006701 10000 100 100000 3268 13056 12312
0b009701 0b006a01 10000 100 2000 8119 8300 8203
0b001001 0b003601 10000 100 10000 7568 8917 8539
0b006201 0b000901 10000 100 50000 5990 10503 10216
0b003901 0b008b01 10000 100 20000 7704 8959 8958
0b005101 0b004701 10000 100 1000 8649 8172 8161
0b001f01 0b007101 10000 100 20000 8239 8975 8958
0b008f01 0b008601 10000 100 20000 11861 5526 4918
0b003e01 0b000c01 10000 100 200000 956 16817 16504
0b009001 0b002101 10000 100 100000 5411 12407 12312
0b003901 0b003a01 10000 100 5000 13614 4264 4289
0b007701 0b003801 10000 100 10000 8792 9299 8539
0b005e01 0b000e01 10000 100 5000 9540 8741 8329
0b007c01 0b006c01 10000 100 5000 10134 8308 8329
0b002101 0b009f01 10000 100 10000 10300 8553 8539
0b007701 0b009901 10000 100 20000 7972 11014 8958
0b008001 0b001101 10000 100 2000 10751 8284 8203
0b000201 0b007401 10000 100 1000 10915 8145 8161
0b004701 0b006b01 10000 100 50000 8860 10255 10216
0b006801 0b004101 10000 100 100000 6521 12632 12312
0b008901 0b000201 10000 100 1000 11076 8136 8161
0b004401 0b004001 10000 100 100000 10990 8392 8272
0b001f01 0b008301 10000 100 1000 11247 8160 8161
0b003701 0b008201 10000 100 20000 9846 9951 8958
0b008701 0b001701 10000 100 5000 10610 9311 8329
0b008b01 0b009801 10000 100 5000 11743 8376 8329
0b004f01 0b001301 10000 100 20000 10651 9544 8958
0b003701 0b002101 10000 100 20000 10556 9698 8958
0b003b01 0b001201 10000 100 2000 12102 8202 8203
0b002601 0b001401 10000 100 1000 11839 8477 8161
0b004201 0b006901 10000 100 10000 11413 8934 8539
0b001d01 0b005001 10000 100 100000 4643 15916 12312
0b008f01 0b001f01 10000 100 100000 7886 12694 12312
0b009001 0b009c01 10000 100 5000 16370 4264 4289
0b007801 0b004601 10000 100 200000 1125 19979 16504
0b003001 0b000901 10000 100 1000 13372 8204 8161
0b005d01 0b006601 10000 100 1000 13967 8304 8161
0b003301 0b003601 10000 100 5000 18068 4491 4289
0b003001 0b008201 10000 100 20000 12863 9855 8958
0b009e01 0b004e01 10000 100 20000 13013 9902 8958
0b008701 0b006401 10000 100 1000 14851 8188 8161
0b003a01 0b005201 10000 100 5000 14596 8765 8329
0b000d01 0b005a01 10000 100 5000 14843 8721 8329
0b008e01 0b000101 10000 100 100000 8555 15231 12312
0b009001 0b007f01 10000 100 20000 13913 9878 8958
0b000d01 0b009301 10000 100 10000 14770 9179 8539
0b003101 0b000601 10000 100 50000 10859 13530 10216
0b005f01 0b004601 10000 100 20000 15457 8953 8958
0b001d01 0b002701 10000 100 100000 10454 14060 12312
0b002f01 0b006701 10000 100 10000 16111 8532 8539
0b001301 0b009a01 10000 100 5000 16435 8321 8329
0b004e01 0b005301 10000 100 10000 14974 9809 8539
0b001a01 0b004301 10000 100 50000 13845 10939 10216
0b008101 0b000801 10000 100 2000 16580 8248 8203
0b005201 0b000a01 10000 100 5000 15965 8950 8329
0b002b01 0b008601 10000 100 20000 15724 9437 8958
0b006e01 0b000101 10000 100 100000 9568 15680 12312
0b009b01 0b003d01 10000 100 200000 7661 17681 16504
0b006a01 0b001d01 10000 100 200000 4822 20707 16504
0b000b01 0b004f01 10000 100 5000 17235 8308 8329
0b007401 0b002901 10000 100 1000 17116 8506 8161
0b003101 0b009401 10000 100 50000 14684 11052 10216
0b000601 0b009401 10000 100 50000 10449 15435 10216
0b005f01 0b005901 10000 100 20000 21311 4909 4918
0b001b01 0b005e01 10001 100 50000 12652 13707 10216
0b009c01 0b004101 10000 100 2000 18218 8179 8203
0b009601 0b003201 10000 100 5000 18165 8345 8329
0b009a01 0b002a01 10000 100 20000 15028 11531 8958
0b003201 0b008801 10000 100 10000 16865 9727 8539
0b000a01 0b003201 10000 100 10000 16552 10172 8539
0b008301 0b008101 10000 100 10000 22103 4900 4499
0b005501 0b004401 10000 100 50000 16538 10478 10216
0b004501 0b006e01 10000 100 1000 19014 8183 8161
0b006a01 0b009501 10000 100 50000 15060 12140 10216
0b004901 0b003c01 10000 100 5000 18519 8700 8329
0b002201 0b005201 10000 100 100000 13074 14195 12312
0b004c01 0b003b01 10000 100 20000 18285 8993 8958
0b001701 0b001901 10000 100 20000 15081 12564 4918
0b004701 0b006c01 10000 100 2000 19458 8197 8203
0b003f01 0b002b01 10000 100 1000 19499 8161 8161
0b004c01 0b001801 10000 100 1000 19470 8199 8161
0b003901 0b004601 10000 100 2000 18879 8907 8203
0b009301 0b001b01 10000 100 10000 19215 8578 8539
0b006e01 0b001a01 10000 100 5000 19342 8515 8329
0b004b01 0b009301 10000 100 1000 19849 8211 8161
0b009b01 0b003101 10000 100 20000 18671 9447 8958
0b008601 0b003701 10000 100 200000 9612 18535 16504
0b003001 0b007901 10000 100 20000 18391 9870 8958
0b006c01 0b008c01 10000 100 10000 19334 8940 8539
0b009901 0b004a01 10000 100 2000 19834 8618 8203
0b002301 0b001501 10000 100 10000 19892 8588 8539
0b009301 0b006401 10000 100 2000 20331 8204 8203
0b008501 0b002e01 10000 100 50000 16170 12367 10216
0b003001 0b008301 10000 100 1000 20390 8154 8161
0b003e01 0b009e01 10000 100 100000 15363 13238 12312
0b003001 0b005d01 10000 100 200000 10112 18540 16504
0b008e01 0b003701 10000 100 50000 16984 11759 10216
0b009001 0b003101 10000 100 1000 20623 8137 8161
0b008701 0b006601 10000 100 5000 20555 8536 8329
0b001201 0b006d01 10000 100 10000 18424 10689 8539
0b002701 0b007501 10000 100 1000 21044 8136 8161
0b009f01 0b001b01 10000 100 1000 21099 8136 8161
0b004f01 0b000e01 10000 100 20000 19511 9774 8958
0b003701 0b000e01 10000 100 50000 18119 11338 10216
0b007801 0b000301 10000 100 200000 9293 20176 16504
0b003201 0b003f01 10000 100 5000 24932 4632 4289
0b001401 0b008c01 10000 100 1000 21028 8659 8161
0b008001 0b009f01 10000 100 20000 18924 10860 8958
0b001301 0b009301 10000 100 50000 17622 12303 10216
0b004501 0b003801 10000 100 20000 20301 9812 8958
0b007801 0b001701 10000 100 50000 10174 20058 10216
0b008f01 0b003501 10000 100 100000 14780 15476 12312
0b000b01 0b000601 10000 100 1000 19987 10397 4121
0b002b01 0b009301 10000 100 1000 22251 8136 8161
0b008701 0b007901 10000 100 50000 19928 10581 10216
0b005701 0b002c01 10000 100 200000 12980 17639 16504
0b000a01 0b005401 10000 100 100000 17451 13228 12312
0b004001 0b008a01 10000 100 10000 16393 14315 8539
0b000e01 0b000a01 10000 100 200000 8508 22258 12464
0b001601 0b002601 10000 100 20000 21301 9628 8958
0b007301 0b008401 10000 100 5000 22363 8568 8329
0b000301 0b004e01 10000 100 5000 22080 9393 8329
0b000e01 0b000401 10000 100 200000 6965 24560 12464
0b002d01 0b004a01 10000 100 100000 18903 12624 12312
0b001e01 0b005601 10000 100 10000 21666 9925 8539
0b000701 0b002701 10000 100 5000 23005 8719 8329
0b007001 0b002401 10000 100 2000 23630 8180 8203
0b001301 0b004401 10000 100 50000 17881 13985 10216
0b008001 0b002601 10000 100 1000 23715 8211 8161
0b004601 0b003201 10000 100 20000 22394 9937 8958
0b008301 0b008a01 10000 100 10000 22094 10341 4499
0b009801 0b007f01 10000 100 500000 91 32444 29080
0b008001 0b007401 10000 100 100000 14988 17647 12312
0b007d01 0b007c01 10000 100 10000 28160 4479 4499
0b006901 0b004601 10000 100 10000 23825 8943 8539
0b005e01 0b007601 10000 100 20000 21064 11705 8958
0b002501 0b008401 10000 100 500000 1340 31511 29080
0b001801 0b006101 10000 100 50000 18676 14655 10216
0b001401 0b007c01 10000 100 1000 25238 8170 8161
0b007c01 0b005f01 10000 100 10000 25084 8622 8539
0b001f01 0b004801 10000 100 100000 18211 15519 12312
0b008601 0b007b01 10000 100 2000 25547 8291 8203
0b007101 0b001301 10000 100 200000 8219 25659 16504
0b003d01 0b007f01 10000 100 50000 22206 11837 10216
0b000101 0b001901 10000 100 10000 23956 10107 8539
0b009d01 0b005701 10000 100 1000 24492 9608 8161
0b007401 0b009201 10000 100 1000 26024 8183 8161
0b005201 0b004d01 10000 100 500000 1173 33101 29080
0b006d01 0b000201 10000 100 1000 21506 12787 8161
0b008b01 0b005b01 10000 100 1000 26153 8191 8161
0b005401 0b005b01 10000 100 20000 28593 5879 4918
0b001e01 0b002401 10000 100 50000 24147 10448 10216
0b007d01 0b008401 10000 100 50000 23459 11186 10216
0b002601 0b006c01 10000 100 1000 26483 8192 8161
0b004401 0b006001 10000 100 1000 26556 8136 8161
0b002f01 0b009101 10000 100 50000 22453 12281 10216
0b009a01 0b007001 10000 100 200000 5987 28821 16504
0b007601 0b009901 10000 100 500000 1084 33727 29080
0b007001 0b004001 10000 100 2000 26722 8230 8203
0b007601 0b000101 10001 100 10000 26016 8960 8539
0b007701 0b008501 10000 100 5000 26774 8516 8329
0b003801 0b008a01 10000 100 1000 21601 13710 8161
0b008e01 0b006801 10000 100 20000 24986 10331 8958
0b001401 0b007101 10000 100 200000 18207 17323 16504
0b007c01 0b007301 10000 100 2000 31426 4135 4163
0b003501 0b003101 10000 100 2000 31288 4285 4163
0b007601 0b000101 10000 100 50000 24463 11207 10216
0b006601 0b008401 10000 100 20000 25586 10170 8958
0b009501 0b008b01 10000 100 100000 19183 16888 12312
0b002f01 0b004901 10000 100 1000 28033 8136 8161
0b006801 0b006a01 10000 100 1000 32076 4125 4121
0b000d01 0b006b01 10000 100 50000 20968 15281 10216
0b000001 0b000601 10000 100 200000 12640 23628 12464
0b002c01 0b001401 10000 100 5000 27920 8364 8329
0b001c01 0b004301 10000 100 1000 27483 8856 8161
0b002a01 0b002c01 10000 100 200000 23622 13122 12464
0b008001 0b008801 10000 100 500000 4151 32717 25040
0b001c01 0b000601 10000 100 1000 21789 15233 8161
0b006101 0b009501 10000 100 50000 24943 12275 10216
0b008501 0b002801 10000 100 50000 24876 12373 10216
0b008201 0b006f01 10000 100 10000 28027 9234 8539
0b004e01 0b001001 10000 100 10000 27440 9823 8539
0b002801 0b004b01 10000 100 10000 27158 10176 8539
0b007401 0b002e01 10000 100 20000 28278 9074 8958
0b006f01 0b007001 10000 100 10000 28741 8774 8539
0b006a01 0b008801 10000 100 5000 28693 8905 8329
0b009a01 0b009301 10000 100 200000 8255 29382 12464
0b000601 0b006b01 10000 100 100000 22419 15248 12312
0b000401 0b001201 10000 100 20000 24332 13417 8958
0b007e01 0b005601 10000 100 20000 25117 12720 8958
0b004f01 0b005e01 10000 100 2000 29881 8279 8203
0b007601 0b005001 10000 100 20000 28866 9317 8958
0b009f01 0b009d01 10000 100 5000 32300 5937 4289
0b000001 0b008b01 10000 100 1000 30114 8148 8161
0b002701 0b004f01 10000 100 20000 28533 9773 8958
0b000401 0b007c01 10000 100 5000 28377 9946 8329
0b006301 0b003401 10000 100 100000 21782 16606 12312
0b009401 0b006401 10000 100 2000 30240 8200 8203
0b004c01 0b002101 10000 100 50000 27498 10953 10216
0b007501 0b008801 10000 100 20000 28465 9987 8958
0b008d01 0b008b01 10000 100 1000 34426 4092 4121
0b007501 0b007b01 10000 100 100000 30014 8507 8272
0b008301 0b009e01 10000 100 5000 30256 8309 8329
0b004d01 0b003401 10000 100 20000 24903 13720 8958
0b008701 0b002201 10000 100 20000 28586 10124 8958
0b007b01 0b004601 10000 100 20000 28167 10729 8958
0b002801 0b004b01 10001 100 10000 28192 10951 8539
0b001c01 0b003c01 10000 100 50000 27286 12103 10216
0b008901 0b006201 10000 100 5000 24698 14776 8329
0b006901 0b004b01 10000 100 20000 29028 10759 8958
0b001201 0b001401 10000 100 2000 35553 4276 4163
0b009701 0b006201 10000 100 500000 2583 37250 29080
0b009001 0b005501 10000 100 10000 30427 9662 8539
0b001d01 0b002101 10000 100 50000 25413 14728 10216
0b008801 0b003b01 10000 100 2000 31970 8257 8203
0b003c01 0b007701 10000 100 1000 32085 8187 8161
0b001101 0b004b01 10000 100 5000 31367 9110 8329
0b005c01 0b001101 10000 100 1000 31934 8584 8161
0b009301 0b009701 10000 100 100000 31566 9030 8272
0b001801 0b004b01 10000 100 1000 29275 11353 8161
0b005701 0b004b01 10000 100 1000 32233 8518 8161
0b009801 0b009301 10000 100 10000 35801 4999 4499
0b000001 0b000701 10000 100 1000 36906 4104 4121
0b009501 0b001301 10000 100 200000 21538 19571 16504
0b009c01 0b000f01 10000 100 10000 19171 21953 8539
0b000901 0b003901 10000 100 1000 33052 8142 8161
0b006701 0b001701 10000 100 200000 10092 31151 16504
0b002001 0b003e01 10000 100 20000 30701 10567 8958
0b008301 0b000401 10000 100 100000 24646 16901 12312
0b005f01 0b004d01 10000 100 100000 24361 17308 12312
0b003b01 0b005501 10000 100 10000 32778 8947 8539
0b001d01 0b001801 10000 100 200000 19635 22152 12464
0b009b01 0b002e01 10000 100 10000 32704 9107 8539
0b008401 0b006a01 10000 100 500000 5548 36328 29080
0b009101 0b005a01 10000 100 1000 27134 14823 8161
0b006f01 0b004d01 10000 100 100000 24643 17327 12312
0b002601 0b004d01 10000 100 1000 30694 11341 8161
0b004d01 0b006401 10000 100 5000 33731 8332 8329
0b003101 0b009501 10000 100 20000 30521 11583 8958
0b001201 0b001301 10000 100 2000 37919 4256 4163
0b000401 0b009201 10000 100 50000 30135 12189 10216
0b007a01 0b003001 10000 100 20000 32999 9837 8958
0b002501 0b006f01 10000 100 1000 34709 8136 8161
0b008101 0b001801 10000 100 20000 33052 9879 8958
0b003b01 0b008f01 10000 100 5000 29874 13078 8329
0b002201 0b000f01 10000 100 20000 21698 21274 8958
0b006301 0b004d01 10000 100 20000 34114 9096 8958
0b000701 0b005701 10000 100 5000 34510 8727 8329
0b005a01 0b008a01 10000 100 5000 32194 11116 8329
0b001a01 0b005f01 10000 100 1000 35263 8214 8161
0b007601 0b008901 10000 100 20000 33889 9687 8958
0b000801 0b003f01 10000 100 100000 22628 21027 12312
0b006301 0b008501 10000 100 5000 35433 8385 8329
0b007801 0b004601 10001 100 5000 31526 12325 8329
0b000101 0b005d01 10000 100 2000 31442 12455 8203
0b002601 0b009f01 10000 100 20000 34069 9910 8958
0b000901 0b005401 10000 100 5000 35712 8341 8329
0b001001 0b003001 10000 100 1000 35250 9220 8161
0b004d01 0b003d01 10000 100 20000 34426 10084 8958
0b004501 0b005f01 10000 100 10000 32461 12069 8539
0b004c01 0b007101 10000 100 1000 36579 8156 8161
0b008e01 0b000101 10001 100 5000 36379 8403 8329
0b009001 0b001e01 10000 100 200000 20924 24085 16504
0b004601 0b001001 10000 100 50000 32205 12810 10216
0b009c01 0b000f01 10001 100 5000 24183 20927 8329
0b001001 0b004601 10000 100 50000 26241 18879 10216
0b009501 0b007c01 10000 100 1000 36960 8187 8161
0b002f01 0b008c01 10000 100 5000 36729 8431 8329
0b005a01 0b003c01 10000 100 1000 36291 8875 8161
0b001301 0b002c01 10000 100 20000 35729 9498 8958
0b008201 0b003e01 10000 100 1000 36541 8796 8161
0b008c01 0b009201 10000 100 50000 34688 10716 10216
0b004701 0b002c01 10000 100 50000 31965 13590 10216
0b000601 0b005001 10001 100 5000 35573 10067 8329
0b002001 0b001401 10000 100 10000 37040 8646 8539
0b004e01 0b006f01 10000 100 1000 35687 10176 8161
0b006e01 0b003601 10000 100 500000 12501 33485 29080
0b000001 0b002301 10000 100 200000 16121 29888 16504
0b004e01 0b003d01 10000 100 1000 34570 11443 8161
0b000901 0b004e01 10000 100 500000 7642 38519 29080
0b003501 0b004101 10000 100 200000 20717 25468 16504
0b008801 0b001501 10000 100 1000 37771 8414 8161
0b007c01 0b009301 10000 100 100000 33168 13077 12312
0b001501 0b004601 10000 100 200000 24726 21595 16504
0b005901 0b001201 10000 100 10000 37964 8782 8539
0b002901 0b005f01 10000 100 20000 37243 9553 8958
0b007e01 0b002901 10000 100 10000 37777 9025 8539
0b001f01 0b001e01 10000 100 1000 37805 9090 4121
0b008201 0b004601 10000 100 50000 30298 16612 10216
0b007f01 0b002d01 10000 100 50000 32689 14434 10216
0b003601 0b007a01 10000 100 2000 39097 8241 8203
0b000901 0b004701 10000 100 10000 36603 10842 8539
0b002201 0b002c01 10000 100 1000 43434 4120 4121
0b002d01 0b004c01 10000 100 20000 37676 10116 8958
0b006c01 0b005101 10000 100 20000 38327 9469 8958
0b007d01 0b002901 10000 100 1000 39687 8189 8161
0b009901 0b009801 10000 100 200000 34552 13341 12464
0b003301 0b003b01 10000 100 1000 42256 5705 4121
0b005201 0b005b01 10000 100 10000 43566 4653 4499
0b005201 0b002501 10000 100 1000 40031 8567 8161
0b001201 0b003501 10000 100 100000 31743 16864 12312
0b001f01 0b003401 10000 100 10000 30630 17977 8539
0b004301 0b003301 10000 100 20000 36467 12221 8958
0b002c01 0b008d01 10000 100 5000 40412 8349 8329
0b001e01 0b002401 10001 100 200000 30494 18315 16504
0b003201 0b004301 10000 100 100000 22286 26543 12312
0b005a01 0b005c01 10000 100 1000 44542 4441 4121
0b007401 0b009001 10000 100 100000 34722 14307 12312
0b003a01 0b008501 10000 100 5000 40491 8570 8329
0b006801 0b003001 10000 100 200000 30663 18460 16504
0b008d01 0b007301 10000 100 1000 41040 8136 8161
0b006201 0b008701 10000 100 2000 39770 9502 8203
0b001701 0b000701 10000 100 1000 29756 19564 8161
0b007101 0b008101 10000 100 100000 35812 13613 12312
0b005101 0b008501 10000 100 20000 40148 9324 8958
0b009101 0b000701 10000 100 10000 29137 20504 8539
0b003401 0b005201 10000 100 5000 41165 8525 8329
0b005801 0b005501 10000 100 20000 43946 5766 4918
0b009b01 0b001901 10000 100 20000 32984 16737 8958
0b003101 0b003e01 10000 100 1000 45654 4108 4121
0b008a01 0b006a01 10000 100 5000 39915 9859 8329
0b006601 0b001801 10000 100 20000 40530 9339 8958
0b002601 0b007f01 10000 100 50000 35525 14629 10216
0b002601 0b008301 10000 100 50000 35731 14506 10216
0b005b01 0b004c01 10000 100 1000 42067 8291 8161
0b001601 0b002401 10000 100 20000 34152 16337 8958
0b008a01 0b005701 10000 100 500000 3167 47374 29080
0b005c01 0b008d01 10000 100 10000 42006 8582 8539
0b008a01 0b001601 10000 100 200000 16425 34181 16504
0b003501 0b005601 10000 100 200000 20892 29797 16504
0b004501 0b009401 10000 100 100000 29366 21339 12312
0b004101 0b006e01 10000 100 2000 42524 8198 8203
0b006e01 0b006f01 10000 100 100000 41210 9725 8272
0b002901 0b002301 10000 100 20000 38235 12721 4918
0b008201 0b001601 10000 100 5000 39160 11831 8329
0b007f01 0b009001 10000 100 20000 40246 10774 8958
0b002401 0b000901 10000 100 100000 30068 21161 12312
0b002901 0b002f01 10000 100 20000 46017 5296 4918
0b007601 0b006d01 10000 100 100000 30263 21102 12312
0b008701 0b003e01 10000 100 1000 43233 8229 8161
0b000601 0b004c01 10000 100 20000 41816 9856 8958
0b002001 0b005601 10000 100 5000 41643 10080 8329
0b001b01 0b003c01 10000 100 500000 11355 40518 29080
0b006d01 0b009f01 10000 100 5000 38556 13346 8329
0b000001 0b008b01 10001 100 20000 42935 9017 8958
0b003701 0b004e01 10000 100 200000 31962 20125 16504
0b000001 0b009a01 10000 100 1000 40188 11983 8161
0b000401 0b006901 10000 100 20000 41624 10694 8958
0b000c01 0b007101 10000 100 100000 37133 15249 12312
0b002401 0b004b01 10000 100 500000 2085 50344 29080
0b001c01 0b008601 10000 100 1000 44259 8246 8161
0b006d01 0b005201 10000 100 10000 39060 13446 8539
0b006801 0b009601 10000 100 1000 44507 8136 8161
0b005201 0b004c01 10000 100 5000 44188 8648 8329
0b003901 0b001c01 10000 100 1000 44669 8210 8161
0b002901 0b004701 10000 100 5000 44525 8391 8329
0b001001 0b007e01 10000 100 500000 5081 48164 29080
0b002801 0b006d01 10000 100 2000 39629 13844 8203
0b008701 0b006f01 10000 100 200000 26855 26988 16504
0b003201 0b007d01 10000 100 10000 44450 9400 8539
0b000901 0b004201 10000 100 2000 45775 8282 8203
0b004601 0b000101 10000 100 200000 29350 24843 16504
0b003801 0b001e01 10000 100 2000 45992 8231 8203
0b001a01 0b000601 10000 100 100000 38564 15674 12312
0b006101 0b008701 10000 100 5000 45557 8763 8329
0b009c01 0b002d01 10000 100 20000 44948 9553 8958
0b006101 0b002601 10000 100 1000 46246 8264 8161
0b008701 0b006501 10000 100 100000 31322 23230 12312
0b000901 0b008901 10000 100 10000 45428 9187 8539
0b008b01 0b002201 10000 100 20000 44907 9735 8958
0b000701 0b000d01 10000 100 1000 50558 4199 4121
0b001f01 0b008601 10000 100 100000 29356 25440 12312
0b001201 0b009801 10000 100 20000 44428 10397 8958
0b009901 0b009001 10000 100 5000 50640 4438 4289
0b001801 0b007401 10000 100 500000 14525 40647 29080
0b007101 0b002301 10000 100 500000 5508 49681 29080
0b005a01 0b003401 10000 100 2000 46943 8526 8203
0b008a01 0b002101 10000 100 5000 46919 8720 8329
0b003f01 0b005401 10000 100 50000 42629 13056 10216
0b007601 0b003401 10000 100 20000 45806 10027 8958
0b009d01 0b004a01 10000 100 100000 32120 23713 12312
0b002801 0b007201 10000 100 1000 46901 8968 8161
0b004d01 0b007f01 10000 100 100000 35910 20045 12312
0b005d01 0b005401 10000 100 100000 41273 14725 8272
0b009601 0b004c01 10000 100 50000 44177 11884 10216
0b009b01 0b005901 10000 100 5000 47320 8760 8329
0b000501 0b002a01 10000 100 20000 45808 10510 8958
0b003201 0b004c01 10000 100 200000 29325 27160 16504
0b008901 0b009801 10000 100 50000 38851 17691 10216
0b002d01 0b003e01 10000 100 500000 23361 33298 29080
0b005a01 0b009901 10000 100 20000 45679 11361 8958
0b001301 0b004701 10000 100 2000 48792 8267 8203
0b000d01 0b004501 10000 100 20000 45710 11354 8958
0b009a01 0b008801 10000 100 5000 40343 16740 8329
0b006b01 0b004001 10000 100 5000 46814 10282 8329
0b002d01 0b002801 10000 100 20000 52135 4973 4918
0b004001 0b009101 10000 100 500000 10285 46876 29080
0b008601 0b004c01 10001 100 1000 48439 8885 8161
0b004001 0b001401 10000 100 20000 48341 8992 8958
0b000101 0b004401 10000 100 200000 36882 20491 16504
0b009101 0b006301 10000 100 2000 45454 12314 8203
0b000401 0b001801 10000 100 100000 36203 21567 12312
0b001601 0b002701 10000 100 1000 47333 10472 8161
0b002801 0b001501 10000 100 200000 23673 34343 16504
0b004f01 0b008201 10000 100 1000 49793 8249 8161
0b000701 0b004301 10000 100 20000 46974 11100 8958
0b004701 0b002301 10000 100 2000 40301 17866 8203
0b004901 0b006d01 10000 100 2000 46777 11484 8203
0b002301 0b008601 10000 100 1000 39494 18928 8161
0b003201 0b004601 10000 100 5000 49765 8708 8329
0b006401 0b004301 10000 100 20000 46905 11675 8958
0b005e01 0b007d01 10000 100 50000 36999 21642 10216
0b007d01 0b009101 10000 100 1000 38396 20396 8161
0b001701 0b004b01 10000 100 10000 49465 9388 8539
0b005c01 0b009f01 10000 100 50000 46166 12730 10216
0b001c01 0b001b01 10000 100 20000 53996 4909 4918
0b005e01 0b005c01 10000 100 200000 17095 41819 12464
0b004b01 0b006d01 10000 100 500000 6282 52634 29080
0b009001 0b003601 10000 100 1000 50752 8168 8161
0b007201 0b005b01 10000 100 1000 46870 12201 8161
0b006f01 0b000701 10000 100 20000 50138 9059 8958
0b000701 0b001d01 10000 100 500000 6195 53117 29080
0b001901 0b008701 10000 100 20000 44085 15263 8958
0b003701 0b000b01 10000 100 20000 48910 10589 8958
0b004a01 0b002001 10000 100 200000 31576 27945 16504
0b009b01 0b003101 10001 100 1000 51448 8164 8161
0b001d01 0b006901 10000 100 10000 50095 9539 8539
0b005e01 0b001701 10000 100 5000 48465 11209 8329
0b006501 0b001a01 10000 100 20000 44602 15142 8958
0b008901 0b000501 10000 100 1000 51601 8192 8161
0b005701 0b009d01 10000 100 200000 23210 36763 16504
0b008301 0b004801 10000 100 10000 50759 9369 8539
0b001001 0b004701 10000 100 500000 11272 49038 29080
0b004601 0b008901 10000 100 2000 52120 8240 8203
0b009101 0b000801 10000 100 5000 51672 8769 8329
0b004e01 0b000e01 10000 100 10000 47430 13021 8539
0b009201 0b002101 10000 100 5000 52648 8347 8329
0b001d01 0b008f01 10000 100 50000 36355 24720 10216
0b001901 0b002a01 10000 100 5000 48028 13098 8329
0b009f01 0b006d01 10000 100 10000 52524 8685 8539
0b004f01 0b009201 10000 100 100000 48274 13056 12312
0b003701 0b000001 10000 100 200000 38210 23192 16504
0b009a01 0b004301 10000 100 200000 13500 47971 16504
0b004101 0b006101 10000 100 1000 53449 8158 8161
0b002601 0b004a01 10000 100 20000 51442 10245 8958
0b000f01 0b005701 10000 100 1000 49417 12324 8161
0b003001 0b005101 10000 100 2000 53589 8285 8203
0b009001 0b004801 10000 100 5000 53536 8375 8329
0b008001 0b003b01 10000 100 1000 53405 8539 8161
0b005b01 0b007901 10000 100 50000 38737 23269 10216
0b003401 0b001601 10000 100 100000 41921 20099 12312
0b004001 0b002301 10000 100 200000 33854 28268 16504
0b006201 0b003f01 10000 100 5000 53765 8480 8329
0b000c01 0b008101 10000 100 20000 52877 9426 8958
0b009101 0b003c01 10000 100 10000 52798 9513 8539
0b007f01 0b008801 10000 100 10000 52901 9420 8539
0b008c01 0b000901 10000 100 20000 43919 18423 8958
0b006a01 0b002501 10000 100 1000 52299 10102 8161
0b000a01 0b004f01 10000 100 100000 35370 27175 12312
0b005a01 0b001401 10000 100 20000 51219 11344 8958
0b001001 0b007d01 10000 100 50000 51029 11545 10216
0b000101 0b003e01 10000 100 2000 53466 9117 8203
0b007201 0b002501 10000 100 200000 38683 24010 16504
0b001f01 0b002c01 10000 100 1000 54838 8201 8161
0b009301 0b007201 10000 100 100000 46085 17019 12312
0b003301 0b000c01 10000 100 100000 32872 30281 12312
0b005501 0b000e01 10000 100 200000 35951 27249 16504
0b004a01 0b002501 10000 100 200000 33341 30317 16504
0b003801 0b008701 10000 100 1000 55541 8213 8161
0b008001 0b002001 10000 100 200000 37311 26444 16504
0b005801 0b003f01 10000 100 100000 47764 15994 12312
0b002e01 0b008301 10000 100 20000 53196 10671 8958
0b003e01 0b008801 10000 100 50000 49226 14677 10216
0b008401 0b000a01 10000 100 200000 28970 34998 16504
0b009c01 0b007d01 10000 100 1000 55770 8252 8161
0b005f01 0b006501 10000 100 50000 45913 18129 10216
0b008001 0b003701 10000 100 10000 53589 10494 8539
0b008201 0b007901 10000 100 100000 37073 27160 12312
0b000001 0b002701 10000 100 5000 55561 8715 8329
0b002301 0b008201 10000 100 10000 53250 11146 8539
0b005301 0b002101 10000 100 2000 50181 14253 8203
0b000a01 0b004b01 10000 100 50000 40263 24634 10216
0b003601 0b009b01 10000 100 10000 56165 8896 8539
0b009501 0b005301 10000 100 50000 48194 16951 10216
0b009001 0b004c01 10000 100 20000 54406 10810 8958
0b005401 0b009801 10000 100 5000 56415 8804 8329
0b006601 0b007b01 10000 100 10000 56603 8745 8539
0b006301 0b002301 10000 100 20000 46964 18540 8958
0b007101 0b009401 10000 100 20000 56566 9014 8958
0b000701 0b004601 10000 100 1000 57385 8212 8161
0b004a01 0b006401 10000 100 20000 55189 10568 8958
0b000f01 0b007d01 10000 100 1000 56169 9684 8161
0b001501 0b000001 10000 100 5000 57389 8514 8329
0b008b01 0b005f01 10000 100 2000 56409 9502 8203
0b002a01 0b008d01 10000 100 50000 52224 13726 10216
0b002401 0b002901 10000 100 2000 61835 4221 4163
0b001801 0b006501 10000 100 5000 51236 14832 8329
0b005401 0b006301 10000 100 5000 56087 10003 8329
0b008c01 0b008901 10000 100 10000 54859 11254 4499
0b004b01 0b005201 10000 100 500000 14742 51473 29080
0b005601 0b000901 10000 100 1000 58179 8182 8161
0b005e01 0b001f01 10000 100 100000 33567 32982 12312
0b001c01 0b007201 10000 100 200000 45072 21542 16504
0b003301 0b008f01 10000 100 100000 27653 39062 12312
0b004501 0b009601 10000 100 100000 50801 16095 12312
0b009b01 0b000201 10000 100 500000 32835 34067 29080
0b003a01 0b000f01 10000 100 50000 44920 21983 10216
0b000d01 0b005601 10000 100 100000 46075 20968 12312
0b009901 0b009401 10000 100 2000 62937 4178 4163
0b003e01 0b004901 10000 100 1000 58882 8243 8161
0b002401 0b008a01 10000 100 500000 3407 63746 29080
0b000a01 0b006101 10000 100 100000 42902 24285 12312
0b007f01 0b008a01 10001 100 5000 58186 9084 8329
0b004501 0b001501 10000 100 1000 57165 10111 8161
0b009001 0b000101 10000 100 1000 59257 8177 8161
0b001701 0b003e01 10000 100 50000 56445 11032 10216
0b002101 0b007101 10000 100 100000 55040 12453 12312
0b006d01 0b001d01 10000 100 10000 58772 8765 8539
0b008d01 0b005201 10000 100 100000 49703 17846 12312
0b000101 0b008e01 10000 100 5000 59379 8352 8329
0b007901 0b007b01 10000 100 1000 50365 17368 4121
0b005701 0b009201 10000 100 10000 48405 19335 8539
0b003e01 0b007b01 10000 100 100000 49029 18860 12312
0b002a01 0b008d01 10001 100 1000 60031 8141 8161
0b007e01 0b004a01 10000 100 200000 42438 25734 16504
0b001201 0b007401 10000 100 1000 59882 8302 8161
0b006901 0b009a01 10000 100 200000 30802 37440 16504
0b002e01 0b003001 10000 100 200000 44649 23609 16504
0b004601 0b007501 10000 100 1000 57008 11279 8161
0b009301 0b003201 10000 100 200000 50727 17562 16504
0b001b01 0b005b01 10000 100 1000 59862 8616 8161
0b007001 0b008c01 10000 100 20000 52827 15690 8958
0b004501 0b000601 10000 100 20000 52826 15705 8958
0b006a01 0b000301 10000 100 20000 51982 16585 8958
0b000101 0b000e01 10000 100 5000 64237 4374 4289
0b000a01 0b001f01 10000 100 200000 30944 37741 16504
0b000501 0b007401 10000 100 5000 59992 8720 8329
0b004c01 0b002101 10001 100 20000 58119 10716 8958
0b007f01 0b004e01 10000 100 10000 59347 9573 8539
0b005001 0b006601 10000 100 1000 49387 19535 8161
0b003201 0b008b01 10000 100 10000 60325 8625 8539
0b007601 0b007b01 10000 100 2000 64785 4186 4163
0b008201 0b009e01 10000 100 10000 47748 21236 8539
0b009201 0b001901 10000 100 500000 18184 50914 29080
0b009a01 0b007901 10000 100 200000 23042 46178 16504
0b000e01 0b003d01 10000 100 1000 57572 11656 8161
0b003101 0b009e01 10000 100 200000 39726 29559 16504
0b009101 0b004e01 10000 100 200000 46993 22293 16504
0b007a01 0b005b01 10000 100 2000 61061 8324 8203
0b004201 0b009201 10000 100 20000 59906 9508 8958
0b004b01 0b000b01 10000 100 1000 61364 8136 8161
0b005601 0b003801 10000 100 1000 61461 8305 8161
0b009d01 0b004c01 10000 100 100000 47924 21871 12312
0b003d01 0b005601 10000 100 5000 57808 12034 8329
0b002001 0b008201 10000 100 2000 61857 8208 8203
0b002201 0b007001 10000 100 20000 58673 11408 8958
0b000101 0b001201 10000 100 100000 51140 19246 12312
0b000f01 0b006d01 10000 100 100000 48532 22036 12312
0b001101 0b002001 10000 100 100000 45485 25193 12312
0b002001 0b001301 10000 100 20000 60357 10418 8958
0b007e01 0b006501 10000 100 5000 53961 16961 8329
0b001001 0b000401 10000 100 1000 62799 8158 8161
0b003301 0b007801 10000 100 1000 48864 22110 8161
0b006a01 0b008a01 10000 100 1000 61492 9488 8161
0b005301 0b005401 10000 100 1000 62257 8877 4121
0b005a01 0b006501 10000 100 20000 52740 18415 8958
0b003a01 0b007e01 10000 100 1000 62925 8286 8161
0b009201 0b000101 10000 100 10000 62266 9076 8539
0b002d01 0b003401 10000 100 10000 60340 11281 8539
0b008301 0b001c01 10000 100 1000 63451 8199 8161
0b002c01 0b002b01 10000 100 50000 61223 10428 6176
0b000401 0b001901 10000 100 1000 57807 13914 8161
0b008801 0b004901 10000 100 1000 63631 8200 8161
0b007f01 0b004d01 10000 100 1000 63075 8838 8161
0b009201 0b006301 10000 100 200000 53109 18828 16504
0b005301 0b001501 10000 100 50000 56524 15674 10216
0b001501 0b009601 10000 100 50000 61784 10419 10216
0b009a01 0b006301 10000 100 20000 54600 17604 8958
0b009a01 0b006f01 10000 100 1000 56543 15707 8161
0b005f01 0b008f01 10000 100 100000 46004 26301 12312
0b002301 0b007c01 10000 100 2000 64013 8319 8203
0b007c01 0b006101 10000 100 2000 64070 8337 8203
0b001c01 0b009d01 10000 100 1000 57098 15313 8161
0b005f01 0b004c01 10000 100 100000 57643 14907 12312
0b009e01 0b005601 10000 100 1000 54747 17815 8161
0b001201 0b004901 10000 100 200000 44838 27817 16504
0b003a01 0b002c01 10000 100 100000 56019 16652 12312
0b009301 0b008801 10000 100 1000 64499 8217 8161
0b005301 0b001301 10000 100 1000 60235 12525 8161
0b007201 0b003b01 10000 100 1000 64632 8159 8161
0b000001 0b002801 10000 100 100000 50407 22401 12312
0b000301 0b007c01 10000 100 500000 26605 46423 29080
0b002901 0b008f01 10000 100 1000 52081 21054 8161
0b008e01 0b009e01 10000 100 100000 46202 26953 12312
0b007d01 0b005501 10000 100 5000 61773 11445 8329
0b002301 0b005401 10000 100 500000 25750 47807 29080
0b006001 0b003001 10000 100 10000 65063 8575 8539
0b009c01 0b006e01 10000 100 5000 65410 8342 8329
0b002c01 0b009d01 10000 100 50000 52568 21297 10216
0b005601 0b007e01 10000 100 50000 55787 18116 10216
0b002101 0b005001 10000 100 2000 54164 19779 8203
0b008b01 0b000801 10000 100 20000 65144 9016 8958
0b004901 0b005901 10000 100 500000 35101 39060 29080
0b001f01 0b002301 10000 100 200000 33570 40725 16504
0b005c01 0b001c01 10000 100 20000 65025 9308 8958
0b008301 0b007f01 10000 100 200000 48685 26005 16504
0b002a01 0b003c01 10000 100 200000 51894 22825 16504
0b001701 0b002e01 10000 100 2000 66787 8450 8203
0b006201 0b000301 10000 100 500000 22246 52996 29080
0b004101 0b002701 10000 100 10000 66456 8923 8539
0b008001 0b000801 10000 100 10000 65936 9529 8539
0b003501 0b002301 10000 100 20000 65533 9965 8958
0b008e01 0b003501 10000 100 1000 67461 8154 8161
0b002601 0b001501 10000 100 20000 65835 9796 8958
0b002401 0b009e01 10000 100 1000 55977 19801 8161
0b008701 0b005201 10000 100 100000 61816 13963 12312
0b002b01 0b001201 10000 100 20000 66730 9058 8958
0b003e01 0b008701 10000 100 200000 49373 26495 16504
0b005e01 0b007901 10000 100 50000 39422 36482 10216
0b006a01 0b004901 10000 100 100000 55196 20816 12312
0b009201 0b000b01 10000 100 1000 67847 8183 8161
0b000f01 0b009001 10000 100 200000 43247 32866 16504
0b004d01 0b000601 10000 100 500000 11592 64683 29080
0b008c01 0b008e01 10000 100 10000 71324 5036 4499
0b001f01 0b003a01 10000 100 20000 64263 12099 8958
0b003501 0b001601 10000 100 20000 64291 12116 8958
0b004301 0b005301 10000 100 10000 62036 14468 8539
0b001101 0b000301 10000 100 200000 33818 42816 16504
0b004201 0b005301 10000 100 500000 11259 65690 29080
0b008401 0b000e01 10000 100 500000 25141 52051 29080
0b007a01 0b001401 10000 100 100000 62459 14741 12312
0b000701 0b000201 10000 100 1000 73094 4144 4121
0b001601 0b004301 10000 100 10000 66184 11206 8539
0b006601 0b006201 10000 100 1000 70581 6819 4121
0b001001 0b003e01 10000 100 10000 65905 11677 8539
0b008e01 0b005901 10000 100 1000 69449 8199 8161
0b007301 0b003901 10000 100 20000 66976 11024 8958
0b004701 0b000201 10000 100 20000 68678 9406 8958
0b001301 0b006801 10000 100 10000 67569 10549 8539
0b009501 0b002d01 10000 100 10000 69585 8680 8539
0b006a01 0b000f01 10000 100 100000 57158 21294 12312
0b004701 0b009e01 10000 100 1000 63166 15308 8161
0b007e01 0b007301 10000 100 20000 70376 8108 4918
0b005d01 0b000501 10000 100 10000 70072 8575 8539
0b004e01 0b002c01 10000 100 1000 64204 14503 8161
0b007701 0b001701 10000 100 500000 65 78720 29080
0b000101 0b007f01 10000 100 10000 70173 8948 8539
0b002d01 0b005101 10000 100 200000 62262 16862 16504
0b002601 0b003d01 10000 100 50000 63264 16077 10216
0b007601 0b007b01 10001 100 5000 74934 4509 4289
0b008501 0b007301 10000 100 20000 64173 15325 8958
0b005101 0b001801 10000 100 20000 69246 10394 8958
0b009401 0b005401 10000 100 200000 61123 18787 16504
0b008601 0b006101 10000 100 1000 68912 11100 8161
0b006a01 0b004401 10000 100 200000 53021 26995 16504
0b004d01 0b002101 10000 100 10000 70491 9540 8539
0b009501 0b009901 10000 100 1000 76036 4124 4121
0b006d01 0b004801 10000 100 1000 68402 11819 8161
0b004c01 0b005001 10000 100 10000 62680 17549 8539
0b002201 0b005d01 10000 100 10000 70335 9934 8539
0b005c01 0b009601 10000 100 50000 67014 13262 10216
0b008601 0b005501 10000 100 10000 69625 10789 8539
0b006f01 0b002201 10000 100 200000 59587 20861 16504
0b002c01 0b002b01 10001 100 100000 71991 8596 8272
0b002701 0b003301 10000 100 500000 23834 56803 29080
0b007e01 0b000501 10000 100 1000 72894 8215 8161
0b005b01 0b000801 10000 100 20000 70950 10212 8958
0b000701 0b007101 10000 100 50000 66178 15073 10216
0b000701 0b002101 10000 100 100000 62414 18840 12312
0b001001 0b007901 10000 100 100000 54435 26832 12312
0b001701 0b009501 10000 100 1000 71221 10110 8161
0b004a01 0b004401 10000 100 100000 65864 15523 8272
0b008901 0b005c01 10000 100 500000 24459 57055 29080
0b008301 0b008901 10000 100 500000 46076 35470 25040
0b005801 0b001601 10000 100 500000 30205 51488 29080
0b000001 0b001a01 10000 100 1000 73428 8289 8161
0b004901 0b008901 10000 100 2000 73011 8873 8203
0b005601 0b005201 10000 100 1000 74726 7261 4121
0b000101 0b005001 10000 100 20000 64641 17352 8958
0b007101 0b000901 10000 100 50000 67616 14548 10216
0b002901 0b007201 10000 100 5000 70565 11615 8329
0b007901 0b008901 10000 100 1000 59868 22518 8161
0b004201 0b002b01 10000 100 1000 74234 8183 8161
0b000401 0b001b01 10000 100 5000 73951 8476 8329
0b006101 0b007801 10000 100 500000 36955 45515 29080
0b004f01 0b000301 10000 100 5000 74042 8464 8329
0b008601 0b009301 10000 100 500000 47197 35370 29080
0b003901 0b009d01 10000 100 200000 58046 24697 16504
0b000601 0b001201 10000 100 1000 74599 8148 8161
0b003a01 0b006a01 10000 100 20000 72913 9860 8958
0b002101 0b009701 10000 100 1000 74760 8145 8161
0b004101 0b003f01 10000 100 200000 65394 17518 16504
0b008501 0b003d01 10000 100 50000 57557 25429 10216
0b004901 0b009101 10000 100 10000 68922 14080 8539
0b006501 0b009101 10000 100 100000 55673 27624 12312
0b007f01 0b002201 10001 100 10000 72257 11205 8539
0b009f01 0b006601 10000 100 10000 74920 8874 8539
0b007001 0b005401 10000 100 10000 74566 9239 8539
0b006e01 0b002701 10000 100 1000 76024 8250 8161
0b001501 0b002601 10000 100 20000 75150 9384 8958
0b001c01 0b008501 10000 100 10000 76045 8623 8539
0b000401 0b007201 10000 100 1000 76566 8164 8161
0b006401 0b001d01 10000 100 1000 76552 8190 8161
0b002601 0b008601 10000 100 50000 71377 13426 10216
0b008b01 0b007901 10000 100 1000 62483 22460 8161
0b007901 0b007501 10000 100 500000 25820 59179 25040
0b000801 0b009e01 10000 100 200000 34500 50574 16504
0b009901 0b004901 10000 100 20000 75728 9496 8958
0b009d01 0b005b01 10000 100 20000 76028 9233 8958
0b007901 0b003801 10000 100 100000 51232 34132 12312
0b005901 0b001701 10000 100 10000 74901 10507 8539
0b006c01 0b008501 10000 100 1000 77317 8208 8161
0b001101 0b007801 10000 100 20000 73380 12193 8958
0b005901 0b002901 10000 100 200000 65086 20826 16504
0b008701 0b001c01 10000 100 100000 72450 13496 12312
0b008501 0b008401 10000 100 1000 81668 4294 4121
0b001201 0b003201 10000 100 20000 75333 10845 8958
0b000701 0b001a01 10000 100 1000000 4408 81848 50040
0b005001 0b001601 10000 100 50000 61753 24518 10216
0b007001 0b004a01 10000 100 100000 62713 23739 12312
0b006d01 0b005f01 10000 100 20000 77417 9147 8958
0b009101 0b008801 10000 100 500000 34966 51785 29080
0b004201 0b004601 10000 100 20000 80942 5814 4918
0b004201 0b007e01 10000 100 1000 78675 8144 8161
0b007301 0b005801 10000 100 20000 72369 14506 8958
0b002401 0b007001 10000 100 1000 78706 8198 8161
0b007a01 0b009d01 10000 100 1000 75952 11040 8161
0b008301 0b000801 10000 100 5000 78503 8572 8329
0b005f01 0b004601 10001 100 5000 78469 8655 8329
0b000201 0b003201 10000 100 2000 78685 8443 8203
0b007d01 0b000501 10000 100 20000 71003 16154 8958
0b005701 0b009601 10000 100 500000 26340 60874 29080
0b009e01 0b008501 10000 100 20000 76904 10454 8958
0b008701 0b005901 10000 100 2000 79276 8203 8203
0b000401 0b007601 10000 100 5000 79078 8453 8329
0b001101 0b000d01 10000 100 5000 78541 9003 8329
0b002e01 0b007f01 10000 100 1000 79376 8258 8161
0b008801 0b001c01 10000 100 10000 78297 9399 8539
0b006401 0b002c01 10000 100 500000 48208 39495 29080
0b006f01 0b008b01 10000 100 5000 79333 8404 8329
0b005801 0b001b01 10000 100 200000 53111 34693 16504
0b007901 0b005001 10000 100 20000 54471 33348 8958
0b001e01 0b006b01 10000 100 20000 77722 10121 8958
0b000a01 0b000001 10000 100 10000 78246 9604 4499
0b004e01 0b000201 10000 100 2000 79455 8396 8203
0b005601 0b002101 10000 100 10000 72305 15595 8539
0b007e01 0b005c01 10000 100 200000 61256 26770 16504
0b005801 0b007001 10000 100 200000 53724 34439 16504
0b007b01 0b008201 10000 100 5000 79722 8612 8329
0b008f01 0b004901 10000 100 20000 77556 10787 8958
0b003401 0b009101 10000 100 100000 50710 37747 12312
0b005a01 0b004301 10000 100 1000 80656 8143 8161
0b007201 0b005c01 10000 100 10000 79388 9503 8539
0b004601 0b007d01 10000 100 20000 70774 18266 8958
0b001701 0b006101 10000 100 100000 67807 21284 12312
0b003301 0b009d01 10000 100 200000 29482 59655 16504
0b009101 0b004d01 10000 100 5000 74717 14457 8329
0b006501 0b006101 10000 100 200000 58152 31298 12464
0b001201 0b004301 10000 100 200000 63176 26341 16504
0b008a01 0b002801 10000 100 10000 70626 18917 8539
0b004701 0b007e01 10000 100 20000 80093 9601 8958
0b006501 0b002101 10000 100 20000 69864 19865 8958
0b009e01 0b000a01 10000 100 20000 73957 15936 8958
0b005101 0b006401 10000 100 1000 81811 8189 8161
0b003a01 0b003901 10000 100 10000 85282 4872 4499
0b008501 0b006d01 10000 100 500000 13908 76348 29080
0b007c01 0b004501 10000 100 500000 54025 36250 29080
0b009701 0b002001 10000 100 1000 82153 8157 8161
0b007001 0b003201 10000 100 200000 66291 24022 16504
0b000a01 0b009d01 10000 100 50000 71790 18532 10216
0b009201 0b009801 10000 100 500000 62824 27574 25040
0b005001 0b004801 10000 100 200000 57141 33300 16504
0b007e01 0b006701 10000 100 500000 36860 53617 29080
0b002b01 0b005801 10000 100 1000 80855 9655 8161
0b003101 0b001c01 10000 100 2000 82342 8192 8203
0b002801 0b005a01 10000 100 100000 72188 18582 12312
0b001001 0b008c01 10000 100 10000 81920 8876 8539
0b002801 0b000e01 10000 100 1000 79262 11552 8161
0b001801 0b005a01 10000 100 5000 81762 9085 8329
0b009c01 0b003301 10000 100 100000 53334 37554 12312
0b004a01 0b001301 10000 100 100000 71693 19212 12312
0b007201 0b000a01 10000 100 100000 70347 20694 12312
0b000001 0b004701 10000 100 500000 50326 41029 29080
0b006501 0b006901 10000 100 20000 78163 13396 4918
0b007b01 0b009301 10000 100 1000 82834 8741 8161
0b009701 0b000401 10000 100 1000 83075 8589 8161
0b001701 0b004101 10000 100 20000 78885 12932 8958
0b007d01 0b009b01 10000 100 2000 76363 15528 8203
0b009c01 0b001201 10000 100 1000 79537 12407 8161
0b009101 0b001c01 10000 100 10000 79178 12778 8539
0b000501 0b003001 10000 100 5000 83037 9009 8329
0b003c01 0b003401 10000 100 10000 86193 5886 4499
0b009001 0b006501 10000 100 200000 64281 27959 16504
0b004301 0b006401 10000 100 10000 83047 9197 8539
0b003401 0b005501 10000 100 5000 83394 8862 8329
0b001901 0b001301 10000 100 1000 81769 10488 4121
0b004601 0b009801 10000 100 10000 83404 8936 8539
0b008901 0b004e01 10000 100 10000 83258 9339 8539
0b005401 0b004701 10000 100 1000 84435 8201 8161
0b000f01 0b009901 10000 100 500000 23533 69192 29080
0b001a01 0b001001 10000 100 100000 77202 15581 8272
0b006c01 0b006a01 10000 100 50000 86036 6954 6176
0b000001 0b005801 10000 100 100000 74689 18389 12312
0b003901 0b000401 10000 100 5000 84715 8437 8329
0b007f01 0b007a01 10000 100 5000 88498 4672 4289
0b009801 0b009101 10000 100 20000 83231 9958 4918
0b005001 0b009f01 10000 100 5000 80871 12337 8329
0b008a01 0b002501 10000 100 100000 60315 32930 12312
0b008a01 0b001e01 10000 100 2000 80727 12582 8203
0b002101 0b004f01 10000 100 20000 83533 9922 8958
0b002701 0b003001 10000 100 5000 85024 8579 8329
0b007801 0b004201 10000 100 2000 83003 10620 8203
0b007301 0b009a01 10000 100 1000 80524 13105 8161
0b006101 0b007501 10000 100 1000 76694 16980 8161
0b002901 0b001201 10000 100 20000 84101 9620 8958
0b003901 0b009801 10000 100 1000 85579 8192 8161
0b002701 0b008b01 10000 100 20000 84561 9272 8958
0b007c01 0b002601 10000 100 20000 84016 9976 8958
0b005001 0b003301 10000 100 5000 61851 32146 8329
0b007c01 0b006b01 10000 100 20000 84137 10129 8958
0b009801 0b009401 10000 100 20000 88929 5353 4918
0b006d01 0b007c01 10000 100 1000 86225 8136 8161
0b001401 0b009b01 10000 100 200000 70066 24488 16504
0b000901 0b004301 10000 100 1000 86477 8150 8161
0b008801 0b005401 10000 100 5000 86193 8447 8329
0b001f01 0b005a01 10000 100 1000 86468 8197 8161
0b002801 0b005e01 10000 100 1000000 14596 80147 50040
0b002d01 0b006601 10000 100 1000 86697 8161 8161
0b009201 0b004f01 10000 100 1000 85857 9029 8161
0b008301 0b001901 10000 100 1000 86735 8163 8161
0b004401 0b007a01 10000 100 50000 84526 10517 10216
0b003d01 0b007d01 10000 100 20000 79169 16145 8958
0b006001 0b008801 10000 100 100000 80548 14831 12312
0b002a01 0b001001 10000 100 10000 86753 8681 8539
0b004c01 0b001601 10000 100 200000 61341 34116 16504
0b006501 0b005001 10000 100 1000 78974 16516 8161
0b007d01 0b008901 10000 100 2000 86992 8501 8203
0b001501 0b005501 10000 100 50000 83358 12137 10216
0b005e01 0b003401 10000 100 5000 86193 9361 8329
0b006901 0b009b01 10000 100 1000000 6017 89697 50040
0b007701 0b007e01 10000 100 20000 89075 6824 4918
0b001d01 0b007b01 10000 100 5000 86936 9223 8329
0b009901 0b004101 10000 100 1000 85430 10778 8161
0b001301 0b002901 10000 100 10000 81313 15158 8539
0b002901 0b007d01 10000 100 5000 82293 14257 8329
0b002c01 0b009a01 10000 100 10000 87795 8875 8539
0b001c01 0b000701 10000 100 1000 88822 8157 8161
0b000a01 0b009401 10000 100 100000 81170 15902 12312
0b009401 0b001c01 10000 100 10000 88487 8614 8539
0b003a01 0b006101 10000 100 200000 68157 28954 16504
0b007f01 0b000201 10000 100 100000 80106 17023 12312
0b006901 0b005001 10000 100 200000 57740 39427 16504
0b007001 0b003c01 10000 100 1000 88354 8834 8161
0b001d01 0b009301 10000 100 20000 84852 12349 8958
0b008001 0b002501 10000 100 1000 88925 8368 8161
0b006801 0b007501 10000 100 100000 72059 25314 12312
0b008c01 0b000c01 10000 100 2000 89279 8242 8203
0b008901 0b002801 10000 100 1000 89453 8177 8161
0b003101 0b006b01 10000 100 2000 89550 8286 8203
0b009a01 0b007201 10000 100 10000 89016 8859 8539
0b006a01 0b001a01 10000 100 100000 82338 15540 12312
0b001401 0b004f01 10000 100 50000 85397 12562 10216
0b007901 0b003f01 10000 100 5000 81986 16151 8329
0b006201 0b004f01 10000 100 1000 79733 18560 8161
0b004101 0b001b01 10000 100 1000 90159 8198 8161
0b003a01 0b002f01 10000 100 200000 77332 21153 16504
0b001d01 0b008e01 10000 100 10000 88355 10266 8539
0b007501 0b006e01 10000 100 20000 86962 11709 8958
0b004601 0b001d01 10000 100 10000 89581 9098 8539
0b001e01 0b001701 10000 100 200000 74720 24087 12464
0b004b01 0b007501 10000 100 1000 80348 18658 8161
0b001801 0b006201 10000 100 500000 17279 81752 29080
0b009e01 0b008901 10000 100 1000 90951 8202 8161
0b009b01 0b001e01 10000 100 1000 89260 9900 8161
0b008201 0b000f01 10000 100 1000 91060 8280 8161
0b009401 0b007401 10000 100 20000 87649 11736 8958
0b005e01 0b008601 10000 100 500000 6400 93050 29080
0b008401 0b001801 10000 100 1000 91332 8184 8161
0b003601 0b007801 10000 100 200000 71166 28430 16504
0b007401 0b002b01 10000 100 5000 88898 10736 8329
0b006001 0b005b01 10000 100 20000 88550 11243 8958
0b006301 0b009b01 10000 100 2000 85415 14519 8203
0b006301 0b008201 10000 100 200000 75329 24691 16504
0b002001 0b005901 10000 100 200000 80411 19708 16504
0b000501 0b008e01 10000 100 100000 74773 25583 12312
0b001a01 0b007e01 10000 100 1000 90972 9451 8161
0b004f01 0b000901 10000 100 50000 84395 16055 10216
0b005d01 0b004f01 10000 100 5000 89629 10829 8329
0b005e01 0b003101 10000 100 500000 6764 93753 29080
0b007701 0b008401 10000 100 5000 91867 8681 8329
0b008101 0b007901 10000 100 10000 82918 17721 8539
0b001001 0b007901 10001 100 50000 76700 23969 10216
0b004501 0b002401 10000 100 10000 92171 8770 8539
0b007801 0b008f01 10001 100 1000 91748 9216 8161
0b005b01 0b006b01 10000 100 1000000 24339 76631 50040
0b005a01 0b002f01 10000 100 10000 90391 10637 8539
0b002801 0b005d01 10000 100 20000 91837 9210 8958
0b004701 0b000801 10000 100 5000 92637 8712 8329
0b006c01 0b005901 10000 100 5000 92436 8973 8329
0b007b01 0b006c01 10000 100 20000 92079 9371 8958
0b001d01 0b004901 10000 100 100000 79483 22187 12312
0b004201 0b001301 10000 100 10000 89147 12534 8539
0b007e01 0b001401 10000 100 5000 91156 10780 8329
0b002d01 0b008f01 10000 100 1000 92433 9543 8161
0b006e01 0b000901 10000 100 1000 91662 10417 8161
0b002601 0b008101 10000 100 50000 90507 11580 10216
0b004801 0b007301 10000 100 5000 91589 10730 8329
0b003f01 0b003a01 10000 100 5000 97985 4407 4289
0b004101 0b002701 10001 100 200000 85440 16968 16504
0b000601 0b003601 10000 100 20000 87570 14950 8958
0b001a01 0b008901 10000 100 1000 94289 8256 8161
0b005101 0b004a01 10000 100 5000 93944 8683 8329
0b002f01 0b009c01 10000 100 1000 92720 10203 8161
0b006601 0b009c01 10000 100 1000 92283 10710 8161
0b006301 0b006801 10000 100 5000 94687 8433 4289
0b006301 0b001d01 10001 100 200000 76881 26493 16504
0b001b01 0b001701 10000 100 100000 85406 18071 8272
0b004901 0b003401 10000 100 500000 48635 55171 29080
0b009901 0b002101 10000 100 100000 81441 22479 12312
0b002201 0b006801 10000 100 200000 74456 29587 16504
0b005f01 0b004c01 10001 100 2000 93856 10214 8203
0b006c01 0b005401 10000 100 10000 95410 8751 8539
0b003c01 0b007801 10000 100 200000 81409 22814 16504
0b003d01 0b005a01 10000 100 2000 95522 8822 8203
0b002d01 0b001f01 10000 100 5000 95862 8501 8329
0b004401 0b006b01 10000 100 50000 93998 10393 10216
0b009401 0b002b01 10000 100 5000 96152 8398 8329
0b009c01 0b007201 10000 100 1000 95651 8939 8161
0b001e01 0b004f01 10000 100 200000 79844 24873 16504
0b002401 0b007201 10000 100 5000 96008 8727 8329
0b008d01 0b001501 10000 100 20000 93252 11524 8958
0b002601 0b007801 10000 100 1000 96642 8215 8161
0b006401 0b002b01 10000 100 10000 95991 8916 8539
0b000a01 0b007101 10000 100 20000 85991 19002 8958
0b003901 0b000c01 10000 100 5000 96865 8422 8329
0b006201 0b009601 10000 100 10000 85728 19647 8539
0b009501 0b006101 10000 100 10000 96885 8573 8539
0b001001 0b004501 10000 100 10000 96959 8584 8539
0b004001 0b000d01 10000 100 1000 93724 11819 8161
0b007e01 0b001801 10000 100 1000 97426 8223 8161
0b003901 0b007001 10000 100 5000 97426 8341 8329
0b008e01 0b001601 10000 100 1000 97672 8202 8161
0b002001 0b002501 10000 100 5000 101589 4297 4289
0b005301 0b000c01 10000 100 2000 97602 8323 8203
0b002501 0b006a01 10000 100 1000 97658 8283 8161
0b004c01 0b006101 10000 100 200000 67087 38974 16504
0b004d01 0b006b01 10000 100 10000 93122 13327 8539
0b000001 0b007501 10000 100 50000 95083 11397 10216
0b006e01 0b004001 10000 100 50000 92354 14157 10216
0b006701 0b005401 10000 100 50000 89890 16639 10216
0b001c01 0b006601 10000 100 20000 96902 9654 8958
0b008d01 0b008c01 10000 100 10000 101417 5322 4499
0b005a01 0b008c01 10000 100 500000 42476 64344 29080
0b008701 0b005901 10001 100 100000 86809 20271 12312
0b008d01 0b002901 10000 100 200000 79159 27972 16504
0b001401 0b001701 10000 100 5000 95355 11778 4289
0b005a01 0b002f01 10001 100 20000 96344 10835 8958
0b007101 0b008a01 10000 100 20000 77333 29874 8958
0b006901 0b003701 10000 100 5000 91711 15518 8329
0b001b01 0b005501 10000 100 5000 98768 8729 8329
0b004c01 0b002201 10000 100 100000 84425 23099 12312
0b001c01 0b009b01 10000 100 1000 99361 8182 8161
0b002d01 0b001801 10000 100 1000 99393 8173 8161
0b000d01 0b009501 10000 100 1000000 14525 93081 50040
0b004501 0b003401 10000 100 20000 97378 10292 8958
0b007701 0b009901 10001 100 20000 92292 15450 8958
0b007901 0b005701 10000 100 1000 88295 19451 8161
0b003401 0b006501 10000 100 200000 48039 59780 16504
0b004501 0b006601 10000 100 1000000 14022 93968 50040
0b001d01 0b006c01 10000 100 500000 63660 44341 29080
0b009401 0b009301 10000 100 1000 101464 6543 4121
0b008801 0b003401 10000 100 50000 95762 12319 10216
0b006f01 0b004c01 10000 100 100000 91791 16365 12312
0b003501 0b000101 10000 100 5000 99564 8599 8329
0b007f01 0b002201 10000 100 1000000 17867 90371 50040
0b007a01 0b003d01 10000 100 500000 35759 72694 29080
0b004001 0b001301 10000 100 10000 96998 11585 8539
0b007101 0b005d01 10000 100 10000 95829 12827 8539
0b003901 0b000e01 10000 100 1000 100462 8265 8161
0b006201 0b000b01 10000 100 5000 86564 22223 8329
0b005101 0b006f01 10000 100 100000 92208 16777 12312
0b001001 0b003101 10000 100 10000 100206 8802 8539
0b005801 0b006901 10000 100 20000 96812 12395 8958
0b007001 0b003101 10000 100 10000 100329 8914 8539
0b002101 0b007601 10000 100 50000 93764 15621 10216
0b002101 0b001701 10000 100 100000 84997 24391 12312
0b001801 0b004001 10000 100 100000 84375 25106 12312
0b004c01 0b002a01 10000 100 20000 98541 11027 8958
0b006901 0b004c01 10000 100 500000 47904 61834 29080
0b006401 0b000b01 10000 100 1000 94145 15635 8161
0b008d01 0b008201 10000 100 100000 99258 10599 8272
0b008a01 0b009c01 10000 100 500000 25539 84535 29080
0b006701 0b004d01 10000 100 500000 51005 59087 29080
0b004701 0b007101 10000 100 20000 88480 21714 8958
0b009c01 0b007101 10000 100 200000 78186 32059 16504
0b009101 0b000601 10000 100 200000 86921 23338 16504
0b006201 0b008501 10000 100 50000 90823 19490 10216
0b001301 0b008c01 10000 100 1000 102314 8272 8161
0b009e01 0b001201 10000 100 1000 101682 9008 8161
0b001801 0b004901 10000 100 200000 78521 32371 16504
0b009301 0b007701 10001 100 1000 97447 13457 8161
0b002201 0b001001 10000 100 10000 101449 9544 8539
0b002b01 0b002101 10000 100 20000 105234 5866 4918
0b000801 0b003c01 10000 100 500000 66728 44432 29080
0b007301 0b007001 10000 100 2000 107010 4160 4163
0b008d01 0b001d01 10000 100 200000 80793 30396 16504
0b002601 0b005f01 10000 100 5000 102705 8582 8329
0b006201 0b002201 10000 100 10000 95932 15357 8539
0b006c01 0b009e01 10000 100 50000 99717 11679 10216
0b009401 0b001b01 10000 100 10000 102810 8625 8539
0b007601 0b003a01 10000 100 20000 99107 12499 8958
0b001a01 0b004d01 10000 100 100000 84936 26674 12312
0b001301 0b004901 10000 100 100000 95974 15677 12312
0b001e01 0b009101 10000 100 50000 98431 13241 10216
0b002001 0b003201 10000 100 2000 103551 8402 8203
0b002601 0b008c01 10000 100 1000000 14849 97192 50040
0b008901 0b008001 10001 100 5000 107081 4974 4289
0b004501 0b001801 10000 100 20000 102684 9411 8958
0b009301 0b007701 10000 100 50000 96238 15893 10216
0b009a01 0b008801 10001 100 100000 94236 17957 12312
0b009201 0b003501 10000 100 10000 103464 8750 8539
0b001c01 0b007101 10000 100 1000 98317 14036 8161
0b002501 0b007301 10000 100 500000 64619 47755 29080
0b008c01 0b002a01 10000 100 20000 100628 11977 8958
0b000901 0b006f01 10000 100 1000 104476 8199 8161
0b001a01 0b008a01 10000 100 20000 101779 10939 8958
0b005b01 0b009201 10000 100 100000 99543 13271 12312
0b008e01 0b002d01 10000 100 2000 104358 8603 8203
0b008401 0b006201 10000 100 2000 94587 18423 8203
0b002601 0b001101 10000 100 10000 102908 10162 8539
0b005d01 0b005201 10000 100 5000 108474 4616 4289
0b000b01 0b006201 10000 100 20000 82743 30535 8958
0b009a01 0b008701 10000 100 100000 93717 19587 12312
0b009e01 0b000401 10000 100 20000 103574 9798 8958
0b004c01 0b001101 10000 100 50000 98434 14956 10216
0b008301 0b006301 10000 100 100000 99457 14018 12312
0b003101 0b006901 10000 100 20000 104084 9494 8958
0b006401 0b005c01 10000 100 500000 71905 41696 29080
0b007b01 0b008001 10000 100 10000 101723 11895 8539
0b001301 0b004001 10000 100 10000 103457 10314 8539
0b002001 0b001301 10001 100 2000 105607 8257 8203
0b004701 0b000701 10000 100 200000 89549 24405 16504
0b001b01 0b009001 10000 100 5000 100436 13519 8329
0b000d01 0b009f01 10000 100 50000 97135 16825 10216
0b006601 0b002801 10000 100 20000 105062 9061 8958
0b005501 0b009301 10000 100 500000 72543 41697 29080
0b005a01 0b007701 10000 100 5000 100130 14159 8329
0b009d01 0b003101 10000 100 1000 104722 9612 8161
0b009301 0b007701 10002 100 20000 102052 12289 8958
0b008701 0b000601 10000 100 200000 84511 29933 16504
0b001d01 0b009201 10000 100 5000 106176 8415 8329
0b004a01 0b001701 10000 100 20000 97980 16750 8958
0b001701 0b002801 10000 100 1000 106533 8225 8161
0b002301 0b002e01 10000 100 1000000 58831 55934 46000
0b008201 0b003b01 10000 100 10000 105546 9224 8539
0b001601 0b008801 10000 100 10000 104511 10264 8539
0b003601 0b003701 10000 100 200000 91235 23553 12464
0b008401 0b003f01 10000 100 50000 103844 11124 10216
0b002501 0b003c01 10000 100 10000 106298 8742 8539
0b005801 0b008b01 10000 100 10000 102711 12374 8539
0b009901 0b007201 10000 100 10000 103540 11569 8539
0b007601 0b005801 10000 100 200000 79472 35656 16504
0b005601 0b005201 10001 100 1000 110810 4345 4121
0b003501 0b009201 10000 100 1000 107348 8209 8161
0b009001 0b007b01 10000 100 2000 99754 15829 8203
0b001601 0b001101 10000 100 5000 109682 5988 4289
0b007701 0b009d01 10000 100 2000 107147 8696 8203
0b006701 0b007301 10000 100 1000 107468 8398 8161
0b000901 0b009301 10000 100 2000 103913 11955 8203
0b007a01 0b005001 10000 100 20000 105812 10095 8958
0b001c01 0b009f01 10000 100 100000 101033 14976 12312
0b006d01 0b003d01 10000 100 1000000 26769 89396 50040
0b007301 0b004701 10000 100 5000 108005 8407 8329
0b003601 0b007201 10000 100 20000 106427 10185 8958
0b008301 0b009701 10000 100 5000 108703 8365 8329
0b002b01 0b008d01 10000 100 100000 102745 14589 12312
0b009901 0b003c01 10000 100 20000 105930 11539 8958
0b009201 0b004601 10000 100 50000 106115 11429 10216
0b007501 0b000b01 10000 100 100000 92695 24889 12312
0b001201 0b000f01 10000 100 2000 106797 10814 8203
0b003701 0b004901 10000 100 20000 105556 12682 8958
0b003501 0b006701 10000 100 500000 55316 63051 29080
0b003c01 0b000401 10000 100 5000 109568 8840 8329
0b001801 0b002301 10000 100 100000 100192 18281 12312
0b007d01 0b005a01 10000 100 10000 105774 12750 8539
0b009501 0b000f01 10000 100 1000 109718 8816 8161
0b003e01 0b006e01 10000 100 500000 79670 38935 29080
0b002501 0b003901 10000 100 1000 107353 11286 8161
0b008801 0b008c01 10000 100 20000 112960 5767 4918
0b005001 0b008a01 10000 100 10000 108882 9914 8539
0b003a01 0b003e01 10000 100 5000 112545 6409 4289
0b006101 0b002d01 10000 100 10000 109559 9482 8539
0b006101 0b007301 10000 100 5000 110299 9088 8329
0b000e01 0b006001 10000 100 10000 109066 10751 8539
0b007001 0b009101 10000 100 500000 29202 90764 29080
0b002801 0b000701 10000 100 1000 109012 11007 8161
0b005301 0b006501 10000 100 20000 108174 11886 8958
0b006b01 0b009a01 10000 100 2000 111837 8410 8203
0b006901 0b004a01 10000 100 100000 103838 16515 12312
0b004701 0b002b01 10000 100 200000 102195 18279 16504
0b009801 0b009c01 10000 100 1000 113735 6746 4121
0b002201 0b006201 10000 100 5000 111566 8964 8329
0b005701 0b009101 10000 100 1000 112404 8217 8161
0b008501 0b005001 10000 100 1000 112168 8477 8161
0b000301 0b005f01 10000 100 20000 108405 12249 8958
0b006001 0b008e01 10000 100 2000 111688 9279 8203
0b001c01 0b005301 10000 100 10000 110884 10106 8539
0b000101 0b007501 10000 100 1000 100656 20468 8161
0b006301 0b007b01 10000 100 10000 109628 11538 8539
0b004601 0b009e01 10000 100 2000 112727 8480 8203
0b007f01 0b004a01 10000 100 50000 106490 15201 10216
0b008201 0b008901 10000 100 200000 103879 17941 12464
0b004b01 0b006d01 10001 100 5000 113212 8689 8329
0b002201 0b000d01 10000 100 200000 88534 33591 16504
0b008f01 0b004201 10000 100 20000 100884 21326 8958
0b007601 0b002901 10000 100 1000 114000 8268 8161
0b003d01 0b007d01 10001 100 2000 111311 11271 8203
0b000701 0b002601 10000 100 50000 109049 13586 10216
0b004701 0b001d01 10000 100 5000 114019 8769 8329
0b004b01 0b002801 10000 100 20000 113203 9714 8958
0b001101 0b001201 10000 100 50000 109405 13667 6176
0b000301 0b008801 10000 100 200000 73895 49223 16504
0b004f01 0b006b01 10000 100 5000 114791 8370 8329
0b008c01 0b004d01 10000 100 200000 96455 26793 16504
0b008501 0b000101 10000 100 10000 109059 14249 8539
0b006d01 0b003101 10000 100 10000 114549 8764 8539
0b008e01 0b009801 10000 100 50000 108505 14873 10216
0b006601 0b007d01 10000 100 10000 113877 9513 8539
0b005d01 0b001601 10000 100 2000 115156 8383 8203
0b008001 0b001201 10000 100 50000 107446 16177 10216
0b005101 0b006401 10001 100 200000 98632 25103 16504
0b001401 0b001d01 10000 100 20000 118174 5585 4918
0b000f01 0b009701 10000 100 5000 115041 8788 8329
0b006d01 0b001801 10000 100 2000 115614 8275 8203
0b000d01 0b002a01 10000 100 500000 65906 58026 29080
0b006101 0b002e01 10000 100 200000 101273 22703 16504
0b005101 0b007301 10000 100 5000 115106 8932 8329
0b003f01 0b001801 10000 100 500000 66815 57428 29080
0b009101 0b002701 10000 100 2000 116084 8287 8203
0b008601 0b003a01 10000 100 200000 92272 32162 16504
0b009b01 0b006001 10000 100 100000 100761 23815 12312
0b003501 0b003c01 10000 100 1000 120488 4120 4121
0b007301 0b005c01 10000 100 100000 110569 14136 12312
0b009801 0b004701 10000 100 20000 112726 12071 8958
0b002e01 0b008101 10000 100 20000 115372 9436 8958
0b000901 0b005801 10000 100 200000 97726 27258 16504
0b004901 0b004a01 10000 100 5000 120886 4307 4289
0b001001 0b002f01 10000 100 2000 117038 8199 8203
0b000e01 0b004101 10000 100 200000 79043 46200 16504
0b007501 0b007b01 10001 100 200000 99639 25634 12464
0b004b01 0b005701 10000 100 500000 43561 81798 29080
0b004801 0b001601 10000 100 20000 116150 9377 8958
0b007201 0b000b01 10000 100 1000 110367 15160 8161
0b004501 0b005101 10000 100 1000 117471 8140 8161
0b004701 0b007e01 10001 100 50000 112530 13123 10216
0b009901 0b004a01 10001 100 500000 63595 62117 29080
0b003e01 0b003d01 10000 100 2000 118689 7277 4163
0b005301 0b006d01 10000 100 2000 114153 11868 8203
0b003a01 0b006a01 10001 100 50000 110760 15297 10216
0b007001 0b009d01 10000 100 100000 107752 18669 12312
0b000801 0b000a01 10000 100 500000 19706 106799 25040
0b009401 0b004d01 10000 100 50000 115801 10941 10216
0b004501 0b001d01 10000 100 1000 118038 8714 8161
0b004001 0b009801 10000 100 10000 115157 11657 8539
0b004f01 0b005101 10000 100 5000 118328 8534 8329
0b008c01 0b000d01 10000 100 100000 112397 14761 12312
0b002101 0b005e01 10000 100 500000 84008 43218 29080
0b004e01 0b008501 10000 100 20000 117351 9901 8958
0b009c01 0b004401 10000 100 2000 117722 9599 8203
0b005101 0b003301 10000 100 1000 116069 11328 8161
0b000d01 0b009a01 10000 100 500000 37409 90014 29080
0b004f01 0b005f01 10000 100 1000 119333 8145 8161
0b002e01 0b009501 10000 100 10000 118785 8839 8539
0b006601 0b006001 10000 100 20000 121978 5802 4918
0b000a01 0b007901 10000 100 200000 88970 38851 16504
0b000f01 0b007501 10000 100 200000 96306 31545 16504
0b006501 0b008601 10000 100 200000 104099 23801 16504
0b006601 0b004701 10000 100 1000 118856 9062 8161
0b006e01 0b007301 10000 100 100000 109445 18579 12312
0b003001 0b004c01 10000 100 50000 111447 16716 10216
0b006a01 0b006101 10000 100 10000 122556 5768 4499
0b009f01 0b009301 10000 100 50000 121065 7274 6176
0b006a01 0b008f01 10001 100 10000 113096 15323 8539
0b001601 0b001901 10000 100 500000 26769 101814 25040
0b009801 0b002401 10000 100 200000 103463 25197 16504
0b002801 0b007001 10000 100 1000 120604 8175 8161
0b009d01 0b007001 10000 100 200000 102855 26347 16504
0b005301 0b002f01 10000 100 5000 117148 12057 8329
0b000601 0b005e01 10000 100 5000 115532 13786 8329
0b009701 0b002301 10000 100 100000 111674 17667 12312
0b006501 0b009001 10000 100 5000 114751 14590 8329
0b003601 0b009001 10000 100 1000 111992 17393 8161
0b003301 0b002801 10000 100 20000 114368 15137 8958
0b003b01 0b003e01 10000 100 100000 120428 9244 8272
0b000301 0b003801 10000 100 1000 121499 8231 8161
0b004a01 0b005e01 10000 100 20000 115150 14673 8958
0b001501 0b006901 10000 100 1000 121616 8358 8161
0b000101 0b008f01 10000 100 50000 102519 27508 10216
0b001401 0b002701 10000 100 20000 119723 10386 8958
0b002801 0b005d01 10001 100 10000 121467 8714 8539
0b009001 0b008501 10000 100 5000 115812 14405 8329
0b003501 0b004e01 10000 100 2000 122047 8232 8203
0b006f01 0b008e01 10000 100 1000 122358 8198 8161
0b009401 0b006901 10000 100 5000 122148 8413 8329
0b005601 0b006501 10000 100 50000 105726 25076 10216
0b006001 0b002001 10000 100 200000 112960 17850 16504
0b007701 0b003d01 10000 100 100000 107603 23315 12312
0b008d01 0b005501 10000 100 50000 119536 11397 10216
0b006801 0b009501 10000 100 20000 117904 13052 8958
0b008201 0b003101 10000 100 1000 122831 8202 8161
0b006201 0b006701 10000 100 1000 126873 4195 4121
0b001c01 0b004b01 10000 100 20000 122158 8992 8958
0b008301 0b003501 10000 100 100000 114521 16876 12312
0b001d01 0b001701 10000 100 500000 18422 112981 25040
0b007d01 0b004901 10000 100 20000 120571 10873 8958
0b006e01 0b000401 10000 100 10000 116477 14983 8539
0b004a01 0b009401 10000 100 1000 123447 8149 8161
0b006b01 0b005e01 10000 100 200000 102035 29730 16504
0b003001 0b008201 10001 100 50000 120219 11549 10216
0b007501 0b008a01 10000 100 500000 58797 72979 29080
0b008101 0b005201 10000 100 2000 123190 8614 8203
0b001101 0b002601 10000 100 1000 123778 8314 8161
0b004401 0b005c01 10000 100 200000 113381 18871 16504
0b006401 0b009f01 10000 100 5000 123866 8394 8329
0b003f01 0b009101 10000 100 20000 123090 9538 8958
0b008e01 0b000901 10000 100 1000 124274 8362 8161
0b005f01 0b009901 10000 100 20000 123169 9469 8958
0b001f01 0b000a01 10000 100 20000 110991 21661 8958
0b008601 0b000201 10000 100 100000 115739 17255 12312
0b000b01 0b008401 10000 100 20000 113674 19597 8958
0b008901 0b005a01 10000 100 100000 103742 29562 12312
0b006701 0b003801 10000 100 1000 125118 8189 8161
0b000301 0b000501 10000 100 50000 118258 15234 6176
0b003801 0b000001 10000 100 200000 103255 30359 16504
0b005701 0b009c01 10000 100 5000 123833 9785 8329
0b007001 0b002701 10000 100 50000 122405 11275 10216
0b003701 0b006b01 10000 100 10000 123714 9987 8539
0b001b01 0b008d01 10000 100 5000 122382 11405 8329
0b001501 0b003d01 10000 100 50000 118320 15709 10216
0b000f01 0b008901 10000 100 200000 107293 26771 16504
0b004d01 0b003701 10000 100 1000 125762 8353 8161
0b009c01 0b006401 10000 100 50000 122683 11604 10216
0b006701 0b000d01 10000 100 500000 66841 67497 29080
0b004301 0b008c01 10000 100 1000 126150 8217 8161
0b004301 0b003301 10001 100 50000 116374 18125 10216
0b004701 0b005d01 10000 100 50000 123726 10848 10216
0b000801 0b003f01 10001 100 5000 119940 14830 8329
0b006801 0b000c01 10000 100 50000 110877 23959 10216
0b000101 0b009101 10000 100 500000 65490 69363 29080
0b007f01 0b008c01 10000 100 10000 126236 8741 8539
0b000501 0b005001 10000 100 1000 126749 8274 8161
0b006601 0b007501 10000 100 20000 125298 9854 8958
0b004501 0b003e01 10000 100 20000 125470 9824 8958
0b000d01 0b006d01 10000 100 1000 126901 8507 8161
0b007b01 0b002c01 10000 100 20000 126123 9501 8958
0b005301 0b002601 10000 100 1000 124467 11162 8161
0b007901 0b005001 10001 100 10000 121499 14470 8539
0b007401 0b002401 10000 100 200000 95453 40563 16504
0b009201 0b001d01 10000 100 1000 126603 9469 8161
0b000c01 0b007901 10000 100 20000 99160 36929 8958
0b005a01 0b009001 10000 100 1000 122616 13649 8161
0b006b01 0b003101 10000 100 5000 127832 8559 8329
0b002e01 0b007e01 10000 100 50000 119428 17186 10216
0b008601 0b000d01 10000 100 10000 128134 8669 8539
0b004b01 0b004601 10000 100 1000 132122 4736 4121
0b006f01 0b009201 10000 100 50000 122887 14022 10216
0b000d01 0b009701 10000 100 50000 126560 10525 10216
0b000c01 0b004901 10000 100 5000 126557 10556 8329
0b000301 0b001e01 10000 100 5000 117438 19699 8329
0b007b01 0b008401 10000 100 20000 127713 9519 8958
0b008201 0b002201 10000 100 5000 128710 8534 8329
0b003201 0b004a01 10000 100 1000 129139 8188 8161
0b009801 0b009401 10001 100 10000 131263 6077 4499
0b005201 0b007601 10000 100 1000 129586 8195 8161
0b008a01 0b002101 10001 100 2000 128428 9410 8203
0b004101 0b002101 10000 100 1000 129548 8300 8161
0b001b01 0b003b01 10000 100 10000 125397 12535 8539
0b008a01 0b004601 10000 100 2000 125848 12259 8203
0b004201 0b001b01 10000 100 1000 127613 10587 8161
0b006e01 0b009501 10000 100 1000 129975 8278 8161
0b006101 0b001601 10000 100 1000 130185 8205 8161
0b006a01 0b004901 10001 100 100000 121960 16508 12312
0b003f01 0b005001 10000 100 1000 128173 10436 8161
0b004201 0b006501 10000 100 10000 127697 11151 8539
0b008601 0b008a01 10000 100 50000 128655 10223 6176
0b003e01 0b005a01 10000 100 5000 127954 11040 8329
0b003401 0b004a01 10000 100 500000 50594 88664 29080
0b009901 0b000801 10000 100 10000 125837 13523 8539
0b007e01 0b008c01 10000 100 1000 123568 15834 8161
0b000c01 0b004601 10000 100 200000 116428 23074 16504
0b001e01 0b002701 10000 100 2000 125057 14485 8203
0b006701 0b007901 10000 100 200000 101873 37733 16504
0b004501 0b001b01 10000 100 100000 123245 16416 12312
0b002001 0b007e01 10000 100 20000 123975 16159 8958
0b000c01 0b003d01 10000 100 5000 125558 14607 8329
0b003f01 0b008b01 10000 100 50000 127758 12791 10216
0b001801 0b000a01 10000 100 10000 129156 11445 8539
0b005601 0b002401 10000 100 200000 76706 63933 16504
0b000201 0b000001 10000 100 50000 128185 12520 6176
0b000d01 0b000c01 10000 100 5000 134575 6154 4289
0b006b01 0b008301 10000 100 1000 132618 8179 8161
0b008e01 0b009301 10000 100 500000 93280 47620 29080
0b003b01 0b001e01 10000 100 200000 103032 37947 16504
0b006201 0b008101 10000 100 2000 130295 10734 8203
0b004d01 0b000401 10000 100 50000 125590 15529 10216
0b008d01 0b002601 10000 100 2000 132888 8257 8203
0b007001 0b005001 10001 100 5000 130313 10832 8329
0b007301 0b003a01 10000 100 20000 131612 9553 8958
0b006701 0b004a01 10000 100 50000 130555 10763 10216
0b009c01 0b007d01 10001 100 20000 131659 9715 8958
0b006101 0b002b01 10000 100 50000 128047 13375 10216
0b009901 0b002501 10000 100 50000 126929 14496 10216
0b006301 0b008201 10001 100 1000 133178 8274 8161
0b006f01 0b001501 10000 100 10000 132434 9032 8539
0b004f01 0b000d01 10000 100 2000 133198 8288 8203
0b001b01 0b009801 10001 100 1000 127376 14145 8161
0b008201 0b007001 10000 100 50000 129209 12408 10216
0b006801 0b002001 10000 100 1000 129066 12583 8161
0b001e01 0b001401 10000 100 5000 136978 4772 4289
0b000c01 0b008a01 10000 100 1000 131629 10130 8161
0b000b01 0b001f01 10000 100 20000 123775 18025 8958
0b004d01 0b006501 10000 100 20000 126536 15317 8958
0b008601 0b003801 10000 100 2000 133560 8443 8203
0b007001 0b006f01 10000 100 5000 133415 8625 8329
0b000801 0b005501 10000 100 200000 113365 28866 16504
0b001101 0b004d01 10000 100 1000 134032 8326 8161
0b005701 0b007f01 10000 100 1000 134165 8241 8161
0b006e01 0b000101 10001 100 100000 118037 24531 12312
0b006201 0b002101 10000 100 5000 130020 12568 8329
0b009201 0b001e01 10000 100 5000 124480 18247 8329
0b006101 0b006d01 10000 100 20000 137231 5621 4918
0b007601 0b000d01 10000 100 2000 134596 8344 8203
0b004e01 0b004201 10000 100 2000 138775 4179 4163
0b007101 0b007601 10000 100 20000 127608 15373 4918
0b007501 0b009301 10000 100 1000 135137 8168 8161
0b004201 0b007e01 10001 100 50000 124918 18470 10216
0b009e01 0b000b01 10000 100 5000 134572 8996 8329
0b000101 0b001c01 10000 100 2000 128313 15340 8203
0b000301 0b000f01 10000 100 5000 136748 7218 4289
0b002601 0b005501 10000 100 1000 135735 8323 8161
0b002601 0b001a01 10000 100 200000 119269 24924 16504
0b008101 0b008c01 10000 100 20000 139335 5217 4918
0b000601 0b008701 10000 100 1000 134399 10186 8161
0b008a01 0b002501 10001 100 200000 103399 41359 16504
0b004c01 0b006201 10000 100 10000 129039 15819 8539
0b001f01 0b009201 10000 100 20000 129247 15886 8958
0b005001 0b008b01 10000 100 200000 105097 40051 16504
0b009f01 0b005501 10000 100 1000 137016 8165 8161
0b004101 0b007101 10000 100 10000 125651 19701 8539
0b008d01 0b000d01 10000 100 20000 134824 10786 8958
0b009401 0b005701 10000 100 5000 131611 14114 8329
0b000701 0b009501 10000 100 50000 131349 14452 10216
0b000a01 0b009e01 10000 100 10000 132944 12920 8539
0b005101 0b001b01 10000 100 2000 134289 11663 8203
0b000601 0b008b01 10000 100 200000 122677 23292 16504
0b000101 0b007e01 10000 100 1000 127715 18453 8161
0b001201 0b007701 10000 100 100000 118518 27657 12312
0b002001 0b009401 10000 100 20000 134255 12131 8958
0b001201 0b004501 10000 100 20000 133427 12965 8958
0b000101 0b006c01 10000 100 50000 130474 15991 10216
0b005801 0b009301 10000 100 100000 124584 21890 12312
0b003e01 0b003901 10000 100 5000 141833 4715 4289
0b009a01 0b006e01 10000 100 100000 132998 13562 12312
0b007101 0b005d01 10001 100 20000 128784 18151 8958
0b004901 0b001801 10000 100 1000 138835 8145 8161
0b001801 0b004b01 10001 100 10000 138105 8956 8539
0b002f01 0b006401 10000 100 10000 138476 8601 8539
0b008201 0b007d01 10000 100 2000 138906 8286 8203
0b006701 0b001b01 10000 100 1000 136357 10936 8161
0b006301 0b007e01 10000 100 1000 132008 15304 8161
0b004501 0b005401 10000 100 50000 135419 11903 10216
0b002401 0b009f01 10000 100 500000 76463 71003 29080
0b001101 0b001a01 10000 100 500000 62803 84718 25040
0b009c01 0b007b01 10000 100 1000 138112 9487 8161
0b005b01 0b002001 10000 100 1000 139409 8214 8161
0b007801 0b001d01 10000 100 500000 96067 51584 29080
0b009601 0b009701 10000 100 10000 135561 12357 4499
0b002901 0b005101 10000 100 100000 133088 14895 12312
0b002701 0b006601 10000 100 200000 121695 26300 16504
0b002d01 0b009d01 10000 100 20000 135423 12619 8958
0b000001 0b006001 10000 100 1000 139898 8200 8161
0b005a01 0b001801 10000 100 1000 139908 8200 8161
0b003601 0b008101 10000 100 5000 133862 14381 8329
0b007301 0b001d01 10000 100 20000 136579 11700 8958
0b002101 0b000a01 10000 100 20000 131984 16303 8958
0b002701 0b001f01 10000 100 200000 114577 33872 16504
0b006401 0b006601 10000 100 20000 142736 5790 4918
0b008801 0b009e01 10000 100 1000000 38466 110066 50040
0b009801 0b005701 10000 100 50000 131934 16750 10216
0b004b01 0b001501 10000 100 10000 137661 11177 8539
0b006b01 0b004701 10000 100 50000 133132 15731 10216
0b005901 0b007b01 10000 100 200000 127176 21704 16504
0b007201 0b008b01 10000 100 50000 136243 12680 10216
0b004401 0b009c01 10000 100 1000 140647 8426 8161
0b001501 0b006101 10000 100 10000 138536 10629 8539
0b005b01 0b006f01 10000 100 5000 140421 8800 8329
0b000801 0b001b01 10000 100 10000 139127 10138 8539
0b009f01 0b006a01 10000 100 2000 140982 8287 8203
0b005e01 0b000201 10000 100 20000 135047 14342 8958
0b005901 0b000d01 10000 100 1000 141230 8178 8161
0b001801 0b009401 10000 100 10000 136359 13055 8539
0b005301 0b003e01 10000 100 100000 136431 13112 12312
0b006201 0b005b01 10000 100 200000 124639 24974 16504
0b000a01 0b002b01 10000 100 100000 128808 20886 12312
0b000701 0b000a01 10000 100 10000 138309 11392 4499
0b006801 0b002d01 10000 100 100000 126701 23037 12312
0b005101 0b007701 10000 100 10000 136515 13373 8539
0b007f01 0b001401 10000 100 20000 139464 10567 8958
0b009801 0b001301 10000 100 100000 121660 28464 12312
0b007201 0b001a01 10000 100 200000 123325 26895 16504
0b004001 0b000701 10000 100 100000 133563 16719 12312
0b009201 0b008301 10000 100 1000 138690 11597 8161
0b008201 0b005901 10000 100 10000 141466 8984 8539
0b009f01 0b003601 10000 100 200000 125873 24628 16504
0b007f01 0b008f01 10000 100 20000 132812 17719 8958
0b006201 0b000901 10001 100 10000 135954 14678 8539
0b008d01 0b007201 10000 100 5000 139414 11291 8329
0b003401 0b008b01 10000 100 20000 139395 11450 8958
0b004101 0b008e01 10000 100 50000 136535 14410 10216
0b005c01 0b001901 10001 100 200000 118748 32368 16504
0b004c01 0b002301 10000 100 5000 135992 15138 8329
0b007201 0b006001 10000 100 10000 142101 9093 8539
0b004101 0b000601 10000 100 1000 143032 8195 8161
0b001f01 0b004a01 10000 100 1000 141913 9318 8161
0b001f01 0b005301 10000 100 2000 142174 9244 8203
0b005d01 0b006801 10000 100 200000 118099 33403 16504
0b008d01 0b004001 10000 100 1000 141927 9630 8161
0b003001 0b004c01 10001 100 20000 135506 16141 8958
0b005901 0b002a01 10000 100 100000 134172 17490 12312
0b003f01 0b001301 10000 100 100000 123682 28200 12312
0b004c01 0b001901 10000 100 1000 127410 24486 8161
0b006001 0b005501 10000 100 100000 131473 20500 12312
0b002e01 0b001b01 10000 100 20000 142463 9644 8958
0b004301 0b003501 10000 100 20000 142248 9934 8958
0b001a01 0b007d01 10000 100 100000 131767 20437 12312
0b005101 0b004e01 10000 100 20000 140993 11218 8958
0b001201 0b009c01 10000 100 1000000 30448 121772 50040
0b000b01 0b009c01 10000 100 500000 71183 81045 29080
0b004701 0b007001 10000 100 50000 141246 11167 10216
0b004401 0b003f01 10000 100 100000 135213 17228 12312
0b002b01 0b004d01 10000 100 2000 144220 8307 8203
0b000801 0b007801 10000 100 5000 139616 12961 8329
0b008301 0b009b01 10000 100 200000 114358 38248 16504
0b006b01 0b001301 10000 100 2000 130252 22403 8203
0b007401 0b002e01 10001 100 100000 116735 35984 12312
0b005801 0b002901 10000 100 20000 138984 13742 8958
0b003c01 0b003201 10000 100 10000 147731 5023 4499
0b003d01 0b000f01 10000 100 20000 138594 14229 8958
0b001201 0b001401 10001 100 50000 141864 11018 6176
0b001d01 0b009d01 10000 100 100000 134265 18618 12312
0b005d01 0b002801 10000 100 1000 144732 8215 8161
0b001801 0b003301 10000 100 1000 144760 8210 8161
0b008801 0b002401 10000 100 100000 129182 23801 12312
0b005901 0b003001 10000 100 20000 144081 9000 8958
0b009c01 0b001101 10000 100 50000 138071 15074 10216
0b003501 0b004f01 10000 100 100000 136405 16741 12312
0b003f01 0b002401 10000 100 200000 131050 22159 16504
0b000c01 0b006201 10000 100 100000 133656 19563 12312
0b008b01 0b003301 10000 100 200000 111239 42096 16504
0b002401 0b009a01 10000 100 1000 139444 14105 8161
0b007501 0b007a01 10000 100 200000 136918 16679 12464
0b004201 0b005401 10000 100 20000 139695 14034 8958
0b007401 0b006201 10000 100 1000 134031 19751 8161
0b009e01 0b009c01 10000 100 2000 149442 4408 4163
0b001401 0b008d01 10000 100 1000 145465 8398 8161
0b004d01 0b006601 10000 100 1000 145637 8250 8161
0b007e01 0b006301 10000 100 10000 143999 10048 8539
0b002e01 0b007801 10000 100 5000 142361 11704 8329
0b009701 0b006c01 10000 100 100000 133068 21113 12312
0b002201 0b009501 10000 100 100000 132533 21660 12312
0b005301 0b008c01 10000 100 20000 144993 9278 8958
0b005e01 0b002901 10000 100 500000 44756 109519 29080
0b006001 0b005401 10000 100 10000 139134 15246 8539
0b005a01 0b008a01 10001 100 20000 145128 9375 8958
0b000301 0b003301 10000 100 200000 102095 52602 16504
0b003b01 0b004801 10000 100 10000 145458 9333 8539
0b008c01 0b008001 10000 100 1000 148843 5953 4121
0b003601 0b002a01 10000 100 10000 143396 11472 8539
0b004e01 0b000701 10000 100 10000 142015 12855 8539
0b000b01 0b001b01 10000 100 200000 110613 44267 16504
0b009a01 0b004501 10000 100 10000 146080 8810 8539
0b003001 0b005401 10000 100 100000 135715 19190 12312
0b005301 0b007101 10000 100 500000 61061 93930 29080
0b007301 0b003501 10000 100 50000 144654 10642 10216
0b008c01 0b000a01 10000 100 500000 51364 103972 29080
0b009701 0b006c01 10001 100 50000 140576 14815 10216
0b000f01 0b001601 10000 100 5000 138694 16792 8329
0b004401 0b009801 10000 100 100000 134114 21394 12312
0b008301 0b000b01 10000 100 500000 76780 78748 29080
0b001b01 0b001f01 10000 100 1000000 63863 91691 46000
0b000b01 0b006a01 10000 100 500000 72120 83493 29080
0b001701 0b009601 10000 100 5000 142530 13088 8329
0b001401 0b008201 10000 100 200000 135350 20342 16504
0b008801 0b006001 10000 100 50000 142856 12856 10216
0b009001 0b007901 10000 100 200000 86897 68886 16504
0b000401 0b001901 10001 100 1000 134909 20974 8161
0b009801 0b007401 10000 100 20000 132069 23855 8958
0b009601 0b006101 10000 100 20000 140306 15960 8958
0b000501 0b002f01 10000 100 1000 148044 8247 8161
0b007401 0b009801 10000 100 50000 130795 25576 10216
0b008101 0b004c01 10000 100 2000 142955 13453 8203
0b009701 0b005a01 10000 100 5000 147986 8633 8329
0b004601 0b002201 10000 100 10000 137655 18965 8539
0b009101 0b008601 10000 100 10000 147961 8872 8539
0b008301 0b001401 10000 100 20000 147197 9649 8958
0b005301 0b006201 10000 100 1000 146131 10808 8161
0b009c01 0b005b01 10000 100 10000 147610 9616 8539
0b005201 0b001f01 10000 100 1000 149153 8150 8161
0b009801 0b005401 10000 100 20000 139919 17420 8958
0b004e01 0b008601 10000 100 1000 148967 8521 8161
0b005301 0b008601 10000 100 5000 148888 8676 8329
0b005b01 0b000f01 10000 100 500000 3198 154504 29080
0b009201 0b008c01 10000 100 10000 148381 9358 8539
0b000d01 0b007401 10000 100 10000 139489 18324 8539
0b005401 0b008701 10000 100 10000 143565 14253 8539
0b003301 0b007901 10000 100 20000 148247 9612 8958
0b000901 0b008901 10001 100 100000 136672 21254 12312
0b002b01 0b003901 10000 100 10000 149049 8907 8539
0b003501 0b004b01 10000 100 10000 149022 8955 8539
0b001401 0b009901 10000 100 20000 148086 10069 8958
0b009e01 0b000301 10000 100 2000 147538 10622 8203
0b006901 0b002d01 10000 100 20000 148337 9881 8958
0b000c01 0b001001 10000 100 20000 148843 9575 8958
0b009f01 0b002a01 10000 100 20000 146708 11735 8958
0b004201 0b009801 10000 100 1000 146674 11888 8161
0b007901 0b004401 10000 100 2000 149349 9740 8203
0b007b01 0b000301 10000 100 100000 142195 16949 12312
0b003101 0b000f01 10000 100 200000 132297 27153 16504
0b008501 0b004301 10000 100 10000 146612 12850 8539
0b003a01 0b001701 10000 100 50000 140788 18703 10216
0b002901 0b008c01 10000 100 50000 148409 11288 10216
0b008b01 0b006d01 10000 100 20000 147515 12528 8958
0b003101 0b008f01 10000 100 10000 141359 18705 8539
0b005001 0b001a01 10000 100 5000 147676 12537 8329
0b001901 0b005d01 10000 100 1000 144089 16203 8161
0b002c01 0b004301 10000 100 100000 138345 21999 12312
0b009e01 0b007301 10000 100 1000000 54542 105936 50040
0b000e01 0b003e01 10000 100 1000 146623 14106 8161
0b002701 0b006201 10000 100 10000 149583 11175 8539
0b006001 0b003901 10000 100 200000 134589 26179 16504
0b008501 0b000901 10000 100 20000 144508 16533 8958
0b005c01 0b007c01 10000 100 50000 147594 13471 10216
0b007e01 0b004801 10000 100 20000 147521 13737 8958
0b001c01 0b007401 10000 100 10000 144808 16504 8539
0b004601 0b001d01 10001 100 2000 141034 20293 8203
0b001101 0b009e01 10000 100 5000 149120 12210 8329
0b005e01 0b002901 10001 100 500000 54521 107043 29080
0b007101 0b009601 10000 100 200000 123346 38326 16504
0b007d01 0b007201 10000 100 500000 114625 47206 25040
0b007601 0b002301 10000 100 500000 85764 76635 29080
0b009001 0b005001 10000 100 50000 131810 30628 10216
0b009201 0b004801 10000 100 50000 150273 12224 10216
0b004a01 0b001701 10001 100 200000 141885 20693 16504
0b007501 0b009601 10000 100 500000 105587 57118 29080
0b004c01 0b003f01 10000 100 50000 148812 13975 10216
0b006401 0b006201 10000 100 100000 150293 12498 8272
0b000501 0b003c01 10000 100 20000 148917 14021 8958
0b003b01 0b003601 10000 100 1000000 62481 100472 46000
0b000e01 0b001301 10000 100 50000 124623 38445 10216
0b008901 0b008001 10000 100 1000000 41408 121809 46000
0b006201 0b008801 10000 100 100000 148626 15249 12312
0b005201 0b008e01 10000 100 200000 126023 38580 16504
0b001901 0b004301 10000 100 50000 150309 14345 10216
0b001001 0b004601 10001 100 200000 133666 31003 16504
0b003201 0b005001 10000 100 1000000 9237 155442 50040
0b000f01 0b007601 10000 100 50000 146121 18765 10216
0b006f01 0b005801 10000 100 5000 149529 15464 8329
0b004e01 0b004401 10000 100 200000 140457 24694 12464
0b001c01 0b001901 10000 100 200000 133683 31738 12464
0b001801 0b000c01 10000 100 1000000 61578 103862 50040
0b004301 0b007d01 10000 100 1000000 43161 122359 50040
0b008e01 0b007401 10000 100 200000 118740 46814 16504
0b009001 0b009301 10000 100 100000 132043 33944 8272
0b009a01 0b001901 10000 100 5000 149931 16351 8329
0b005e01 0b002c01 10000 100 100000 136806 29662 12312
0b005e01 0b004001 10000 100 100000 136911 29644 12312
0b002501 0b005501 10000 100 200000 140456 26245 16504
0b006001 0b008f01 10000 100 200000 128967 37988 16504
0b001c01 0b008d01 10000 100 200000 135188 31998 16504
0b005f01 0b004b01 10000 100 5000 141144 26047 8329
0b007d01 0b008e01 10000 100 1000000 67310 99961 50040
0b007d01 0b007901 10000 100 500000 60519 106916 25040
0b002401 0b004801 10000 100 200000 109743 57983 16504
0b008401 0b008e01 10000 100 200000 140364 27567 12464
0b003501 0b004401 10000 100 1000000 102893 65187 50040
0b007b01 0b001901 10000 100 10000 148109 20138 8539
0b009901 0b001301 10000 100 500000 77408 91160 29080
0b001701 0b007701 10000 100 1000000 92505 76139 50040
0b009501 0b000001 10000 100 200000 143294 25362 16504
0b008401 0b001b01 10000 100 200000 147012 21653 16504
0b004d01 0b008001 10000 100 200000 138810 30267 16504
0b007401 0b002a01 10000 100 200000 125596 43676 16504
0b003c01 0b009401 10000 100 200000 143396 26115 16504
0b007101 0b009d01 10000 100 100000 142251 29138 12312
0b009001 0b000701 10000 100 500000 76142 95471 29080
0b005f01 0b003d01 10000 100 500000 102882 68751 29080
0b008501 0b005301 10000 100 500000 46126 125521 29080
0b003401 0b000901 10000 100 1000000 45196 126760 50040
0b007e01 0b004301 10000 100 100000 142907 29106 12312
0b005f01 0b002301 10000 100 200000 127940 44628 16504
0b003c01 0b009001 10000 100 500000 92814 79791 29080
0b008a01 0b009c01 10001 100 100000 146240 26879 12312
0b009401 0b006e01 10000 100 200000 146288 27365 16504
0b009b01 0b001c01 10000 100 100000 131815 41916 12312
0b006301 0b004101 10000 100 100000 149113 26124 12312
0b005f01 0b006301 10000 100 200000 147863 27408 16504
0b002701 0b000c01 10000 100 500000 109579 65802 29080
0b000c01 0b007201 10000 100 500000 82291 93138 29080
0b002501 0b002301 10000 100 200000 150215 25413 12464
0b009901 0b007e01 10000 100 200000 148299 27721 16504
0b006e01 0b003a01 10000 100 1000000 102956 73189 50040
0b008601 0b006a01 10000 100 1000000 90680 85591 50040
0b008701 0b007101 10000 100 100000 144078 32195 12312
0b000101 0b001d01 10000 100 100000 145971 30493 12312
0b003101 0b007801 10000 100 500000 115800 60827 29080
0b005e01 0b000501 10000 100 500000 92721 84164 29080
0b008f01 0b009a01 10000 100 1000000 24406 152770 50040
0b001501 0b005701 10000 100 1000000 48606 128900 50040
0b001901 0b007b01 10000 100 1000000 69606 107981 50040
0b006601 0b007e01 10000 100 500000 112912 64727 29080
0b000301 0b008701 10000 100 500000 77835 100231 29080
0b008901 0b004101 10000 100 500000 107875 70804 29080
0b000b01 0b000101 10000 100 500000 86209 92504 25040
0b009b01 0b007701 10000 100 100000 135436 43308 12312
0b002c01 0b000a01 10000 100 500000 119719 59386 29080
0b000501 0b009401 10000 100 200000 125971 53255 16504
0b005601 0b006f01 10000 100 200000 112934 66467 16504
0b008e01 0b005e01 10000 100 500000 128682 50754 29080
0b003601 0b009801 10000 100 500000 105368 74123 29080
0b009b01 0b006d01 10000 100 100000 140421 39086 12312
0b001a01 0b002701 10000 100 500000 118581 61256 29080
0b000801 0b002d01 10000 100 500000 113054 67326 29080
0b001101 0b001d01 10000 100 500000 103060 77602 25040
0b001601 0b008001 10000 100 1000000 21769 158921 50040
0b005501 0b005a01 10000 100 1000000 92327 89127 46000
0b007a01 0b000a01 10000 100 500000 100062 81555 29080
0b001c01 0b007301 10000 100 500000 138188 43707 29080
0b001201 0b002601 10000 100 1000000 85080 96926 50040
0b009301 0b002401 10000 100 500000 138560 44191 29080
0b001a01 0b005301 10000 100 1000000 74101 108927 50040
0b006801 0b002201 10000 100 1000000 110822 72753 50040
0b002201 0b009a01 10000 100 500000 127507 56230 29080
0b006b01 0b007701 10000 100 200000 134930 49121 16504
0b001301 0b007d01 10000 100 1000000 59701 125099 50040
0b000001 0b003101 10000 100 200000 149760 35041 16504
0b005c01 0b007501 10000 100 1000000 46012 138848 50040
0b005e01 0b003601 10000 100 500000 73275 111926 29080
0b000001 0b003a01 10000 100 200000 150341 34996 16504
0b007e01 0b008601 10000 100 200000 141830 43954 16504
0b008201 0b003701 10000 100 2000000 24692 161377 91960
0b008501 0b006e01 10000 100 500000 52714 133530 29080
0b007801 0b008901 10000 100 500000 134978 51443 29080
0b001f01 0b001301 10000 100 500000 118621 67959 25040
0b007e01 0b004001 10000 100 1000000 76207 111014 50040
0b009901 0b002c01 10000 100 1000000 86897 100659 50040
0b004e01 0b003401 10000 100 2000000 12882 175216 91960
0b009e01 0b004e01 10001 100 500000 148173 40375 29080
0b001101 0b008e01 10000 100 200000 137567 51234 16504
0b009601 0b003601 10000 100 100000 147386 41699 12312
0b008401 0b001301 10000 100 1000000 51259 137905 50040
0b007f01 0b006301 10000 100 500000 136376 52972 29080
0b006601 0b001601 10000 100 500000 135845 53602 29080
0b006101 0b006801 10000 100 2000000 49016 141520 87920
0b008b01 0b006101 10000 100 200000 148044 43355 16504
0b001301 0b006701 10000 100 500000 146988 45037 29080
0b001601 0b001401 10000 100 500000 80805 111768 25040
0b008e01 0b006d01 10000 100 500000 149951 42891 29080
0b007a01 0b003301 10000 100 500000 38630 154217 29080
0b006701 0b002301 10000 100 500000 138580 54383 29080
0b000001 0b009e01 10000 100 500000 144198 48852 29080
0b000201 0b008101 10000 100 1000000 44571 148597 50040
0b003301 0b000101 10000 100 1000000 67118 126077 50040
0b005401 0b000401 10000 100 2000000 9721 183734 91960
0b004b01 0b002101 10000 100 500000 127669 67014 29080
0b003401 0b002d01 10000 100 1000000 47580 148268 50040
0b007f01 0b009c01 10000 100 500000 142857 54213 29080
0b007001 0b005b01 10000 100 200000 146637 50542 16504
0b000101 0b006d01 10000 100 500000 119552 77778 29080
0b007001 0b005401 10001 100 500000 138937 59361 29080
0b008001 0b006201 10000 100 200000 147304 52715 16504
0b008b01 0b007001 10000 100 500000 112087 88933 29080
0b003a01 0b001401 10000 100 1000000 117512 83688 50040
0b007201 0b004601 10000 100 500000 132456 68791 29080
0b008f01 0b008701 10000 100 2000000 16214 186281 87920
0b007401 0b004801 10000 100 1000000 60844 142011 50040
0b008d01 0b003301 10000 100 500000 48532 154838 29080
0b009d01 0b000a01 10000 100 1000000 34528 169963 50040
0b000601 0b005901 10000 100 500000 89331 115197 29080
0b002b01 0b000e01 10000 100 500000 135174 69479 29080
0b000501 0b001701 10000 100 1000000 22405 182312 50040
0b005201 0b000701 10000 100 1000000 102126 103225 50040
0b008b01 0b005301 10000 100 500000 120430 86189 29080
0b006b01 0b007101 10000 100 500000 71989 134709 29080
0b008a01 0b004f01 10000 100 1000000 41969 164733 50040
0b000401 0b007901 10000 100 500000 33585 173261 29080
0b002e01 0b005301 10000 100 1000000 28824 178480 50040
0b003e01 0b001b01 10000 100 1000000 109480 98541 50040
0b000e01 0b000601 10000 100 1000000 98439 110080 46000
0b004301 0b001101 10000 100 500000 146516 62393 29080
0b005c01 0b005801 10000 100 500000 143793 65735 25040
0b000e01 0b003301 10000 100 500000 45537 164136 29080
0b007701 0b000e01 10000 100 1000000 67809 142041 50040
0b008901 0b001901 10000 100 1000000 30636 179721 50040
0b008001 0b004001 10000 100 500000 109929 100701 29080
0b009501 0b009401 10000 100 1000000 130767 81227 46000
0b008201 0b005801 10000 100 500000 115673 96674 29080
0b007f01 0b008a01 10000 100 1000000 8011 204606 50040
0b001201 0b009101 10000 100 1000000 111352 101358 50040
0b009001 0b008901 10000 100 500000 107405 106341 29080
0b002c01 0b000b01 10000 100 1000000 120076 93696 50040
0b009c01 0b000001 10000 100 1000000 104184 109685 50040
0b004c01 0b002601 10000 100 1000000 114423 99648 50040
0b000501 0b006601 10000 100 1000000 53944 160135 50040
0b005001 0b006001 10000 100 500000 131578 83643 29080
0b007701 0b006201 10000 100 1000000 20430 195345 50040
0b007401 0b008501 10000 100 500000 134238 81817 29080
0b004f01 0b006201 10000 100 1000000 81951 134575 50040
0b006401 0b005f01 10000 100 500000 140233 77047 29080
0b008a01 0b008601 10000 100 1000000 53348 164689 46000
0b007401 0b006b01 10000 100 500000 142936 75125 29080
0b009701 0b007401 10000 100 500000 118338 100143 29080
0b001601 0b008601 10000 100 1000000 33961 185656 50040
0b004201 0b008f01 10000 100 1000000 12510 207650 50040
0b007e01 0b008601 10001 100 500000 149197 71239 29080
0b009b01 0b000e01 10000 100 1000000 63419 157634 50040
0b000f01 0b008501 10000 100 1000000 103392 117924 50040
0b008b01 0b004501 10000 100 1000000 108119 113733 50040
0b001601 0b007c01 10000 100 500000 109229 113873 29080
0b008201 0b009901 10000 100 1000000 149297 74378 50040
0b006301 0b007f01 10000 100 1000000 95186 129728 50040
0b009b01 0b009001 10000 100 500000 129283 95854 25040
0b002501 0b004901 10000 100 1000000 142289 82969 50040
0b001901 0b005601 10000 100 500000 73941 151320 29080
0b002201 0b005701 10000 100 2000000 42342 183378 91960
0b000301 0b009101 10000 100 1000000 25495 201026 50040
0b004c01 0b007101 10001 100 500000 126286 100563 29080
0b002601 0b005601 10000 100 500000 141118 85817 29080
0b006001 0b007601 10000 100 500000 150051 77063 29080
0b006a01 0b008f01 10000 100 500000 96287 131298 29080
0b005601 0b005a01 10000 100 1000000 23054 204548 46000
0b001101 0b004801 10000 100 2000000 9215 218791 91960
0b008c01 0b007601 10000 100 500000 141396 87242 29080
0b004601 0b004c01 10000 100 1000000 126601 102941 46000
0b004d01 0b007801 10000 100 1000000 107357 122255 50040
0b006b01 0b005001 10000 100 1000000 46128 185307 50040
0b007601 0b005601 10000 100 500000 122797 109356 29080
0b008901 0b000701 10000 100 1000000 135274 98324 50040
0b007001 0b005001 10000 100 1000000 128023 105778 50040
0b004d01 0b000301 10000 100 2000000 36822 197879 91960
0b000101 0b008d01 10000 100 500000 145827 89012 29080
0b006301 0b001601 10000 100 1000000 109662 125495 50040
0b006b01 0b009501 10000 100 500000 134859 101926 29080
0b000201 0b004c01 10000 100 500000 69904 168542 29080
0b004901 0b008301 10000 100 2000000 124742 116523 91960
0b006f01 0b005f01 10000 100 1000000 122219 120539 50040
0b005401 0b005801 10000 100 1000000 47438 196705 46000
0b008d01 0b002101 10000 100 1000000 141884 102443 50040
0b006b01 0b009d01 10000 100 500000 148272 96204 29080
0b000e01 0b002901 10000 100 1000000 97021 148259 50040
0b000301 0b003601 10000 100 1000000 84652 160765 50040
0b008a01 0b006901 10000 100 1000000 121368 125100 50040
0b004a01 0b005b01 10000 100 500000 149486 97750 29080
0b009b01 0b003701 10000 100 1000000 76665 170711 50040
0b003a01 0b007601 10000 100 1000000 100519 147923 50040
0b005c01 0b001901 10000 100 1000000 108498 140171 50040
0b000301 0b007901 10000 100 1000000 75598 174023 50040
0b008501 0b005a01 10000 100 1000000 36229 213651 50040
0b004701 0b006201 10000 100 1000000 71369 179797 50040
0b000401 0b007101 10000 100 500000 110895 140791 29080
0b006801 0b009b01 10000 100 500000 142344 110505 29080
0b009401 0b002801 10000 100 2000000 125610 128915 91960
0b007801 0b007101 10000 100 1000000 145579 110297 46000
0b008a01 0b003301 10000 100 500000 48767 208563 29080
0b001a01 0b000b01 10000 100 1000000 86474 172732 50040
0b005601 0b009001 10000 100 1000000 33330 227091 50040
0b001d01 0b009b01 10000 100 1000000 144348 116558 50040
0b005601 0b005b01 10000 100 1000000 22699 238740 46000
0b002401 0b007b01 10000 100 500000 143010 119036 29080
0b006b01 0b002701 10000 100 1000000 137014 125190 50040
0b008601 0b006401 10000 100 2000000 147436 115270 91960
0b007901 0b005601 10000 100 1000000 18210 245572 50040
0b003201 0b005801 10000 100 1000000 108905 157143 50040
0b005601 0b005401 10000 100 1000000 69517 201964 46000
0b007e01 0b005b01 10000 100 500000 149555 122536 29080
0b009701 0b006f01 10000 100 2000000 109866 163841 91960
0b005b01 0b002a01 10000 100 2000000 118930 156176 91960
0b003701 0b001101 10000 100 2000000 97640 177573 91960
0b009001 0b006901 10000 100 1000000 115098 160945 50040
0b005601 0b005d01 10000 100 1000000 99929 177897 46000
0b009b01 0b007401 10000 100 1000000 136411 141811 50040
0b005d01 0b005f01 10000 100 500000 135758 143242 25040
0b009101 0b003301 10000 100 1000000 79651 199415 50040
0b005d01 0b007901 10000 100 1000000 41899 237506 50040
0b005001 0b000101 10000 100 1000000 108582 171498 50040
0b005001 0b000201 10000 100 1000000 131559 149196 50040
0b001401 0b007b01 10000 100 2000000 142003 138983 91960
0b000601 0b005001 10000 100 1000000 32741 249928 50040
0b003e01 0b005f01 10000 100 1000000 134219 148774 50040
0b002401 0b003c01 10000 100 1000000 84320 199428 50040
0b009601 0b002001 10000 100 500000 125913 159577 29080
0b000201 0b004301 10000 100 2000000 26784 259257 91960
0b006501 0b000f01 10000 100 2000000 21550 264517 91960
0b009601 0b004d01 10000 100 1000000 74468 211710 50040
0b000201 0b001c01 10000 100 1000000 136494 150149 50040
0b009601 0b008f01 10000 100 500000 126722 160558 29080
0b002a01 0b001f01 10000 100 2000000 32431 255246 91960
0b005b01 0b001e01 10000 100 1000000 111541 176304 50040
0b000e01 0b009001 10000 100 1000000 71290 217840 50040
0b000201 0b008a01 10000 100 1000000 96501 193909 50040
0b008001 0b002f01 10000 100 2000000 33204 257609 91960
0b009601 0b004801 10000 100 500000 132237 159168 29080
0b006301 0b008501 10001 100 2000000 89197 202545 91960
0b003f01 0b006501 10000 100 1000000 146506 145614 50040
0b008501 0b008c01 10000 100 1000000 60541 232173 46000
0b000b01 0b008701 10000 100 2000000 143809 149737 91960
0b003b01 0b006501 10000 100 1000000 135505 161995 50040
0b001501 0b007401 10000 100 1000000 93074 206249 50040
0b005101 0b005b01 10000 100 1000000 138109 162833 46000
0b000501 0b000e01 10000 100 1000000 147011 156288 46000
0b000501 0b008001 10000 100 1000000 137623 165921 50040
0b001b01 0b009801 10000 100 2000000 98125 206901 91960
0b001d01 0b008f01 10001 100 2000000 113123 192429 91960
0b005101 0b007501 10000 100 2000000 68147 238043 91960
0b002401 0b007801 10000 100 1000000 99396 210217 50040
0b007801 0b007401 10000 100 1000000 72402 237616 46000
0b001901 0b006501 10000 100 1000000 123857 186823 50040
0b001101 0b000b01 10000 100 2000000 35495 279281 91960
0b006901 0b002101 10000 100 2000000 135324 179552 91960
0b005101 0b000f01 10000 100 2000000 6746 309291 91960
0b002401 0b006b01 10000 100 1000000 118405 197740 50040
0b000501 0b000001 10000 100 2000000 56174 263809 87920
0b006701 0b007401 10000 100 1000000 61245 262220 50040
0b009001 0b005601 10000 100 1000000 78815 251360 50040
0b006601 0b001e01 10000 100 2000000 143189 189622 91960
0b004c01 0b001e01 10000 100 2000000 51319 285438 91960
0b008501 0b004601 10000 100 1000000 133552 204572 50040
0b000801 0b008f01 10000 100 500000 28037 310787 29080
0b000e01 0b009b01 10000 100 1000000 81319 258040 50040
0b005f01 0b005601 10000 100 2000000 65788 274037 87920
0b007801 0b008f01 10000 100 1000000 26225 314494 50040
0b008501 0b009201 10000 100 1000000 142425 200201 50040
0b005d01 0b004c01 10000 100 2000000 101219 244101 91960
0b009601 0b008c01 10000 100 1000000 126711 226083 50040
0b004301 0b006501 10000 100 1000000 38891 315319 50040
0b002601 0b007601 10000 100 2000000 143503 211690 91960
0b005d01 0b001901 10000 100 2000000 98014 259131 91960
0b008501 0b000801 10000 100 2000000 70443 299469 91960
0b002401 0b009201 10000 100 2000000 102068 269325 91960
0b001f01 0b006501 10000 100 2000000 29932 349246 91960
0b008001 0b001f01 10000 100 2000000 131762 249400 91960
0b001601 0b006f01 10000 100 2000000 140994 242382 91960
0b002801 0b009a01 10000 100 5000000 24692 366725 217720
0b007601 0b004601 10000 100 5000000 39528 364580 217720
0b009601 0b009c01 10000 100 2000000 119495 306044 87920
0b003701 0b008a01 10000 100 5000000 63846 367846 217720
0b000901 0b009b01 10000 100 2000000 102390 342332 91960
0b005001 0b007e01 10000 100 5000000 86563 362380 217720
0b002901 0b007101 10000 100 5000000 112473 363182 217720
0b000601 0b009001 10000 100 5000000 86627 396026 217720
0b008001 0b007f01 10000 100 5000000 58215 426675 217720
0b001601 0b004901 10000 100 5000000 123974 376390 217720
0b004a01 0b000f01 10000 100 5000000 6571 495429 217720
0b009001 0b009d01 10000 100 5000000 23803 510619 213680
0b009601 0b005801 10000 100 5000000 108664 456313 217720
0b007401 0b009b01 10000 100 5000000 63869 507770 217720
0b008701 0b009d01 10000 100 5000000 34027 568021 217720
0b000101 0b003801 10000 100 5000000 125871 483162 217720
0b000101 0b009801 10000 100 5000000 136493 476625 217720
