0b003901 0b000101 10000 100 50000000 1250538 4875502 4200200
0b011201 0b000101 10000 100 50000000 6241308 6462396 4204240
0b00ae01 0b000101 10000 100 50000000 13893567 7928817 4204240
0b00b901 0b000101 10000 100 50000000 28867606 9355117 4204240
0b007401 0b000101 10000 100 50000000 38653417 11800020 4204240
0b002301 0b000101 10000 100 50000000 2291219 98386919 4200200
0b002f01 0b000101 10000 100 50000000 10931899 100629780 4200200
0b00d801 0b000101 10000 100 50000000 1589134 114682639 4204240
0b00c101 0b000101 10000 100 50000000 3940009 115082384 4204240
0b003301 0b000101 10000 100 50000000 19006311 100308730 4200200
0b011701 0b000101 10000 100 50000000 4346942 115095929 4204240
0b000301 0b000101 10000 100 50000000 37940368 81928107 4196160
0b00c201 0b000101 10000 100 50000000 4835818 115054008 4204240
0b00ac01 0b000101 10000 100 50000000 5110514 114992041 4204240
0b00ba01 0b000101 10000 100 50000000 8132705 114457941 4204240
0b011f01 0b000101 10000 100 50000000 9941883 113970040 4204240
0b00b501 0b000101 10000 100 50000000 10475352 113790719 4204240
0b00d601 0b000101 10000 100 50000000 11022030 113586162 4204240
0b008c01 0b000101 10000 100 50000000 12244592 113092523 4204240
0b012d01 0b000101 10000 100 50000000 13909535 112938721 4204240
0b002801 0b000101 10000 100 50000000 42765886 84580610 4200200
0b002401 0b000101 10000 100 50000000 30456549 98759169 4200200
0b001601 0b000101 10000 100 50000000 36486588 96021967 4200200
0b00b001 0b000101 10000 100 50000000 30186302 108754599 4204240
0b010201 0b000101 10000 100 50000000 30100935 108843906 4204240
0b00e801 0b000101 10000 100 50000000 31784222 107976772 4204240
0b005101 0b000101 10000 100 50000000 34906970 106332073 4204240
0b008801 0b000101 10000 100 50000000 35091016 106228072 4204240
0b004701 0b000101 10000 100 50000000 36823560 105260466 4204240
0b009601 0b000101 10000 100 50000000 41470233 102639061 4204240
0b013c01 0b000101 10000 100 50000000 44272587 100781339 4204240
0b006e01 0b000101 10000 100 50000000 47860654 98516948 4204240
