0b009701 0b003301 10000 100 51200 1910 10242 10267
0b004f01 0b003301 10000 100 2048 9002 8178 8207
0b007901 0b006f01 10000 100 51200 13184 10401 10267
0b001c01 0b006101 10000 100 102400 12324 12411 12413
0b006601 0b001801 10000 100 20480 21675 8951 8979
0b004301 0b001b01 10000 100 51200 22039 10242 10267
0b006401 0b002301 10000 100 1024 25314 8167 8164
0b008701 0b003f01 10000 100 51200 25811 16136 10267
0b008f01 0b002401 10000 100 2048 34134 8178 8207
0b004001 0b009e01 10000 100 2048 40397 8178 8207
0b008101 0b004f01 10000 100 102400 36496 12392 12413
0b008d01 0b007401 10000 100 1024 41078 8144 8164
0b005201 0b000701 10000 100 10240 41647 8542 8550
0b006101 0b000401 10000 100 512000 27810 29609 29583
0b000201 0b001101 10000 100 2048 51015 8262 8207
0b009001 0b006401 10000 100 51200 49940 10243 10267
0b006901 0b008901 10000 100 10240 53952 8906 8550
0b005101 0b004b01 10000 100 102400 47541 16677 12413
0b008c01 0b004401 10000 100 102400 56873 12392 12413
0b006601 0b006201 10000 100 51200 59513 10500 6227
0b004d01 0b001f01 10000 100 2048 64820 8178 8207
0b004f01 0b000a01 10000 100 102400 62152 12392 12413
0b006e01 0b009301 10000 100 102400 63733 12392 12413
0b006f01 0b008901 10000 100 512000 48541 30025 29583
0b000401 0b005701 10000 100 5120 74145 8328 8336
0b001701 0b006201 10000 100 512000 51651 31746 29583
0b000a01 0b007401 10000 100 51200 73617 10250 10267
0b005101 0b004b01 10001 100 102400 67478 16918 12413
0b008e01 0b005c01 10000 100 51200 76501 10256 10267
0b003801 0b005e01 10000 100 20480 78391 8951 8979
0b009001 0b003d01 10000 100 512000 63347 29594 29583
0b009a01 0b000a01 10000 100 20480 86650 9025 8979
0b004801 0b006401 10000 100 5120 88725 8307 8336
0b002801 0b004001 10000 100 1024 92949 8145 8164
0b004501 0b005001 10000 100 10240 93263 8521 8550
0b003a01 0b005201 10000 100 1024 98676 8188 8164
0b007001 0b006001 10000 100 2097152 12639 96192 96034
0b004401 0b002501 10000 100 51200 103316 10242 10267
0b003901 0b003601 10000 100 2097152 22969 92128 91994
0b004701 0b004801 10000 100 204800 108074 13477 12665
0b001301 0b001b01 10000 100 1048576 73703 48366 48037
0b009501 0b002601 10000 100 10240 115350 8537 8550
0b004e01 0b000401 10000 100 102400 111633 12392 12413
0b008201 0b006e01 10000 100 204800 112292 25244 16705
0b002b01 0b008101 10000 100 51200 128058 11773 10267
0b009d01 0b005a01 10000 100 20480 132893 8951 8979
0b008c01 0b009301 10000 100 10240 136546 8521 8550
0b003b01 0b009801 10000 100 1048576 93962 53394 52077
0b004401 0b003201 10000 100 10240 141144 8539 8550
0b000801 0b006c01 10000 100 20480 142218 8951 8979
0b007501 0b003b01 10000 100 2048 145472 8333 8207
0b007801 0b009101 10000 100 512000 86308 68555 29583
0b002f01 0b003d01 10000 100 512000 115182 40198 29583
0b006201 0b008801 10000 100 102400 147054 13234 12413
0b002001 0b003601 10000 100 102400 145909 16668 12413
0b007701 0b001401 10000 100 2097152 61156 105160 96034
0b009901 0b009701 10000 100 1048576 119794 48087 48037
0b007a01 0b009e01 10000 100 51200 156465 12441 10267
0b007c01 0b001001 10000 100 10240 162326 8521 8550
0b003201 0b000201 10000 100 1048576 120369 53199 52077
0b005701 0b002101 10000 100 204800 148885 25290 16705
0b002101 0b008701 10000 100 102400 153143 23154 12413
0b005d01 0b003d01 10000 100 20480 168204 10171 8979
0b006901 0b008501 10000 100 512000 148954 31545 29583
0b000b01 0b008701 10000 100 10240 166956 19768 8550
0b004401 0b001301 10000 100 10240 180776 8677 8550
0b000601 0b002001 10000 100 5120 181750 8436 8336
0b001301 0b005001 10000 100 204800 175035 16914 16705
0b007801 0b005001 10000 100 1024 184293 8207 8164
0b008e01 0b002a01 10000 100 2048 187579 8178 8207
0b001801 0b008c01 10000 100 512000 167883 29596 29583
0b004001 0b007101 10000 100 2097152 60728 141164 96034
0b008501 0b007d01 10000 100 51200 193381 10292 10267
0b005701 0b008d01 10000 100 2097152 100904 104804 96034
0b009801 0b004701 10000 100 5120 192968 17352 8336
0b003d01 0b003601 10000 100 10240 206061 4912 4510
0b009b01 0b008c01 10000 100 51200 201484 13902 10267
0b003601 0b005f01 10000 100 5120 209849 8600 8336
0b000401 0b007401 10000 100 1024 210439 8238 8164
0b000c01 0b009501 10000 100 1048576 129813 91824 52077
0b005301 0b008701 10000 100 102400 203809 20405 12413
0b000c01 0b004201 10000 100 20480 220674 9043 8979
0b005901 0b009001 10000 100 2048 221986 8232 8207
0b007a01 0b001201 10000 100 5120 224064 8624 8336
0b009d01 0b004701 10000 100 512000 182394 52916 29583
0b008301 0b009c01 10000 100 204800 217096 18999 16705
0b006401 0b002801 10000 100 204800 216261 21450 16705
0b007501 0b003701 10000 100 512000 184585 54656 29583
0b006d01 0b000401 10000 100 51200 227980 12372 10267
0b000d01 0b002801 10000 100 204800 212747 27932 16705
0b004d01 0b009f01 10000 100 512000 194882 46715 29583
0b007001 0b001201 10000 100 20480 233289 8967 8979
0b004301 0b008601 10000 100 2048 234381 8179 8207
0b001d01 0b003701 10000 100 512000 198294 45149 29583
0b009401 0b001301 10000 100 512000 205345 38163 29583
0b001501 0b004d01 10000 100 204800 228347 17266 16705
0b009201 0b004701 10000 100 5120 228678 17265 8336
0b004001 0b007101 10001 100 204800 219564 26473 16705
0b002801 0b009301 10000 100 1048576 155055 91935 52077
0b008201 0b006701 10000 100 2097152 63014 184219 96034
0b003901 0b000501 10000 100 2048 240168 8512 8207
0b002801 0b004401 10000 100 1048576 160063 92004 52077
0b006d01 0b009801 10000 100 1024 244623 8141 8164
0b007b01 0b006901 10000 100 204800 220034 34267 16705
0b008b01 0b008301 10000 100 5242880 23343 232978 223861
0b009001 0b007f01 10000 100 2097152 91923 166907 96034
0b003b01 0b009a01 10000 100 204800 238401 21470 16705
0b004501 0b007101 10000 100 2097152 110159 150730 96034
0b001801 0b007901 10000 100 512000 209296 52601 29583
0b009901 0b002101 10000 100 51200 256181 10260 10267
0b002c01 0b007901 10000 100 5242880 10661 258624 227901
0b007a01 0b009501 10000 100 2097152 135064 137404 96034
0b005201 0b007001 10000 100 1024 265112 8153 8164
0b006001 0b000601 10000 100 1048576 209356 65922 52077
0b007d01 0b008b01 10000 100 10240 266696 9347 8550
0b007601 0b002d01 10000 100 5120 267791 8311 8336
0b001d01 0b005e01 10000 100 10240 269016 9435 8550
0b002201 0b004001 10000 100 51200 266448 12406 10267
0b002901 0b007401 10000 100 5120 272032 8541 8336
0b005e01 0b001e01 10000 100 5120 272504 8505 8336
0b001c01 0b006b01 10000 100 51200 271059 12393 10267
0b005d01 0b000c01 10000 100 51200 272184 12751 10267
0b001101 0b003f01 10000 100 51200 264786 20497 10267
0b004001 0b008301 10000 100 5120 277568 8435 8336
0b003701 0b008a01 10000 100 204800 265206 20976 16705
0b007c01 0b004c01 10000 100 512000 239468 46971 29583
0b006e01 0b005201 10000 100 51200 281390 12334 10267
0b005201 0b005d01 10000 100 102400 281739 14292 8373
0b005101 0b006d01 10000 100 10240 287948 8727 8550
0b003301 0b004b01 10000 100 102400 278984 20959 12413
0b008001 0b000b01 10000 100 1048576 248758 53180 52077
0b007601 0b002601 10000 100 51200 291985 12625 10267
0b004201 0b006a01 10000 100 51200 295310 10264 10267
0b007e01 0b006001 10000 100 2048 300075 8244 8207
0b009201 0b005301 10000 100 204800 288686 25287 16705
0b005301 0b004701 10000 100 51200 293978 20450 10267
0b001c01 0b005901 10000 100 20480 304254 10670 8979
0b006201 0b003f01 10000 100 51200 302557 12373 10267
0b004d01 0b007f01 10000 100 1048576 222952 95682 52077
0b009301 0b002901 10000 100 512000 288820 30647 29583
0b004d01 0b008301 10000 100 1048576 226910 94245 52077
0b000101 0b008901 10000 100 5120 312556 8612 8336
0b009d01 0b009e01 10000 100 2097152 220835 100688 91994
0b001601 0b001501 10000 100 51200 318127 6333 6227
0b000801 0b001301 10000 100 512000 290589 35516 29583
0b009601 0b006b01 10000 100 20480 322423 8965 8979
0b006a01 0b006501 10000 100 51200 306920 28026 6227
0b006001 0b009401 10000 100 1048576 283081 52290 52077
0b007201 0b000401 10000 100 51200 322963 13976 10267
0b000f01 0b002601 10000 100 1048576 280578 57638 52077
0b007801 0b008b01 10000 100 1048576 176300 163084 52077
0b008501 0b007301 10000 100 2097152 242867 97220 96034
0b004f01 0b004001 10000 100 1024 337913 4241 4124
0b005601 0b008601 10000 100 204800 319390 23473 16705
0b007101 0b003401 10000 100 204800 313977 32974 16705
0b005a01 0b004c01 10000 100 512000 275961 73286 29583
0b003801 0b005e01 10001 100 1048576 243918 105475 52077
0b008b01 0b005e01 10000 100 512000 306786 42726 29583
0b006201 0b004301 10000 100 2097152 251547 98348 96034
0b009101 0b001201 10000 100 1024 343660 8141 8164
0b000601 0b008c01 10000 100 10240 335813 18206 8550
0b008f01 0b009c01 10000 100 2097152 232056 126033 96034
0b009b01 0b002301 10000 100 5120 349595 8533 8336
0b004601 0b000a01 10000 100 512000 320820 38062 29583
0b005301 0b002f01 10000 100 512000 322744 40656 29583
0b007a01 0b001b01 10000 100 5120 355046 9380 8336
0b009101 0b004301 10000 100 20480 360365 8971 8979
0b002f01 0b003b01 10000 100 512000 324228 48110 29583
0b009b01 0b003801 10000 100 10240 364800 8908 8550
0b009701 0b009f01 10000 100 51200 368575 7322 6227
0b006b01 0b006001 10000 100 204800 363160 15186 12665
0b003d01 0b001b01 10000 100 102400 363288 18915 12413
0b004801 0b001501 10000 100 102400 383490 12667 12413
0b009601 0b005101 10000 100 51200 390595 11345 10267
0b003901 0b008d01 10000 100 20480 391964 10531 8979
0b006a01 0b003701 10000 100 1048576 307642 95659 52077
0b001401 0b008901 10000 100 5242880 175302 229730 227901
0b002d01 0b009f01 10000 100 5242880 73559 332332 227901
0b004101 0b001201 10000 100 204800 392010 17268 16705
0b006501 0b001c01 10000 100 102400 370302 44362 12413
0b006601 0b005401 10000 100 102400 394309 21844 12413
0b006301 0b002501 10000 100 51200 407513 10400 10267
0b006501 0b008101 10000 100 512000 319132 99218 29583
0b008601 0b001d01 10000 100 51200 382462 36925 10267
0b009401 0b000e01 10000 100 512000 376143 46042 29583
0b003a01 0b001001 10000 100 512000 350738 72520 29583
0b004201 0b005301 10000 100 10240 419356 10764 8550
0b005101 0b007201 10000 100 2048 428136 8179 8207
0b009601 0b005f01 10000 100 5120 409967 27532 8336
0b008101 0b008501 10000 100 512000 402898 36764 25543
0b008e01 0b003b01 10000 100 204800 422282 23232 16705
0b002a01 0b001d01 10000 100 512000 336536 111117 29583
0b005301 0b008f01 10000 100 5120 439652 8452 8336
0b002701 0b004901 10000 100 204800 415352 36678 16705
0b006901 0b009501 10000 100 512000 421381 31426 29583
0b008e01 0b001801 10000 100 1024 445127 8220 8164
0b005601 0b009301 10000 100 2048 445209 8236 8207
0b002a01 0b000301 10000 100 1048576 313161 141152 52077
0b002a01 0b002701 10000 100 512000 366387 92267 25543
0b008601 0b007e01 10000 100 1048576 353760 106138 52077
0b008201 0b003201 10000 100 512000 431714 29974 29583
0b009901 0b005301 10000 100 102400 447678 16914 12413
0b003901 0b003b01 10000 100 102400 450082 16231 8373
0b003601 0b000601 10000 100 2097152 273478 194836 96034
0b005e01 0b000901 10000 100 10240 458571 9799 8550
0b000501 0b007d01 10000 100 1024 456437 12898 8164
0b008b01 0b009401 10000 100 1024 466731 8199 8164
0b008901 0b001801 10000 100 10240 466335 8616 8550
0b000a01 0b008e01 10000 100 2097152 358543 116958 96034
0b004701 0b009901 10000 100 2048 463857 14052 8207
0b002e01 0b001901 10001 100 512000 426700 52085 29583
0b005e01 0b008201 10000 100 204800 448755 33489 16705
0b004e01 0b000b01 10000 100 102400 461316 20982 12413
0b006d01 0b007001 10000 100 51200 473009 10243 10267
0b000e01 0b002701 10000 100 51200 443487 41212 10267
0b009c01 0b005401 10000 100 5120 475907 9798 8336
0b006101 0b006901 10000 100 5242880 157441 328781 223861
0b007501 0b009e01 10000 100 2097152 296181 190376 96034
0b009d01 0b007f01 10000 100 204800 469782 17591 16705
0b006d01 0b000c01 10000 100 51200 462201 30578 10267
0b003901 0b009801 10000 100 1024 488222 8150 8164
0b001201 0b003901 10000 100 1024 489844 8153 8164
0b002b01 0b007b01 10000 100 102400 477197 20916 12413
0b004e01 0b003d01 10000 100 5242880 128344 369943 227901
0b004501 0b009701 10000 100 2048 490302 8229 8207
0b002501 0b007101 10000 100 51200 488023 14120 10267
0b003e01 0b009d01 10000 100 2097152 407578 96625 96034
0b003c01 0b002701 10000 100 5242880 112014 395334 227901
0b002901 0b008401 10000 100 102400 478813 31004 12413
0b006301 0b001401 10000 100 102400 488537 23164 12413
0b000301 0b002401 10000 100 51200 500506 11665 10267
0b005b01 0b006b01 10000 100 51200 501234 12536 10267
0b005d01 0b007801 10000 100 51200 489604 26087 10267
0b005c01 0b008301 10000 100 512000 469833 51133 29583
0b005f01 0b004c01 10000 100 1048576 321184 199885 52077
0b007901 0b009a01 10000 100 10485760 32072 491755 447683
0b006a01 0b007801 10000 100 1024 521913 8200 8164
0b000701 0b001201 10000 100 512000 483570 46763 29583
0b000a01 0b003001 10000 100 51200 517848 13801 10267
0b000601 0b009b01 10000 100 204800 515006 19119 16705
0b004a01 0b005d01 10000 100 2097152 244823 290679 96034
0b007701 0b000801 10000 100 5120 527833 8387 8336
0b000c01 0b003d01 10000 100 51200 521554 16694 10267
0b005d01 0b001b01 10000 100 204800 491566 52179 16705
0b008f01 0b003601 10000 100 2097152 370614 174946 96034
0b009201 0b001001 10000 100 102400 528997 16871 12413
0b002f01 0b004101 10000 100 2097152 394223 152923 96034
0b002801 0b002c01 10000 100 512000 504109 44946 25543
0b005801 0b001401 10000 100 51200 538253 11341 10267
0b005001 0b006201 10000 100 102400 537598 14416 12413
0b006d01 0b000e01 10000 100 10240 531532 25748 8550
0b008f01 0b003701 10000 100 5120 549361 8484 8336
0b009a01 0b002501 10000 100 5120 550570 8634 8336
0b001201 0b005401 10000 100 51200 541109 19728 10267
0b004d01 0b004a01 10000 100 204800 529777 32919 12665
0b009901 0b009501 10000 100 5120 558455 5481 4296
0b002901 0b008a01 10000 100 512000 465499 99591 29583
0b004001 0b004801 10000 100 2097152 411819 157485 91994
0b000701 0b007c01 10000 100 20480 561543 9390 8979
0b008f01 0b006901 10000 100 2097152 409826 164104 96034
0b001201 0b004701 10000 100 102400 558297 16475 12413
0b004a01 0b007101 10000 100 2097152 309609 267887 96034
0b002201 0b005001 10000 100 5120 571653 8427 8336
0b003c01 0b002101 10000 100 1048576 400379 181001 52077
0b009401 0b005e01 10000 100 10240 576039 8584 8550
0b005a01 0b002801 10000 100 204800 554685 30671 16705
0b002201 0b005a01 10000 100 5242880 190965 394670 227901
0b000d01 0b004d01 10000 100 2097152 399934 186114 96034
0b000001 0b008b01 10000 100 5120 580547 8755 8336
0b007001 0b008f01 10000 100 20480 575915 14041 8979
0b007a01 0b002701 10000 100 5242880 264078 326069 227901
0b001601 0b009e01 10000 100 102400 578573 12557 12413
0b004f01 0b004901 10000 100 102400 586604 10170 8373
0b005001 0b007f01 10000 100 102400 587001 12488 12413
0b008001 0b006e01 10000 100 5120 592431 8515 8336
0b002a01 0b003d01 10000 100 5242880 224255 377534 227901
0b006c01 0b008b01 10000 100 204800 578722 23328 16705
0b005e01 0b008301 10000 100 10240 593857 9818 8550
0b000201 0b001901 10000 100 204800 574640 31481 16705
0b001f01 0b007501 10000 100 5242880 241155 368873 227901
0b001f01 0b009701 10000 100 51200 602334 15643 10267
0b002301 0b004b01 10000 100 20480 604696 14389 8979
0b006001 0b009501 10000 100 512000 588384 31094 29583
0b004401 0b007e01 10000 100 512000 534852 87415 29583
0b007c01 0b001b01 10000 100 10240 615446 8924 8550
0b005e01 0b007901 10000 100 512000 555330 73407 29583
0b009e01 0b005b01 10000 100 512000 551224 80384 29583
0b007501 0b000c01 10000 100 10485760 18451 614373 447683
0b007601 0b006501 10000 100 2048 597308 37474 8207
0b007801 0b009001 10000 100 51200 622676 18705 10267
0b007001 0b005501 10000 100 102400 631894 12700 12413
0b006a01 0b005801 10000 100 5242880 318715 331197 227901
0b006b01 0b008a01 10000 100 10240 637413 13893 8550
0b005f01 0b008201 10000 100 1048576 490295 164912 52077
0b001101 0b001b01 10000 100 204800 634650 21881 12665
0b002001 0b004601 10000 100 1048576 505878 151306 52077
0b001101 0b007801 10000 100 20480 644085 13748 8979
0b004a01 0b007201 10000 100 51200 643085 16859 10267
0b009901 0b007301 10000 100 512000 585132 75014 29583
0b000901 0b003c01 10000 100 10240 623198 38263 8550
0b006801 0b003f01 10000 100 5242880 417212 244663 227901
0b000001 0b000601 10000 100 5242880 243687 421443 223861
0b009a01 0b005b01 10000 100 204800 618729 47925 16705
0b000301 0b008f01 10000 100 1048576 568160 99419 52077
0b008001 0b003801 10000 100 512000 617232 51096 29583
0b007f01 0b006b01 10000 100 1048576 614059 54684 52077
0b001501 0b004d01 10001 100 51200 656953 15981 10267
0b000701 0b009201 10000 100 1048576 595448 78371 52077
0b009201 0b003d01 10000 100 2048 666442 8317 8207
0b007c01 0b006501 10000 100 102400 617069 58413 12413
0b007701 0b008d01 10000 100 512000 641749 34321 29583
0b009a01 0b004c01 10000 100 51200 630718 45998 10267
0b007101 0b005c01 10000 100 512000 581884 96029 29583
0b009d01 0b000f01 10000 100 5120 660908 17381 8336
0b008f01 0b001f01 10000 100 1048576 574655 105159 52077
0b004001 0b003401 10000 100 102400 651215 30771 12413
0b004c01 0b001401 10000 100 204800 597601 86136 16705
0b008e01 0b002101 10000 100 1048576 599884 85854 52077
0b009601 0b000d01 10000 100 10240 677241 8766 8550
0b000c01 0b004c01 10000 100 512000 555063 134330 29583
0b006201 0b007d01 10000 100 102400 678813 14493 12413
0b000e01 0b005701 10000 100 20480 665286 28274 8979
0b008601 0b005d01 10000 100 1048576 569591 125185 52077
0b009201 0b006f01 10000 100 5120 687981 8510 8336
0b006301 0b008901 10000 100 51200 685591 12169 10267
0b002601 0b009601 10000 100 2097152 514952 184226 96034
0b002b01 0b008b01 10000 100 204800 668976 30916 16705
0b004501 0b004f01 10000 100 512000 659424 40628 25543
0b008f01 0b006d01 10000 100 102400 690414 12682 12413
0b002001 0b003001 10000 100 5120 679548 23842 8336
0b006c01 0b003a01 10000 100 51200 692644 11723 10267
0b005901 0b001401 10000 100 2048 698224 8304 8207
0b004701 0b005501 10000 100 2048 701952 8296 8207
0b007c01 0b007e01 10000 100 1048576 563464 147504 48037
0b006801 0b001401 10000 100 1048576 633623 78578 52077
0b008301 0b002201 10000 100 102400 688669 26811 12413
0b000001 0b000701 10000 100 5120 711473 4438 4296
0b002501 0b006d01 10000 100 102400 700163 16971 12413
0b002e01 0b000701 10000 100 2048 709594 8273 8207
0b008201 0b001001 10000 100 1048576 620857 97581 52077
0b006601 0b000201 10000 100 51200 700887 19340 10267
0b004a01 0b002a01 10000 100 5242880 234150 486094 227901
0b009301 0b002a01 10000 100 204800 695285 25556 16705
0b001701 0b008401 10000 100 512000 647919 76221 29583
0b008101 0b001101 10000 100 102400 701247 24926 12413
0b005a01 0b003401 10000 100 102400 712866 17403 12413
0b001801 0b003d01 10000 100 51200 718169 12291 10267
0b004301 0b005601 10000 100 20480 722748 9298 8979
0b009901 0b008901 10000 100 102400 709773 22311 12413
0b004101 0b006f01 10000 100 1024 715703 18597 8164
0b004601 0b003001 10000 100 102400 717330 18280 12413
0b004701 0b006201 10000 100 51200 725669 11432 10267
0b000201 0b005d01 10000 100 10240 718947 18200 8550
0b002e01 0b001901 10000 100 10485760 135957 603161 447683
0b004e01 0b009401 10000 100 5242880 364744 375851 227901
0b001201 0b004201 10000 100 10240 735109 8649 8550
0b003a01 0b002001 10000 100 5242880 172348 571449 227901
0b000001 0b002301 10000 100 5242880 310792 433700 227901
0b001201 0b008901 10000 100 102400 728422 16718 12413
0b005401 0b001601 10000 100 10485760 140707 608681 447683
0b001801 0b004901 10000 100 51200 737436 13124 10267
0b008501 0b000201 10000 100 512000 722177 30288 29583
0b002201 0b002f01 10000 100 20480 755024 4927 4939
0b004401 0b009401 10000 100 512000 733019 29689 29583
0b002801 0b004701 10000 100 20480 755940 10052 8979
0b004801 0b008601 10000 100 5120 761352 8389 8336
0b000801 0b008c01 10000 100 5120 762597 12681 8336
0b009001 0b002101 10000 100 204800 758589 21734 16705
0b004b01 0b001f01 10000 100 51200 765296 16802 10267
0b000001 0b009a01 10000 100 1024 774738 8135 8164
0b008e01 0b007101 10000 100 1024 774950 8210 8164
0b009d01 0b006b01 10000 100 20480 776274 8997 8979
0b006f01 0b003e01 10000 100 51200 769773 16647 10267
0b003c01 0b008f01 10000 100 1048576 611327 177642 52077
0b006e01 0b008501 10000 100 20480 780576 9343 8979
0b005801 0b008d01 10000 100 51200 779062 15569 10267
0b002901 0b006601 10000 100 10485760 81220 715052 447683
0b003201 0b005a01 10000 100 20480 786030 10475 8979
0b005301 0b007201 10000 100 20480 795965 8991 8979
0b008301 0b001d01 10000 100 20480 753782 51586 8979
0b007d01 0b003501 10000 100 204800 763256 42496 16705
0b006201 0b004601 10000 100 51200 781285 25066 10267
0b004001 0b001e01 10000 100 1024 789534 18242 8164
0b007101 0b008801 10000 100 2097152 493784 316386 96034
0b001d01 0b006001 10000 100 204800 724476 87108 16705
0b004d01 0b003d01 10000 100 1048576 757688 54437 52077
0b006c01 0b004601 10000 100 20480 794149 18172 8979
0b003a01 0b008301 10000 100 1048576 710313 103472 52077
0b004c01 0b006501 10000 100 512000 533362 282953 29583
0b006801 0b005c01 10000 100 2048 813069 8206 8207
0b006601 0b003c01 10000 100 2048 807336 20149 8207
0b009801 0b008501 10000 100 204800 800191 33867 16705
0b007801 0b001301 10000 100 5242880 97698 737487 227901
0b002701 0b004d01 10000 100 5242880 566436 270257 227901
0b002501 0b003901 10000 100 10485760 373675 466807 447683
0b008101 0b007001 10000 100 5242880 557361 284221 227901
0b005c01 0b003001 10000 100 10485760 305071 537972 447683
0b003a01 0b005b01 10000 100 10485760 33764 810573 447683
0b000001 0b008b01 10001 100 204800 827700 17239 16705
0b001801 0b008a01 10000 100 5120 835202 10218 8336
0b005e01 0b005d01 10000 100 5242880 395728 450310 223861
0b006601 0b004e01 10000 100 10240 837395 9008 8550
0b000f01 0b009501 10000 100 1048576 710436 139447 52077
0b004901 0b000901 10000 100 2097152 579658 276305 96034
0b007301 0b007d01 10000 100 512000 811398 44620 25543
0b006f01 0b006a01 10000 100 1048576 735378 121649 48037
0b002c01 0b002601 10000 100 512000 784751 74920 25543
0b003301 0b005d01 10000 100 5242880 256419 604185 227901
0b001401 0b003201 10000 100 102400 848464 12545 12413
0b009301 0b008401 10000 100 10485760 390525 477791 447683
0b000f01 0b000a01 10000 100 102400 844635 24354 8373
0b002a01 0b008d01 10000 100 10240 862633 9324 8550
0b000601 0b004f01 10000 100 204800 851551 25820 16705
0b002901 0b008c01 10000 100 10240 870603 9574 8550
0b003a01 0b008501 10000 100 102400 864597 16780 12413
0b004d01 0b001501 10000 100 1048576 807238 79205 52077
0b006001 0b003e01 10000 100 1024 880117 8192 8164
0b006301 0b004501 10000 100 10240 882817 9081 8550
0b007701 0b002b01 10000 100 5120 883670 8679 8336
0b008f01 0b004601 10000 100 2097152 726398 167965 96034
0b004c01 0b002501 10000 100 10240 855202 40801 8550
0b004001 0b008601 10000 100 2097152 626650 270244 96034
0b008a01 0b002501 10000 100 5242880 516044 388190 227901
0b006401 0b007901 10000 100 512000 869369 37566 29583
0b003c01 0b006901 10000 100 102400 876192 37555 12413
0b001a01 0b006b01 10000 100 1048576 817381 96411 52077
0b000701 0b006901 10000 100 512000 816912 97230 29583
0b005701 0b004d01 10000 100 10240 900431 15873 8550
0b008001 0b005f01 10000 100 204800 851649 74240 16705
0b004501 0b001701 10000 100 2097152 687653 239458 96034
0b007d01 0b004701 10000 100 10485760 94209 834950 447683
0b001701 0b001f01 10000 100 512000 842644 87202 25543
0b006501 0b003101 10000 100 10240 887869 43393 8550
0b006401 0b004901 10000 100 102400 922515 14673 12413
0b009501 0b000901 10000 100 1048576 886378 54276 52077
0b009201 0b000e01 10000 100 102400 914339 27050 12413
0b003c01 0b001801 10000 100 5242880 288996 652821 227901
0b008c01 0b000b01 10000 100 5120 936836 8550 8336
0b009701 0b008a01 10000 100 102400 908551 41861 12413
0b003501 0b008e01 10000 100 102400 933876 16921 12413
0b003f01 0b006b01 10000 100 512000 910441 42446 29583
0b005901 0b009301 10000 100 51200 943257 10330 10267
0b000601 0b008a01 10000 100 5242880 571863 383923 227901
0b001501 0b009401 10000 100 2097152 791194 165091 96034
0b001501 0b007101 10000 100 512000 884119 73317 29583
0b007c01 0b005401 10000 100 512000 848341 109341 29583
0b002901 0b007c01 10000 100 5120 951760 8865 8336
0b001e01 0b005701 10000 100 1024 952660 9259 8164
0b008201 0b000101 10000 100 5242880 565815 397348 227901
0b009401 0b008201 10000 100 1024 959897 8187 8164
0b004d01 0b008601 10000 100 1048576 914079 54030 52077
0b006101 0b008f01 10000 100 102400 950967 17928 12413
0b008501 0b007e01 10000 100 204800 942237 28446 16705
0b007801 0b002401 10000 100 5242880 239748 731723 227901
0b001c01 0b000a01 10000 100 5242880 321236 654428 227901
0b000e01 0b004301 10000 100 512000 905561 70494 29583
0b008601 0b007001 10000 100 1048576 907345 72841 52077
0b002401 0b001001 10000 100 204800 959476 21211 16705
0b005c01 0b007f01 10000 100 1024 974522 8135 8164
0b000e01 0b000d01 10000 100 5120 974645 8664 4296
0b001c01 0b000401 10000 100 5242880 291475 692793 227901
0b004501 0b007601 10000 100 1048576 856644 127731 52077
0b004f01 0b005401 10000 100 51200 949238 35341 10267
0b000701 0b001801 10000 100 2097152 712414 272677 96034
0b008a01 0b006401 10000 100 512000 937232 48830 29583
0b002401 0b000d01 10000 100 10240 977863 8708 8550
0b005f01 0b004c01 10001 100 512000 784982 204679 29583
0b007c01 0b009801 10000 100 10240 982887 8600 8550
0b002a01 0b009901 10000 100 512000 913152 90398 29583
0b008201 0b008901 10000 100 20480 1004750 5380 4939
0b005701 0b003901 10000 100 102400 993500 16983 12413
0b008f01 0b009901 10000 100 2097152 794541 220501 96034
0b004c01 0b001401 10001 100 1024 972927 43042 8164
0b005d01 0b006701 10000 100 102400 1003027 15671 12413
0b008801 0b009601 10000 100 5242880 229047 791068 227901
0b009b01 0b006701 10000 100 20000000 7542 1021192 846520
0b005a01 0b005101 10000 100 5242880 749919 283566 223861
0b006201 0b008b01 10000 100 204800 984845 48758 16705
0b005901 0b009201 10000 100 204800 999815 39151 16705
0b007901 0b003a01 10000 100 102400 1009602 30481 12413
0b003e01 0b004401 10000 100 1024 1024500 16691 8164
0b004601 0b002c01 10000 100 1024 1035644 8630 8164
0b004e01 0b007a01 10000 100 2097152 835782 211488 96034
0b007a01 0b007101 10000 100 102400 1039245 12647 8373
0b004801 0b008201 10000 100 102400 1026538 27506 12413
0b001601 0b003201 10000 100 10240 1046929 8777 8550
0b000101 0b001401 10000 100 1048576 922896 133186 52077
0b005301 0b007d01 10000 100 20480 1022064 34708 8979
0b002501 0b001401 10000 100 10240 1030366 26786 8550
0b003301 0b005d01 10001 100 1048576 906849 152558 52077
0b005101 0b000e01 10000 100 2048 1051973 8477 8207
0b000301 0b007e01 10000 100 5120 1053867 8679 8336
0b004901 0b008a01 10000 100 10485760 65691 997668 447683
0b008301 0b008201 10000 100 204800 1036236 28768 12665
0b005801 0b009d01 10000 100 1048576 1013393 54856 52077
0b001f01 0b001601 10000 100 51200 1058293 10581 6227
0b002a01 0b008201 10000 100 5242880 667612 402926 227901
0b009301 0b000701 10000 100 102400 1056262 14390 12413
0b002d01 0b001101 10000 100 51200 1037020 36882 10267
0b007201 0b003201 10000 100 102400 1058639 17002 12413
0b005101 0b005a01 10000 100 2097152 915606 163292 91994
0b007501 0b008801 10000 100 1048576 948963 130450 52077
0b002c01 0b002401 10000 100 204800 1032490 48980 12665
0b000001 0b002701 10000 100 20480 1071090 10645 8979
0b009901 0b007301 10001 100 102400 1061221 21143 12413
0b001101 0b007501 10000 100 102400 1049255 33390 12413
0b002501 0b001301 10000 100 10240 1075980 9269 8550
0b001c01 0b005601 10000 100 10485760 157195 928751 447683
0b005301 0b001201 10000 100 512000 1056911 30872 29583
0b004901 0b009e01 10000 100 10240 1079104 9407 8550
0b003b01 0b007401 10000 100 204800 1051641 41140 16705
0b003701 0b007d01 10000 100 2097152 843292 250038 96034
0b000301 0b001c01 10000 100 10240 1065397 28289 8550
0b009401 0b009201 10000 100 2097152 930621 163551 91994
0b009e01 0b009801 10000 100 20480 1087550 6691 4939
0b001901 0b006101 10000 100 512000 1044123 51095 29583
0b004c01 0b007801 10001 100 512000 971669 124888 29583
0b009e01 0b006301 10000 100 51200 1081242 19266 10267
0b002501 0b003501 10000 100 2097152 956929 146187 96034
0b008201 0b007501 10000 100 5120 1098996 8325 8336
0b002e01 0b004b01 10000 100 102400 1089518 18423 12413
0b000501 0b004e01 10000 100 51200 1088666 22220 10267
0b001e01 0b007d01 10000 100 5120 1082817 34821 8336
0b003a01 0b000701 10000 100 2048 1110894 8267 8207
0b009101 0b006501 10000 100 512000 971578 149874 29583
0b004301 0b008201 10000 100 20480 1112432 9049 8979
0b000e01 0b004601 10000 100 2048 1106255 16439 8207
0b007a01 0b002101 10000 100 5120 1114352 8440 8336
0b008a01 0b002001 10000 100 5242880 482035 641188 227901
0b006301 0b004101 10000 100 5242880 628068 495865 227901
0b001e01 0b009901 10000 100 10485760 453680 670994 447683
0b006301 0b009601 10000 100 51200 1111266 14165 10267
0b005201 0b000801 10000 100 2097152 994873 135395 96034
0b006b01 0b001e01 10000 100 10240 1107598 23434 8550
0b008801 0b009c01 10000 100 2097152 700540 431598 96034
0b007301 0b005a01 10000 100 10240 1126657 8849 8550
0b008101 0b001d01 10000 100 1024 1098222 37665 8164
0b002801 0b006801 10000 100 102400 1117907 20582 12413
0b006901 0b008301 10000 100 204800 1113136 25532 16705
0b000701 0b001901 10000 100 2048 1128890 9931 8207
0b004301 0b001301 10000 100 512000 1083509 59225 29583
0b006701 0b005f01 10000 100 204800 1073891 69908 16705
0b007501 0b004901 10000 100 1024 1135118 8682 8164
0b000201 0b003e01 10000 100 10240 1143514 9780 8550
0b009901 0b001e01 10000 100 5120 1134777 20636 8336
0b006e01 0b000f01 10000 100 1048576 865956 290323 52077
0b007c01 0b003301 10000 100 512000 1075255 81849 29583
0b006301 0b008701 10000 100 20480 1123712 40191 8979
0b003901 0b002c01 10000 100 5120 1140834 24293 8336
0b005501 0b008d01 10001 100 5120 1157262 9152 8336
0b004001 0b002c01 10000 100 5120 1117878 53656 8336
0b002601 0b006c01 10000 100 5120 1163097 8566 8336
0b008501 0b007101 10000 100 512000 1103906 69628 29583
0b009c01 0b000c01 10000 100 10240 1157276 17146 8550
0b003801 0b005b01 10000 100 2048 1154010 22593 8207
0b007101 0b006901 10000 100 2048 1162997 15895 8207
0b007501 0b007b01 10000 100 2097152 945175 239963 91994
0b005501 0b008d01 10000 100 1048576 1006759 184470 52077
0b009201 0b003401 10000 100 20000000 248345 944072 846520
0b003101 0b004b01 10000 100 1024 1175077 19859 8164
0b000c01 0b001201 10000 100 1024 1187022 8141 8164
0b000601 0b005f01 10000 100 204800 1117631 77969 16705
0b001801 0b001001 10000 100 204800 1167052 29810 12665
0b005d01 0b009101 10000 100 1048576 1125293 71932 52077
0b009301 0b008601 10000 100 2048 1190267 8238 8207
0b008501 0b000801 10000 100 51200 1184039 14766 10267
0b005401 0b005101 10000 100 2097152 959737 241787 91994
0b004901 0b002901 10000 100 20480 1192045 16582 8979
0b009001 0b006b01 10000 100 102400 1194856 15499 12413
0b002001 0b007d01 10000 100 1048576 983717 227696 52077
0b004b01 0b004501 10000 100 512000 1109350 105067 25543
0b002f01 0b002801 10000 100 2048 1212137 6522 4167
0b002001 0b000401 10000 100 5120 1210626 8960 8336
0b006601 0b005201 10000 100 20000000 57875 1162765 846520
0b001401 0b005401 10000 100 2097152 865794 355042 96034
0b006e01 0b007e01 10000 100 2048 1213045 8312 8207
0b003201 0b004001 10000 100 2097152 836409 387209 96034
0b007201 0b003e01 10000 100 512000 1172777 52191 29583
0b006301 0b001901 10000 100 204800 1187034 40027 16705
0b007801 0b006301 10000 100 2097152 1052615 178510 96034
0b005a01 0b006601 10000 100 10240 1220944 15285 8550
0b005e01 0b005101 10000 100 10240 1233860 4857 4510
0b005d01 0b004901 10000 100 2048 1232852 8251 8207
0b006101 0b008601 10000 100 204800 1210258 31855 16705
0b001301 0b001d01 10000 100 204800 1166457 75864 12665
0b004801 0b007c01 10000 100 20480 1234019 10835 8979
0b003601 0b001001 10000 100 2097152 1018327 227899 96034
0b001d01 0b001301 10000 100 1048576 1024364 225655 48037
0b009201 0b002c01 10000 100 5120 1237709 23682 8336
0b001b01 0b008801 10000 100 1024 1251048 10878 8164
0b004c01 0b002601 10000 100 1048576 1030957 231990 52077
0b002301 0b002001 10000 100 2097152 876825 392682 91994
0b002501 0b009801 10000 100 512000 1201428 68731 29583
0b000201 0b008e01 10000 100 20480 1257506 12722 8979
0b008e01 0b002101 10001 100 512000 1190181 82356 29583
0b004501 0b005e01 10000 100 10485760 668582 605648 447683
0b000b01 0b001101 10000 100 2097152 957585 319002 96034
0b001c01 0b003d01 10000 100 5120 1267048 11199 8336
0b005201 0b005e01 10000 100 204800 1266381 13792 12665
0b008301 0b009301 10000 100 204800 1253009 30549 16705
0b007f01 0b005c01 10000 100 5242880 987713 298786 227901
0b008f01 0b004d01 10000 100 20480 1274622 13861 8979
0b000301 0b006c01 10000 100 1048576 1107045 182112 52077
0b003a01 0b006601 10000 100 204800 1266647 25271 16705
0b008001 0b009401 10000 100 5242880 791976 500728 227901
0b003001 0b004001 10000 100 512000 1181678 112068 29583
0b001e01 0b006d01 10000 100 2097152 935591 358955 96034
0b006401 0b001601 10000 100 2097152 1170529 125861 96034
0b004b01 0b006f01 10000 100 5120 1281407 17050 8336
0b008e01 0b005001 10000 100 102400 1278108 22136 12413
0b006c01 0b001c01 10000 100 1024 1291318 8944 8164
0b002e01 0b003e01 10000 100 1048576 1224094 77496 52077
0b003601 0b007e01 10000 100 5120 1283768 18666 8336
0b003a01 0b007101 10000 100 2048 1293939 8747 8207
0b009d01 0b008601 10000 100 51200 1292242 10969 10267
0b007a01 0b008e01 10000 100 1048576 1249050 55227 52077
0b002001 0b003e01 10000 100 102400 1270471 34713 12413
0b006001 0b009e01 10000 100 10485760 765842 539628 447683
0b007d01 0b004d01 10000 100 51200 1260683 46077 10267
0b002c01 0b002701 10000 100 2048 1286573 21566 4167
0b004b01 0b001a01 10000 100 5242880 591982 716187 227901
0b005001 0b001401 10000 100 204800 1278501 30542 16705
0b008c01 0b007501 10000 100 1024 1302816 8651 8164
0b007b01 0b009201 10000 100 1048576 1154859 157026 52077
0b001801 0b007701 10000 100 204800 1263039 49103 16705
0b008101 0b003e01 10000 100 512000 1241497 71645 29583
0b006a01 0b002201 10000 100 10485760 647505 670482 447683
0b003501 0b000301 10000 100 51200 1307484 11870 10267
0b005101 0b005d01 10000 100 512000 1294395 25796 25543
0b004701 0b009501 10000 100 2097152 1129856 190973 96034
0b003901 0b002001 10000 100 10485760 337095 984068 447683
0b009f01 0b005b01 10000 100 10485760 512567 810160 447683
0b003a01 0b009b01 10000 100 10240 1314063 9003 8550
0b006e01 0b002c01 10000 100 2097152 1079929 245322 96034
0b000601 0b001e01 10000 100 51200 1291768 34850 10267
0b006b01 0b008701 10000 100 5120 1291688 35256 8336
0b001a01 0b004501 10000 100 204800 1294343 40867 16705
0b008001 0b001501 10000 100 5120 1327882 8786 8336
0b001601 0b003c01 10000 100 2097152 986148 353033 96034
0b008001 0b000601 10000 100 512000 1244228 95807 29583
0b005601 0b001201 10000 100 512000 1302655 40879 29583
0b000201 0b001201 10000 100 2097152 1098673 246515 96034
0b009101 0b006601 10000 100 5120 1339790 8505 8336
0b001801 0b006b01 10000 100 204800 1318397 32246 16705
0b008101 0b001b01 10000 100 2097152 1198604 152176 96034
0b005a01 0b008f01 10000 100 5120 1331528 19742 8336
0b007401 0b000f01 10000 100 1048576 1108012 246941 52077
0b000201 0b000e01 10000 100 20480 1351147 8051 4939
0b001f01 0b007601 10000 100 1048576 1201461 157744 52077
0b006901 0b008f01 10000 100 512000 1311398 47925 29583
0b003401 0b001d01 10000 100 512000 1212174 148889 29583
0b007801 0b001401 10000 100 512000 1274434 90285 29583
0b000901 0b002a01 10000 100 204800 1338009 27287 16705
0b005801 0b002b01 10000 100 1048576 1180215 185998 52077
0b000501 0b005f01 10000 100 10485760 52982 1320812 447683
0b000a01 0b005001 10000 100 2048 1360511 15936 8207
0b003601 0b008901 10000 100 10240 1347700 29536 8550
0b005401 0b008c01 10000 100 1048576 1255080 124194 52077
0b008d01 0b004d01 10000 100 10240 1372259 8905 8550
0b000601 0b003801 10000 100 1024 1370050 12416 8164
0b004d01 0b008101 10000 100 1048576 1282865 100018 52077
0b007a01 0b000601 10000 100 5120 1374309 9339 8336
0b004001 0b003a01 10000 100 512000 1299566 84268 29583
0b001301 0b004101 10000 100 2048 1371765 16418 8207
0b000b01 0b009401 10000 100 1048576 1223085 168416 52077
0b006601 0b004b01 10000 100 102400 1357392 34417 12413
0b002401 0b004d01 10000 100 5120 1376045 15816 8336
0b008b01 0b006501 10000 100 20480 1348065 44175 8979
0b002901 0b007101 10000 100 5242880 816231 578579 227901
0b002701 0b009901 10000 100 1024 1387009 8152 8164
0b002801 0b002901 10000 100 102400 1382858 12853 8373
0b008801 0b000f01 10000 100 1048576 1145121 256695 52077
0b001b01 0b006d01 10000 100 10240 1391660 12072 8550
0b007201 0b009401 10000 100 5242880 975066 430862 227901
0b000201 0b005001 10000 100 204800 1358943 50735 16705
0b005d01 0b008c01 10000 100 51200 1400484 10323 10267
0b003e01 0b006601 10000 100 2048 1403629 8454 8207
0b000e01 0b000201 10000 100 5120 1409083 6070 4296
0b004d01 0b007801 10000 100 2048 1401127 14878 8207
0b006e01 0b006a01 10000 100 204800 1405603 14926 12665
0b005a01 0b001f01 10000 100 51200 1397636 25302 10267
0b003b01 0b005001 10000 100 204800 1364093 59816 16705
0b000001 0b001a01 10000 100 5120 1415526 8984 8336
0b001601 0b007401 10000 100 204800 1407768 17395 16705
0b000001 0b002801 10000 100 5242880 971735 453593 227901
0b003b01 0b008d01 10000 100 5242880 866206 559143 227901
0b003f01 0b009101 10000 100 1048576 1309664 117338 52077
0b002e01 0b002b01 10000 100 10240 1423463 4812 4510
0b002601 0b003b01 10000 100 20000000 144577 1285143 846520
0b004101 0b005001 10000 100 1048576 1322585 109096 52077
0b008a01 0b001301 10000 100 2097152 1255363 177529 96034
0b001601 0b007901 10000 100 2097152 1058233 378116 96034
0b009401 0b000301 10000 100 51200 1427366 11447 10267
0b007b01 0b002b01 10000 100 10240 1431067 9700 8550
0b002001 0b007901 10000 100 2097152 1049381 394491 96034
0b002a01 0b001101 10000 100 51200 1418338 26145 10267
0b003501 0b005e01 10000 100 2097152 1338999 106671 96034
0b003201 0b002301 10000 100 2097152 1141309 306081 96034
0b008b01 0b001701 10000 100 5242880 822166 625287 227901
0b002b01 0b006201 10000 100 51200 1379386 69134 10267
0b009801 0b001801 10000 100 512000 1361126 89021 29583
0b007201 0b005601 10000 100 51200 1426741 24305 10267
0b006601 0b002201 10000 100 512000 1417009 34688 29583
0b003001 0b006101 10000 100 1048576 1294554 158552 52077
0b008801 0b004a01 10000 100 51200 1420075 34035 10267
0b000701 0b001b01 10000 100 51200 1440108 14027 10267
0b005501 0b002c01 10000 100 10485760 455393 999315 447683
0b000d01 0b008701 10000 100 1024 1441732 15869 8164
0b003001 0b004c01 10000 100 2097152 1049763 408628 96034
0b004c01 0b008701 10000 100 204800 1341315 118092 16705
0b005701 0b000e01 10000 100 10485760 726032 734582 447683
0b000e01 0b007101 10000 100 1048576 1275763 185207 52077
0b007301 0b007d01 10001 100 20480 1431032 33586 4939
0b001801 0b004601 10000 100 10485760 542179 925631 447683
0b002301 0b000301 10000 100 5242880 651942 819217 227901
0b004601 0b007001 10000 100 1048576 1329417 142232 52077
0b003601 0b004d01 10000 100 2097152 1167428 305636 96034
0b005901 0b004d01 10000 100 512000 1431638 45721 29583
0b007e01 0b007a01 10000 100 1048576 1417583 59922 48037
0b007601 0b007501 10000 100 1048576 1362127 118461 48037
0b002701 0b008001 10000 100 1048576 1249448 233304 52077
0b001401 0b004b01 10000 100 1048576 1305542 179170 52077
0b003f01 0b001701 10000 100 5242880 852570 635581 227901
0b000201 0b004401 10000 100 5242880 823804 665824 227901
0b001d01 0b003e01 10000 100 5120 1448482 43513 8336
0b002201 0b004601 10000 100 5242880 1075556 416514 227901
0b000801 0b008a01 10000 100 10485760 1014864 479749 447683
0b009601 0b004f01 10000 100 102400 1438821 57720 12413
0b006f01 0b001701 10000 100 1048576 1314232 182820 52077
0b000601 0b000501 10000 100 1048576 1307575 189681 48037
0b009c01 0b007101 10000 100 10485760 452857 1045016 447683
0b000e01 0b002101 10000 100 2097152 1203199 298532 96034
0b002901 0b008301 10000 100 10485760 465224 1038954 447683
0b001f01 0b008901 10000 100 10485760 452964 1058991 447683
0b009c01 0b006501 10000 100 512000 1361065 154185 29583
0b009b01 0b001501 10000 100 1048576 1442031 73615 52077
0b008a01 0b004401 10000 100 2097152 1143015 375002 96034
0b000c01 0b003601 10000 100 512000 1437080 82966 29583
0b008801 0b009801 10000 100 1048576 1326654 198114 52077
0b007701 0b005401 10000 100 1048576 1329558 198967 52077
0b003a01 0b009f01 10000 100 2097152 1346289 184388 96034
0b003301 0b002101 10000 100 10485760 407272 1143569 447683
0b007f01 0b009801 10000 100 2097152 1387360 174799 96034
0b004e01 0b001001 10000 100 5242880 1234414 335570 227901
0b008201 0b007d01 10000 100 1048576 1364359 210321 52077
0b002301 0b007801 10000 100 512000 1414576 161071 29583
0b000e01 0b001a01 10000 100 20000000 84995 1500110 846520
0b007f01 0b003f01 10000 100 2097152 1408577 178014 96034
0b007d01 0b006801 10000 100 2097152 1224880 362622 96034
0b001a01 0b005601 10000 100 2097152 1301379 286616 96034
0b008101 0b005401 10000 100 1048576 1433274 163164 52077
0b005e01 0b005f01 10000 100 10485760 296794 1307591 443643
0b009b01 0b005f01 10000 100 5242880 779384 837179 227901
0b004801 0b005401 10000 100 10485760 496414 1121078 447683
0b001801 0b006201 10000 100 5242880 874261 760853 227901
0b000001 0b005801 10000 100 2097152 1439825 195996 96034
0b000a01 0b009401 10000 100 5242880 1345487 294033 227901
0b001a01 0b006301 10000 100 20000000 84734 1555294 846520
0b003f01 0b004f01 10000 100 5242880 951357 705916 227901
0b004e01 0b002c01 10000 100 10485760 560055 1106491 447683
0b001b01 0b009001 10000 100 2097152 1370714 298630 96034
0b009f01 0b000e01 10000 100 10485760 360135 1310146 447683
0b001401 0b004f01 10000 100 2097152 1211227 459882 96034
0b001401 0b001f01 10000 100 5242880 1125909 545981 223861
0b006701 0b007801 10000 100 5242880 1264245 409689 227901
0b008001 0b009601 10000 100 5242880 1205193 472738 227901
0b001001 0b006801 10000 100 20000000 196064 1489070 846520
0b009301 0b004401 10000 100 5242880 1026250 665119 227901
0b001401 0b006101 10000 100 2097152 1356425 347484 96034
0b005801 0b002b01 10001 100 2097152 1387825 323038 96034
0b008801 0b001e01 10000 100 10485760 164443 1549986 447683
0b000f01 0b003f01 10000 100 2097152 1448627 267973 96034
0b001701 0b000101 10000 100 20000000 118469 1609050 846520
0b005f01 0b005401 10000 100 2097152 788990 966832 91994
0b004401 0b009001 10000 100 2097152 1349142 407415 96034
0b004201 0b007501 10000 100 10485760 1123889 637515 447683
0b001701 0b001b01 10000 100 10485760 588918 1172774 443643
0b001701 0b007101 10000 100 2097152 1445026 324369 96034
0b003401 0b004b01 10000 100 5242880 1113374 659549 227901
0b003301 0b004f01 10000 100 10485760 248313 1538336 447683
0b006401 0b009101 10000 100 2097152 1339956 452882 96034
0b005b01 0b002801 10000 100 10485760 980163 816148 447683
0b006101 0b009c01 10000 100 20000000 283643 1530050 846520
0b000001 0b004701 10000 100 10485760 970177 844759 447683
0b000701 0b007901 10000 100 10485760 661953 1156742 447683
0b008e01 0b001601 10000 100 5242880 1252293 572607 227901
0b000d01 0b001101 10000 100 20000000 102547 1722566 846520
0b002601 0b002a01 10000 100 10485760 1241630 584539 443643
0b007601 0b004001 10000 100 10485760 523000 1317012 447683
0b008301 0b005a01 10000 100 20000000 246073 1608093 846520
0b003c01 0b001701 10000 100 10485760 265615 1595674 447683
0b007901 0b004501 10000 100 10485760 866544 1001655 447683
0b006601 0b004f01 10000 100 5242880 1114177 765972 227901
0b004901 0b004b01 10000 100 20000000 40218 1845166 842480
0b008301 0b008901 10000 100 5242880 1302100 583793 223861
0b001501 0b007901 10000 100 10485760 941554 977133 447683
0b003201 0b004901 10000 100 10485760 723554 1198298 447683
0b008c01 0b005701 10000 100 20000000 593650 1340320 846520
0b005b01 0b004a01 10000 100 20000000 24324 1910332 846520
0b003c01 0b004901 10000 100 2097152 1442710 496447 96034
0b009901 0b005001 10000 100 20000000 328434 1613178 846520
0b000201 0b004a01 10000 100 20000000 112803 1833345 846520
0b001e01 0b009001 10000 100 10485760 833703 1115915 447683
0b007101 0b005201 10000 100 10485760 379329 1572448 447683
0b001c01 0b003301 10000 100 10485760 1035055 937534 447683
0b006901 0b007201 10000 100 10485760 968820 1011127 447683
0b003a01 0b003801 10000 100 20000000 854007 1130976 842480
0b003901 0b002501 10000 100 20000000 955213 1047395 846520
0b003d01 0b006d01 10000 100 20000000 761308 1250059 846520
0b007b01 0b005301 10000 100 20000000 217068 1805465 846520
0b002501 0b004901 10000 100 5242880 1209357 821731 227901
0b006b01 0b005f01 10000 100 20000000 248003 1797535 846520
0b003e01 0b009b01 10000 100 20000000 601943 1449888 846520
0b007b01 0b008f01 10000 100 20000000 241176 1820845 846520
0b004c01 0b007801 10000 100 5242880 935974 1128485 227901
0b003801 0b003c01 10000 100 20000000 218919 1861684 842480
0b002b01 0b004c01 10000 100 10485760 128671 1959778 447683
0b008501 0b000701 10000 100 10485760 1124521 965070 447683
0b005001 0b004401 10000 100 10485760 968274 1124679 447683
0b009901 0b001301 10000 100 20000000 523502 1590972 846520
0b009101 0b008001 10000 100 10485760 1208181 906811 447683
0b000901 0b003601 10000 100 20000000 782023 1350331 846520
0b008d01 0b003301 10000 100 20000000 798580 1343091 846520
0b003701 0b002701 10000 100 20000000 589111 1569199 846520
0b000701 0b001101 10000 100 20000000 14495 2148456 846520
0b009e01 0b000401 10000 100 20000000 187415 1998857 846520
0b007c01 0b004001 10000 100 20000000 258590 1928994 846520
0b002001 0b007e01 10000 100 20000000 97963 2091171 846520
0b002401 0b008e01 10000 100 10485760 1444196 750436 447683
0b007101 0b007a01 10000 100 20000000 29810 2207220 842480
0b003b01 0b007301 10000 100 20000000 924043 1326678 846520
0b008001 0b006601 10000 100 20000000 496188 1761406 846520
0b008801 0b005901 10000 100 20000000 142704 2134941 846520
0b000401 0b004301 10000 100 20000000 516336 1769508 846520
0b004b01 0b007b01 10000 100 20000000 398798 1889680 846520
0b003401 0b004101 10000 100 20000000 423977 1865774 846520
0b006e01 0b006101 10000 100 10485760 1313914 977723 443643
0b008801 0b002301 10000 100 10485760 743899 1554084 447683
0b002301 0b004801 10000 100 20000000 177660 2121057 846520
0b007101 0b001901 10000 100 10485760 746176 1560355 447683
0b002001 0b004701 10000 100 20000000 217310 2089413 846520
0b005501 0b003c01 10000 100 10485760 1000397 1310461 447683
0b003201 0b000c01 10000 100 20000000 396945 1925720 846520
0b009001 0b000301 10000 100 20000000 109520 2218699 846520
0b007501 0b008701 10000 100 5242880 951810 1395347 227901
0b009801 0b000f01 10000 100 20000000 156277 2210329 846520
0b004001 0b002301 10000 100 10485760 707901 1663755 447683
0b007801 0b006201 10000 100 5242880 1238418 1135309 227901
0b008901 0b006901 10000 100 20000000 797604 1595939 846520
0b009e01 0b005801 10000 100 20000000 914506 1479253 846520
0b008501 0b002b01 10000 100 10485760 1368309 1085207 447683
0b002b01 0b007d01 10000 100 20000000 335871 2140423 846520
0b008e01 0b006101 10000 100 10485760 1363063 1161471 447683
0b005501 0b001f01 10000 100 20000000 625202 1899480 846520
0b004b01 0b002301 10000 100 20000000 385997 2138890 846520
0b009801 0b008701 10000 100 20000000 26220 2525688 846520
0b002401 0b004001 10000 100 20000000 804296 1753304 846520
0b007001 0b003601 10000 100 20000000 1204486 1354308 846520
0b001b01 0b007701 10000 100 20000000 307699 2257032 846520
0b001f01 0b008501 10000 100 20000000 377755 2189727 846520
0b002501 0b009c01 10000 100 20000000 931962 1638034 846520
0b004701 0b009a01 10000 100 20000000 1032981 1538950 846520
0b008b01 0b005b01 10000 100 20000000 968685 1607834 846520
0b000501 0b007c01 10000 100 10485760 1175894 1419079 447683
0b002b01 0b003001 10000 100 20000000 1314199 1281476 846520
0b004f01 0b006f01 10000 100 20000000 1332941 1275054 846520
0b002a01 0b007b01 10000 100 20000000 795896 1838085 846520
0b005901 0b007f01 10000 100 20000000 1243214 1402339 846520
0b004a01 0b004801 10000 100 10485760 907861 1739687 443643
0b009701 0b008b01 10000 100 10485760 835592 1820966 447683
0b003c01 0b006c01 10000 100 20000000 1137697 1519577 846520
0b003601 0b005301 10000 100 20000000 958553 1720499 846520
0b000c01 0b009001 10000 100 20000000 1418903 1273590 846520
0b002d01 0b005401 10000 100 20000000 324245 2369059 846520
0b003401 0b003901 10000 100 20000000 1230876 1462441 842480
0b000401 0b008101 10000 100 20000000 859229 1837057 846520
0b000301 0b001d01 10000 100 5242880 1405769 1299331 227901
0b006801 0b000f01 10000 100 10485760 1011472 1698776 447683
0b000201 0b009101 10000 100 20000000 1375301 1336493 846520
0b003d01 0b001d01 10000 100 10485760 557398 2161860 447683
0b007801 0b008701 10000 100 20000000 23941 2695461 846520
0b007d01 0b001101 10000 100 10485760 845523 1883449 447683
0b008f01 0b000601 10000 100 20000000 1018018 1713084 846520
0b004601 0b002601 10000 100 20000000 871551 1867393 846520
0b001a01 0b009a01 10000 100 20000000 1134311 1606456 846520
0b006f01 0b007601 10000 100 20000000 537951 2208737 846520
0b004601 0b005701 10000 100 20000000 1014598 1738487 846520
0b008e01 0b001e01 10000 100 20000000 1059093 1701941 846520
0b006a01 0b000f01 10000 100 20000000 504829 2257283 846520
0b000101 0b009e01 10000 100 20000000 1345374 1422658 846520
0b009c01 0b000501 10000 100 20000000 400220 2380979 846520
0b007101 0b005101 10000 100 20000000 1052350 1747410 846520
0b004801 0b002e01 10000 100 20000000 1134126 1665646 846520
0b001001 0b005501 10000 100 10485760 1425810 1391636 447683
0b003801 0b001f01 10000 100 20000000 1231125 1618773 846520
0b002f01 0b007701 10000 100 20000000 941707 1928104 846520
0b002601 0b004401 10000 100 10485760 1223930 1645896 447683
0b006501 0b006701 10000 100 10485760 1351077 1547596 443643
0b009801 0b007501 10000 100 20000000 1339930 1569793 846520
0b000f01 0b000a01 10001 100 20000000 1392290 1551864 842480
0b001001 0b003c01 10000 100 20000000 526746 2455486 846520
0b006101 0b000f01 10000 100 5242880 776279 2207851 227901
0b001901 0b000501 10000 100 20000000 697556 2300557 846520
0b006f01 0b001401 10000 100 20000000 865540 2195081 846520
0b006c01 0b000501 10000 100 20000000 430185 2660628 846520
0b009601 0b000b01 10000 100 20000000 1066967 2076904 846520
0b006401 0b006501 10000 100 10485760 1288476 1884023 443643
0b000b01 0b001401 10000 100 20000000 940629 2235186 846520
0b002c01 0b006201 10000 100 20000000 409180 2768857 846520
0b003e01 0b004f01 10000 100 20000000 1100756 2078429 846520
0b006501 0b004101 10000 100 5242880 684089 2508642 227901
0b003e01 0b002e01 10000 100 20000000 1204044 1993950 846520
0b009601 0b007701 10000 100 20000000 1084029 2115000 846520
0b007d01 0b000601 10000 100 20000000 615333 2586207 846520
0b004c01 0b001901 10000 100 10485760 604431 2622696 447683
0b007c01 0b007d01 10000 100 20000000 1204283 2023135 842480
0b008501 0b006201 10000 100 20000000 774035 2512944 846520
0b002801 0b007d01 10000 100 20000000 966233 2331655 846520
0b004c01 0b005901 10000 100 20000000 405322 2963447 846520
0b008301 0b004c01 10000 100 20000000 475573 2952768 846520
0b000e01 0b001d01 10000 100 20000000 119445 3308955 846520
0b006f01 0b004c01 10000 100 20000000 500707 2953480 846520
0b001001 0b002d01 10000 100 20000000 1419815 2043539 846520
0b003001 0b006201 10000 100 20000000 1267611 2234498 846520
0b000501 0b009101 10000 100 20000000 1154503 2354012 846520
0b002301 0b000b01 10000 100 20000000 684275 2833304 846520
0b000b01 0b001e01 10000 100 20000000 1021645 2501478 846520
0b003601 0b000b01 10000 100 20000000 1197066 2379833 846520
0b002d01 0b007c01 10000 100 20000000 1028286 2551356 846520
0b009701 0b007e01 10000 100 20000000 478300 3133022 846520
0b002301 0b001a01 10000 100 20000000 1210687 2406363 846520
0b001701 0b008701 10000 100 20000000 1228829 2401272 846520
0b004a01 0b009201 10000 100 20000000 759913 2885645 846520
0b000501 0b008701 10000 100 20000000 238170 3418822 846520
0b004a01 0b007801 10000 100 20000000 708385 2948945 846520
0b000401 0b004c01 10000 100 20000000 1347585 2329564 846520
0b002901 0b001d01 10000 100 20000000 341522 3346228 846520
0b005601 0b006501 10000 100 20000000 16246 3683305 846520
0b002d01 0b004901 10000 100 20000000 1312533 2434791 846520
0b003b01 0b001d01 10000 100 20000000 614782 3164994 846520
0b004a01 0b006b01 10000 100 20000000 1074845 2706057 846520
0b002c01 0b008001 10000 100 20000000 793762 3078669 846520
0b006501 0b005601 10000 100 10485760 687478 3196077 447683
0b002c01 0b001901 10000 100 20000000 890148 3032389 846520
0b002c01 0b008601 10000 100 20000000 1028795 2940152 846520
0b001d01 0b000601 10000 100 20000000 519612 3491765 846520
0b009701 0b000101 10000 100 20000000 902771 3292099 846520
0b006401 0b000901 10000 100 20000000 1233658 3000712 846520
0b006401 0b002d01 10000 100 20000000 1279633 3020994 846520
0b006401 0b004a01 10000 100 20000000 1337731 2978392 846520
0b002d01 0b006101 10000 100 20000000 792821 3610909 846520
0b009701 0b000201 10000 100 20000000 1345712 3141604 846520
0b009701 0b006001 10000 100 20000000 1346062 3141380 846520
0b007c01 0b006501 10001 100 20000000 1121976 3611751 846520
0b000301 0b006d01 10000 100 20000000 896504 3945468 846520
0b006201 0b004c01 10000 100 10485760 387254 4535742 447683
0b000301 0b003801 10000 100 20000000 1018299 4009019 846520
0b000301 0b009801 10000 100 20000000 1223088 4001126 846520
0b000301 0b008d01 10000 100 20000000 1403011 3883993 846520
0b000301 0b006501 10000 100 20000000 254539 5096282 846520
0b007801 0b006501 10000 100 20000000 537716 4827533 846520
0b006501 0b007401 10000 100 20000000 97477 5349841 846520
0b001d01 0b002901 10000 100 20000000 492283 5212334 846520
0b007d01 0b001d01 10000 100 20000000 213447 5801984 846520
0b004f01 0b006501 10000 100 20000000 150823 6135669 846520
0b007901 0b006501 10000 100 20000000 772160 5528648 846520
0b006501 0b007e01 10000 100 20000000 284706 6953899 846520
0b004001 0b006501 10000 100 20000000 637755 6728465 846520
