0b00ac01 0b000101 10000 100 207175 4637292 425373 425612
0b001001 0b000101 10000 100 131244 4684762 415029 415206
0b00eb01 0b000101 10000 100 662275 6241308 463146 463767
0b007d01 0b000101 10000 100 334053 6976895 435905 436250
0b00ea01 0b000101 10000 100 29175900 13244007 4731305 2854347
0b005101 0b000101 10000 100 832052 21130719 614736 478002
0b00ba01 0b000101 10000 100 31831063 18509048 3436943 3076959
0b00d601 0b000101 10000 100 331148 22460451 437323 436006
0b00c101 0b000101 10000 100 182627 27602031 507040 423552
0b011701 0b000101 10000 100 191161 29524626 873269 424270
0b007701 0b000101 10000 100 629903 30100935 650699 461051
0b011f01 0b000101 10000 100 308496 35800981 971350 434106
0b003901 0b000101 10000 100 126225 37077525 993435 414785
0b003401 0b000101 10000 100 809570 37033387 1062937 472076
0b007e01 0b000101 10000 100 85345555 26948863 11583518 7563613
0b011d01 0b000101 10000 100 39476249 34230713 6153338 3717931
0b013501 0b000101 10000 100 377370 40356414 442570 439881
0b003101 0b000101 10000 100 476417 42374717 590874 444145
0b008e01 0b000101 10000 100 948749 43465016 1090181 487784
0b009401 0b000101 10000 100 20709497 42765886 6577209 2144526
0b004f01 0b000101 10000 100 325772 47860654 1754414 435553
0b001c01 0b000101 10000 100 40742311 41090130 8809646 3820038
0b00ff01 0b000101 10000 100 63100814 44234158 18376316 5698612
0b00c201 0b000101 10000 100 46231783 49476168 13161679 4284313
0b006c01 0b000101 10000 100 86125617 43818381 20754664 7629013
0b002301 0b000101 10000 100 16150444 33063165 57143144 1758255
0b011101 0b000101 10000 100 42857966 8170125 151823020 4001452
0b00a101 0b000101 10000 100 63843426 13387044 203520206 5760875
0b003301 0b000101 10000 100 61019678 13898680 216376634 5520091
0b013c01 0b000101 10000 100 58537831 28867606 203140699 5316052
0b002401 0b000101 10000 100 91756179 31748914 321187858 8097041
0b006b01 0b000101 10000 100 99949389 13348890 352270543 8787999
