0b00d601 0b006901 10000 100 2048 12054 12348 12415
0b012701 0b011501 10000 100 102400 18500 16634 16787
0b007001 0b00bd01 10000 100 20480 25428 13877 13959
0b000901 0b003801 10000 100 10240 36894 8988 9061
0b00ee01 0b00df01 10000 100 51200 42191 12385 12495
0b011d01 0b005901 10000 100 5120 43268 12603 12672
0b008201 0b006801 10000 100 102400 43069 20676 20827
0b013201 0b012501 10000 100 204800 39725 25132 25371
0b003d01 0b007c01 10000 100 5120 60422 12608 12672
0b001701 0b005f01 10000 100 2048 63834 12348 12415
0b00ea01 0b001001 10000 100 5120 64254 12614 12672
0b003401 0b00d701 10000 100 204800 49145 29174 29411
0b00c901 0b003001 10000 100 20480 69362 13877 13959
0b008001 0b010f01 10000 100 20480 73574 15678 13959
0b000201 0b00c201 10000 100 5120 82423 12603 12672
0b009101 0b011e01 10000 100 204800 67673 29174 29411
0b013801 0b007b01 10000 100 51200 80658 16427 16535
0b010901 0b007e01 10000 100 51200 82600 16427 16535
0b011601 0b00a001 10000 100 102400 82608 20695 20827
0b002801 0b012701 10000 100 20480 93950 13877 13959
0b001b01 0b006d01 10000 100 512000 58162 54683 55166
0b010001 0b004801 10000 100 102400 94316 20685 20827
0b012c01 0b012b01 10000 100 5120 111850 4519 4592
0b00ae01 0b002c01 10000 100 2048 106260 12348 12415
0b00d401 0b011301 10000 100 204800 96537 29195 29411
0b013001 0b000601 10000 100 2048 115114 12360 12415
0b011a01 0b012301 10000 100 204800 108204 26857 25371
0b007901 0b004001 10000 100 51200 122742 12385 12495
0b002801 0b00df01 10000 100 1024 128658 12276 12329
0b00bf01 0b000901 10000 100 512000 88995 54726 55166
0b001701 0b007801 10000 100 204800 117639 30043 29411
0b00b601 0b00bd01 10000 100 512000 107134 46587 47086
0b006001 0b005901 10000 100 2048 151762 8306 8375
0b011901 0b00c801 10000 100 51200 159812 16427 16535
0b00c601 0b00f301 10000 100 512000 131415 50648 51126
0b00e901 0b003101 10000 100 1048576 86527 99227 100154
0b00c901 0b00c401 10000 100 51200 190444 12584 8455
0b00c501 0b007701 10000 100 2048 195519 12348 12415
0b003701 0b00ac01 10000 100 2097152 22517 186259 188068
0b00a701 0b004e01 10000 100 2097152 25166 186247 188068
0b00e701 0b004d01 10000 100 1024 201228 12304 12329
0b007401 0b004201 10000 100 1048576 119477 95166 96114
0b009c01 0b00d501 10000 100 20480 210365 13939 13959
0b00d701 0b012601 10000 100 102400 203947 20690 20827
0b005a01 0b00c401 10000 100 51200 208596 16441 16535
0b00d501 0b00b101 10000 100 10240 217390 13064 13101
0b009a01 0b002901 10000 100 204800 205562 29182 29411
0b004901 0b00f401 10000 100 5120 222453 12603 12672
0b012101 0b00f101 10000 100 102400 214390 20676 20827
0b00b601 0b007b01 10000 100 512000 192950 54713 55166
0b007f01 0b005c01 10000 100 51200 237917 12469 12495
0b005801 0b000101 10000 100 51200 237630 16445 16535
0b011901 0b007a01 10000 100 512000 202709 56720 55166
0b00ec01 0b012201 10000 100 512000 199572 60647 55166
0b00ca01 0b003c01 10000 100 512000 206086 55727 55166
0b003f01 0b00b901 10000 100 2097152 85263 186241 188068
0b00b101 0b002801 10000 100 51200 255441 16430 16535
0b010c01 0b012501 10000 100 51200 264664 12385 12495
0b004701 0b00b801 10000 100 10240 268578 13096 13101
0b012d01 0b013401 10000 100 2048 277283 8306 8375
0b006401 0b00ca01 10000 100 51200 267474 18502 16535
0b004901 0b00fb01 10000 100 2048 274112 12348 12415
0b004501 0b007601 10000 100 5120 279933 8561 8632
0b004701 0b011101 10000 100 5120 279470 12603 12672
0b000901 0b00d801 10000 100 1048576 170165 122778 100154
0b00bc01 0b000801 10000 100 102400 272436 20749 20827
0b004401 0b012901 10000 100 102400 279473 20676 20827
0b000601 0b00ec01 10000 100 204800 271283 30073 29411
0b008901 0b00a101 10000 100 10240 298440 9753 9061
0b012b01 0b008b01 10000 100 51200 292645 16427 16535
0b008101 0b012f01 10000 100 512000 254584 54681 55166
0b001e01 0b009001 10000 100 2097152 129156 186241 188068
0b006f01 0b00d401 10000 100 2097152 128319 189153 188068
0b00ad01 0b00fc01 10000 100 1024 305429 12559 12329
0b011101 0b009101 10000 100 102400 298054 20676 20827
0b008e01 0b00a801 10000 100 5120 311475 8580 8632
0b00c601 0b009301 10000 100 102400 301481 20688 20827
0b005301 0b00fd01 10000 100 51200 305927 16439 16535
0b00fc01 0b013901 10000 100 2048 335232 12360 12415
0b00a401 0b00de01 10000 100 51200 332335 16458 16535
0b007101 0b00cb01 10000 100 51200 339589 16445 16535
0b009801 0b010601 10000 100 10240 345312 13031 13101
0b006b01 0b00ca01 10000 100 1024 348101 12332 12329
0b000301 0b011a01 10000 100 51200 363636 17188 16535
0b013601 0b005c01 10000 100 1024 375847 12324 12329
0b00d501 0b003901 10000 100 1024 377047 12263 12329
0b002701 0b003701 10000 100 1048576 235853 154777 96114
0b00ed01 0b011401 10000 100 102400 376815 20832 20827
0b00ef01 0b00a701 10000 100 1024 386320 12263 12329
0b00f501 0b00a301 10000 100 51200 388269 16643 16535
0b013e01 0b003301 10000 100 102400 384917 20727 20827
0b011801 0b013301 10000 100 2097152 218056 188842 184028
0b00f801 0b00ff01 10000 100 10240 402245 5364 5021
0b004701 0b001b01 10000 100 1048576 315083 104071 100154
0b00dc01 0b004c01 10000 100 51200 411596 16427 16535
0b00b601 0b007e01 10000 100 10240 430891 13028 13101
0b00b401 0b00d401 10000 100 512000 401411 56671 55166
0b001301 0b011901 10000 100 5120 447537 12772 12672
0b00f101 0b008a01 10000 100 5120 449744 12640 12672
0b003a01 0b002901 10000 100 512000 418491 51990 51126
0b005501 0b010901 10000 100 102400 439329 32219 20827
0b000601 0b005701 10000 100 1048576 56631 421411 100154
0b002e01 0b012601 10000 100 20480 464590 13895 13959
0b00a301 0b009601 10000 100 102400 452144 27564 16787
0b008501 0b00b901 10000 100 5120 471190 8566 8632
0b00d301 0b00c101 10000 100 204800 454994 26460 25371
0b000801 0b008701 10000 100 10240 469430 13064 13101
0b008201 0b003d01 10000 100 1024 485694 12341 12329
0b008001 0b00ae01 10000 100 10240 489779 9006 9061
0b00e201 0b006801 10000 100 204800 374450 130220 29411
0b004801 0b00e101 10000 100 102400 484473 20792 20827
0b005501 0b011501 10000 100 512000 396726 119787 55166
0b010001 0b006901 10000 100 1048576 415524 101612 100154
0b005701 0b00f101 10000 100 51200 503588 16479 16535
0b008601 0b003a01 10000 100 1048576 377824 144128 100154
0b00ec01 0b00a101 10000 100 1024 513125 12432 12329
0b007801 0b003701 10000 100 512000 472712 61113 55166
0b00ff01 0b009701 10000 100 204800 503989 32313 29411
0b00f301 0b013b01 10000 100 20480 523496 13877 13959
0b00a301 0b009701 10000 100 102400 515944 27875 16787
0b009f01 0b00ea01 10000 100 1024 547576 12267 12329
0b011401 0b00ca01 10000 100 2097152 138331 425253 188068
0b008601 0b00b201 10000 100 102400 542605 24910 16787
0b010f01 0b010701 10000 100 5242880 74702 496347 443723
0b012f01 0b001901 10000 100 2097152 385739 186241 188068
0b00d901 0b00d301 10000 100 102400 563090 13675 12747
0b011e01 0b008401 10000 100 10240 565895 13050 13101
0b001501 0b00e801 10000 100 51200 556934 23639 16535
0b008d01 0b013801 10000 100 10240 567601 13040 13101
0b010601 0b00fd01 10000 100 204800 538247 42698 29411
0b00f101 0b00dc01 10000 100 512000 519573 61478 51126
0b00b401 0b013601 10000 100 10240 575850 13126 13101
0b001101 0b001b01 10000 100 2097152 404786 184579 179988
0b00ec01 0b011601 10000 100 1048576 487548 107966 100154
0b002701 0b00a001 10000 100 204800 560116 46384 29411
0b00e801 0b009201 10000 100 1024 595693 12263 12329
0b00a001 0b008101 10000 100 1024 598683 9273 8289
0b010201 0b00bb01 10000 100 102400 588477 20695 20827
0b013101 0b002601 10000 100 1024 584899 25713 12329
0b005801 0b012c01 10000 100 1048576 508720 102005 100154
0b00c501 0b00f101 10000 100 5120 603166 8578 8632
0b012c01 0b011201 10000 100 102400 596068 17220 16787
0b00f301 0b009b01 10000 100 1024 609985 12268 12329
0b011f01 0b001c01 10000 100 512000 546552 76376 55166
0b003201 0b011801 10000 100 512000 537227 87909 55166
0b012f01 0b005901 10000 100 1024 616096 12263 12329
0b012801 0b008f01 10000 100 5120 617501 12824 12672
0b012201 0b00d601 10000 100 20480 615314 15587 13959
0b013301 0b013d01 10000 100 2097152 272779 358168 179988
0b00ae01 0b00f501 10000 100 1048576 494427 143106 100154
0b010401 0b00d601 10000 100 1048576 546620 100930 100154
0b006101 0b008201 10000 100 2097152 223987 427540 188068
0b00de01 0b004401 10000 100 204800 622911 29198 29411
0b003e01 0b001501 10000 100 102400 637989 16770 16787
0b004301 0b000501 10000 100 512000 565219 107914 55166
0b001601 0b011501 10000 100 2048 661683 12348 12415
0b00e301 0b00d501 10000 100 51200 661615 12634 12495
0b013901 0b00c601 10000 100 102400 655374 23166 20827
0b00ef01 0b00e601 10000 100 512000 630396 48263 47086
0b00dc01 0b011301 10000 100 512000 566929 124160 55166
0b00fe01 0b010001 10000 100 10240 678972 13123 13101
0b007501 0b000801 10000 100 10240 679461 13044 13101
0b00d101 0b00f101 10000 100 1024 685668 8361 8289
0b002101 0b004b01 10000 100 204800 667756 29215 29411
0b010101 0b00dd01 10000 100 204800 666616 31158 29411
0b000f01 0b001e01 10000 100 20480 683966 14117 9919
0b000101 0b011f01 10000 100 20480 704341 13915 13959
0b007a01 0b00e801 10000 100 204800 686280 33158 29411
0b013101 0b00a901 10000 100 5120 709609 16108 12672
0b009001 0b004c01 10000 100 102400 705651 20696 20827
0b009d01 0b000801 10000 100 102400 709190 21838 20827
0b004101 0b012f01 10000 100 51200 718656 16593 16535
0b011c01 0b008e01 10000 100 5120 731774 12617 12672
0b00e701 0b00bf01 10000 100 2048 739932 12363 12415
0b006301 0b009a01 10000 100 20480 738330 15845 13959
0b006d01 0b011f01 10000 100 102400 738773 20701 20827
0b00e001 0b002501 10000 100 20480 746527 14043 13959
0b002b01 0b009a01 10000 100 204800 730715 30918 29411
0b006901 0b002601 10000 100 10240 750318 13194 13101
0b003201 0b00f301 10000 100 512000 669748 103189 55166
0b002c01 0b00a401 10000 100 512000 663146 109901 55166
0b00cf01 0b010a01 10000 100 512000 675751 108506 55166
0b010001 0b003101 10000 100 204800 742847 47559 29411
0b007301 0b000a01 10000 100 2048 779942 12348 12415
0b009b01 0b003e01 10000 100 2048 781001 12375 12415
0b011e01 0b000f01 10000 100 102400 765702 29061 20827
0b000701 0b011d01 10000 100 20480 781016 13894 13959
0b00d601 0b00e401 10000 100 1048576 701041 100620 96114
0b008701 0b004b01 10000 100 51200 792663 16452 16535
0b00f201 0b008901 10000 100 102400 790663 21350 20827
0b00f901 0b00cd01 10000 100 1048576 498779 318910 96114
0b002001 0b008601 10000 100 10240 809380 13050 13101
0b00d201 0b00d701 10000 100 204800 793609 29111 21331
0b009501 0b013101 10000 100 204800 735734 88383 29411
0b00a301 0b002a01 10000 100 5242880 237158 593215 451803
0b012201 0b00a301 10000 100 51200 833468 16471 16535
0b002d01 0b013d01 10000 100 102400 833427 21091 20827
0b002401 0b007f01 10000 100 51200 847320 17000 16535
0b00b201 0b012001 10000 100 2048 853906 12469 12415
0b00f601 0b011701 10000 100 10240 853427 13115 13101
0b00a801 0b005f01 10000 100 512000 821665 60149 55166
0b00ba01 0b003c01 10000 100 5120 872012 12638 12672
0b00e301 0b007501 10000 100 204800 828570 59314 29411
0b002601 0b011201 10000 100 102400 869907 20951 20827
0b007701 0b009a01 10000 100 512000 822250 75418 55166
0b002601 0b008501 10000 100 10240 891305 13052 13101
0b004601 0b006201 10000 100 20480 895733 9885 9919
0b012201 0b00be01 10000 100 5120 895458 12628 12672
0b00c201 0b00fa01 10000 100 102400 895921 17713 16787
0b00d701 0b00a401 10000 100 51200 900451 17593 16535
0b006601 0b009701 10000 100 102400 892753 25435 20827
0b00a901 0b00fb01 10000 100 20480 905209 13897 13959
0b003001 0b00ed01 10000 100 2048 910049 12377 12415
0b002a01 0b011b01 10000 100 5120 913315 12622 12672
0b008701 0b006501 10000 100 10240 913713 13111 13101
0b004401 0b00b001 10000 100 204800 895827 32935 29411
0b00c401 0b007c01 10000 100 2048 917995 12364 12415
0b008d01 0b009001 10000 100 204800 924280 25152 25371
0b004c01 0b00e801 10000 100 2048 938330 12768 12415
0b011c01 0b00a701 10000 100 204800 923795 29868 29411
0b006b01 0b00e801 10000 100 102400 936054 21612 20827
0b011901 0b00ff01 10000 100 2097152 294157 667215 188068
0b00da01 0b011c01 10000 100 512000 751838 214055 55166
0b007501 0b00d701 10000 100 1048576 720606 247932 100154
0b00af01 0b00e601 10000 100 512000 786000 190368 55166
0b00ea01 0b011a01 10000 100 512000 428790 554130 55166
0b00ef01 0b00c001 10000 100 204800 966582 25150 25371
0b011d01 0b000501 10000 100 10240 984068 13040 13101
0b008801 0b012101 10000 100 2097152 662207 344154 188068
0b00b901 0b00ce01 10000 100 102400 993918 22714 20827
0b012a01 0b00c901 10000 100 2048 1007104 12348 12415
0b00d101 0b00b001 10000 100 5242880 35430 986450 451803
0b009501 0b00e001 10000 100 2048 1009415 12700 12415
0b00f301 0b013d01 10000 100 204800 995025 29853 29411
0b013201 0b00fe01 10000 100 1024 1025057 12263 12329
0b009201 0b010d01 10000 100 5120 1026198 12619 12672
0b002901 0b006401 10000 100 102400 1021130 20736 20827
0b00b101 0b011a01 10000 100 51200 1026032 16601 16535
0b009a01 0b004a01 10000 100 10240 1029888 13129 13101
0b012001 0b000101 10000 100 2048 1032088 12367 12415
0b004901 0b001b01 10000 100 10240 1033040 13049 13101
0b008701 0b002601 10000 100 10240 1040539 13111 13101
0b001601 0b001901 10000 100 1048576 949354 105483 92074
0b00c101 0b011001 10000 100 102400 1040445 22164 20827
0b009f01 0b009e01 10000 100 512000 1009574 56796 47086
0b00a901 0b002501 10000 100 512000 1016720 56383 55166
0b00b001 0b003f01 10000 100 512000 929772 144817 55166
0b00ad01 0b00bc01 10000 100 512000 922724 153859 51126
0b003e01 0b00bd01 10000 100 2048 1065537 12365 12415
0b00b801 0b007b01 10000 100 20480 1064134 14407 13959
0b000f01 0b007501 10000 100 1048576 678449 404745 100154
0b003b01 0b007e01 10000 100 20480 1072830 13884 13959
0b000701 0b001c01 10000 100 20480 1080673 9861 9919
0b013301 0b00ff01 10000 100 204800 1069410 29759 29411
0b000d01 0b004001 10000 100 5120 1090365 12983 12672
0b003b01 0b004e01 10000 100 51200 1088570 16691 16535
0b008101 0b001701 10000 100 20480 1095505 13886 13959
0b010601 0b00e301 10000 100 512000 1055588 55269 55166
0b00a601 0b004001 10000 100 2048 1108695 12434 12415
0b006301 0b00f701 10000 100 5120 1109580 12686 12672
0b012f01 0b00e701 10000 100 1048576 1012220 111089 100154
0b009301 0b006201 10000 100 20480 1110847 13907 13959
0b005701 0b00c401 10000 100 20480 1116171 13890 13959
0b00c701 0b010201 10000 100 512000 1021221 111007 55166
0b000701 0b00a101 10000 100 204800 1105614 30257 29411
0b00f101 0b00d001 10000 100 5120 1138101 8565 8632
0b011b01 0b006e01 10000 100 1024 1135355 12291 12329
0b012501 0b009f01 10000 100 102400 1135333 20715 20827
0b006501 0b004601 10000 100 2097152 822875 334096 184028
0b011401 0b007701 10000 100 204800 1127998 29234 29411
0b011301 0b008c01 10000 100 5120 1146490 12747 12672
0b005601 0b003a01 10000 100 512000 1076913 86728 55166
0b002c01 0b006d01 10000 100 512000 1109352 60747 55166
0b003001 0b003e01 10000 100 512000 1129154 46587 47086
0b00e401 0b00fb01 10000 100 512000 1099455 81064 51126
0b00fd01 0b00dc01 10000 100 5120 1173018 8624 8632
0b008e01 0b009101 10000 100 51200 1178671 12404 12495
0b011f01 0b00bc01 10000 100 10240 1186222 13050 13101
0b011e01 0b010c01 10000 100 2048 1194518 8402 8375
0b00c701 0b003901 10000 100 102400 1184968 22102 20827
0b00a801 0b011f01 10000 100 5120 1195771 12725 12672
0b011401 0b003001 10000 100 1024 1201103 12263 12329
0b010401 0b00d801 10000 100 20480 1200398 13966 13959
0b009c01 0b010d01 10000 100 1048576 1107349 108205 100154
0b00ea01 0b005701 10000 100 5120 1202932 12643 12672
0b00f101 0b011b01 10000 100 5120 1209877 12753 12672
0b00e101 0b006801 10000 100 204800 1186680 40611 29411
0b00b001 0b005201 10000 100 102400 1206955 21435 20827
0b00a301 0b00da01 10000 100 10240 1221445 13131 13101
0b00f001 0b002501 10000 100 5120 1222963 12603 12672
0b00c201 0b008c01 10000 100 51200 1223834 16445 16535
0b009301 0b002701 10000 100 51200 1223984 16448 16535
0b010701 0b003a01 10000 100 51200 1223881 17589 16535
0b013c01 0b00a501 10000 100 2048 1239684 12348 12415
0b000001 0b000c01 10000 100 5242880 779800 475766 443723
0b010b01 0b012301 10000 100 102400 1251443 17822 16787
0b007301 0b011b01 10000 100 20480 1265683 14490 13959
0b00c901 0b00a801 10000 100 102400 1261792 21696 20827
0b008301 0b002401 10000 100 204800 1254434 29197 29411
0b002301 0b00d301 10000 100 1024 1272684 12263 12329
0b013001 0b007101 10000 100 10240 1275957 13530 13101
0b010e01 0b00c901 10000 100 512000 1095690 195801 55166
0b011b01 0b00cb01 10000 100 512000 1183039 110061 55166
0b005401 0b011901 10000 100 1024 1284056 12276 12329
0b00b301 0b000f01 10000 100 512000 1069260 241735 55166
0b00c301 0b004a01 10000 100 51200 1304044 16453 16535
0b00f201 0b002001 10000 100 10240 1310109 13115 13101
0b001201 0b003701 10000 100 51200 1311829 13452 12495
0b010601 0b001001 10000 100 51200 1312011 16929 16535
0b00be01 0b007c01 10000 100 1024 1317992 12274 12329
0b013501 0b00b701 10000 100 512000 1164185 171864 55166
0b004b01 0b006c01 10000 100 51200 1325322 12647 12495
0b00d301 0b011401 10000 100 10240 1332604 13443 13101
0b00fd01 0b007101 10000 100 512000 1252379 99451 55166
0b009b01 0b013e01 10000 100 512000 1197195 158874 55166
0b007f01 0b00ad01 10000 100 102400 1336612 24924 20827
0b005a01 0b001601 10000 100 102400 1350768 20736 20827
0b005401 0b008101 10000 100 102400 1354525 20891 20827
0b004301 0b013101 10000 100 5242880 318040 1058479 451803
0b00e001 0b00c101 10000 100 2097152 40449 1341394 184028
0b007401 0b000701 10000 100 102400 1364144 20980 20827
0b011201 0b000801 10000 100 5120 1385350 12607 12672
0b004b01 0b007a01 10000 100 10240 1390051 9171 9061
0b002e01 0b00fd01 10000 100 204800 1375754 30296 29411
0b00a001 0b009201 10000 100 102400 1394496 16698 16787
0b00b801 0b001901 10000 100 51200 1396866 17110 16535
0b005801 0b004c01 10000 100 512000 1333301 83244 51126
0b004f01 0b000d01 10000 100 5120 1404333 12694 12672
0b009a01 0b002801 10000 100 1024 1406609 12415 12329
0b005e01 0b007401 10000 100 5242880 259004 1172089 447763
0b013b01 0b001301 10000 100 5120 1418765 12782 12672
0b00bb01 0b009901 10000 100 1048576 1320968 116021 96114
0b004701 0b004001 10000 100 2097152 1228925 219288 179988
0b00e601 0b000301 10000 100 204800 1410814 46675 29411
0b008c01 0b002b01 10000 100 512000 1388516 71603 55166
0b003f01 0b004e01 10000 100 204800 1434072 32256 29411
0b007301 0b007701 10000 100 102400 1451665 14702 12747
0b000701 0b00ff01 10000 100 204800 1446831 30710 29411
0b004b01 0b000101 10000 100 204800 1449704 30795 29411
0b005601 0b004e01 10000 100 512000 1172440 310361 51126
0b00ba01 0b001301 10000 100 10240 1467427 15456 13101
0b001201 0b00e501 10000 100 10240 1473116 13198 13101
0b002901 0b00a901 10000 100 2097152 1076588 413349 188068
0b001601 0b010f01 10000 100 10240 1483612 13118 13101
0b00ba01 0b010401 10000 100 204800 1436016 64172 29411
0b010f01 0b012901 10000 100 1024 1493542 8221 8289
0b006e01 0b011401 10000 100 204800 1438225 65705 29411
0b000501 0b003301 10000 100 204800 1477877 31379 25371
0b010b01 0b011301 10000 100 10240 1503727 9112 9061
0b00eb01 0b00a901 10000 100 1048576 791510 725672 100154
0b011301 0b002a01 10000 100 204800 1488181 33322 29411
0b000801 0b011301 10000 100 51200 1514032 16608 16535
0b006f01 0b013b01 10000 100 204800 1499710 36042 29411
0b006e01 0b00c601 10000 100 512000 589562 946834 55166
0b000101 0b011701 10000 100 204800 1506642 30231 29411
0b000201 0b013501 10000 100 51200 1520043 16892 16535
0b003901 0b00ec01 10000 100 20480 1526900 13993 13959
0b00a101 0b00a901 10000 100 51200 1535361 8442 8455
0b008401 0b012601 10000 100 204800 1514635 33854 29411
0b008201 0b005901 10000 100 5120 1536391 12652 12672
0b013d01 0b002501 10000 100 204800 1506691 44297 29411
0b005001 0b012601 10000 100 1048576 1381877 171885 100154
0b008b01 0b001f01 10000 100 512000 1338557 216185 55166
0b008001 0b013c01 10000 100 2048 1545457 12348 12415
0b00c101 0b007e01 10000 100 51200 1538050 21854 16535
0b00b901 0b012301 10000 100 1048576 1385167 181428 100154
0b001801 0b00a001 10000 100 51200 1549856 17140 16535
0b009a01 0b00f001 10000 100 512000 1402583 165748 55166
0b011701 0b003301 10000 100 10240 1557266 13194 13101
0b008901 0b012e01 10000 100 2048 1568970 12486 12415
0b00c301 0b002801 10000 100 102400 1563319 20709 20827
0b007301 0b013101 10000 100 1024 1573710 12264 12329
0b000d01 0b011901 10000 100 10240 1583365 13130 13101
0b00c001 0b011f01 10000 100 102400 1576649 22435 20827
0b00cf01 0b012a01 10000 100 512000 1547514 68400 55166
0b00ae01 0b012601 10000 100 2048 1615174 12348 12415
0b005201 0b002e01 10000 100 512000 1286845 341911 55166
0b013b01 0b007001 10000 100 1024 1621180 12326 12329
0b008a01 0b001501 10000 100 512000 1501528 138003 55166
0b001201 0b00ec01 10000 100 51200 1628083 17257 16535
0b00d601 0b001801 10000 100 51200 1629858 16467 16535
0b00f801 0b00c101 10000 100 2048 1638254 8310 8375
0b00f001 0b003601 10000 100 5120 1642109 12721 12672
0b00cf01 0b012501 10000 100 1048576 538322 1121966 100154
0b00f201 0b009901 10000 100 512000 1556964 104009 55166
0b005b01 0b004d01 10000 100 512000 1314087 349970 51126
0b010001 0b00a301 10000 100 2048 1655039 12348 12415
0b009001 0b00c801 10000 100 5120 1657751 12723 12672
0b002f01 0b00d901 10000 100 20480 1656502 14126 13959
0b012d01 0b00a701 10000 100 10240 1659001 13061 13101
0b00d601 0b00e001 10000 100 51200 1664445 12754 12495
0b003b01 0b003a01 10000 100 1048576 1579068 98379 92074
0b011701 0b00c401 10000 100 102400 1657739 21867 20827
0b010201 0b00a001 10000 100 1048576 1570046 111575 100154
0b00a301 0b00e401 10000 100 2048 1670049 12363 12415
0b00bd01 0b012801 10000 100 1048576 814863 874643 100154
0b013301 0b001f01 10000 100 5120 1681013 12734 12672
0b010001 0b003a01 10000 100 1024 1689984 12263 12329
0b008b01 0b00a401 10000 100 2097152 806577 896098 184028
0b005501 0b011901 10000 100 10240 1693059 13269 13101
0b011c01 0b002101 10000 100 102400 1692792 20914 20827
0b003301 0b002901 10000 100 10240 1708717 9011 9061
0b007a01 0b00a001 10000 100 204800 1686123 32108 29411
0b010f01 0b00bc01 10000 100 512000 981719 741280 55166
0b00e901 0b00cf01 10000 100 512000 1651073 76412 51126
0b00b901 0b009301 10000 100 2048 1729360 8318 8375
0b004201 0b00f901 10000 100 20480 1725912 14126 13959
0b012c01 0b00e701 10000 100 102400 1720705 21734 20827
0b012601 0b007d01 10000 100 10240 1736862 13136 13101
0b001201 0b00ce01 10000 100 5242880 79202 1676483 451803
0b012201 0b001a01 10000 100 10240 1750735 13047 13101
0b001001 0b00f801 10000 100 20480 1750552 13982 13959
0b012901 0b010a01 10000 100 204800 1739787 25366 25371
0b011801 0b009a01 10000 100 20480 1754317 13915 13959
0b010c01 0b003001 10000 100 10240 1756937 13135 13101
0b003901 0b00a701 10000 100 20480 1757246 14051 13959
0b012501 0b000401 10000 100 102400 1751034 22253 20827
0b012a01 0b009501 10000 100 51200 1755510 18004 16535
0b007901 0b013501 10000 100 204800 1717963 58246 29411
0b001b01 0b00bd01 10000 100 51200 1783019 17357 16535
0b005f01 0b001701 10000 100 102400 1786882 20698 20827
0b00d001 0b00e901 10000 100 1048576 1001188 809682 96114
0b012c01 0b00e601 10000 100 512000 197216 1626709 55166
0b011501 0b007501 10000 100 204800 1795256 29723 29411
0b00e201 0b000801 10000 100 51200 1816401 16811 16535
0b00e901 0b013d01 10000 100 1048576 297300 1541085 100154
0b00ef01 0b00c201 10000 100 5120 1836912 8644 8632
0b009d01 0b001601 10000 100 102400 1828175 21638 20827
0b007c01 0b00f601 10000 100 20480 1840209 14233 13959
0b007c01 0b012701 10000 100 512000 1711704 143269 55166
0b00e001 0b011e01 10000 100 20480 1842932 13904 13959
0b005f01 0b00b701 10000 100 204800 1831034 31421 29411
0b00d601 0b001c01 10000 100 10240 1851715 13119 13101
0b005a01 0b00c301 10000 100 204800 1840417 29755 29411
0b000001 0b011701 10000 100 5120 1857750 12623 12672
0b00e901 0b007301 10000 100 51200 1864105 17079 16535
0b00d401 0b009801 10000 100 512000 1279579 616425 55166
0b009201 0b010401 10000 100 102400 1874790 25998 20827
0b00c201 0b011601 10000 100 204800 1875226 36194 29411
0b00a601 0b013701 10000 100 2097152 667935 1245794 188068
0b00ba01 0b010701 10000 100 10240 1900343 15807 13101
0b00ce01 0b003901 10000 100 2048 1904948 12348 12415
0b004c01 0b006501 10000 100 204800 1891469 25895 25371
0b007f01 0b004901 10000 100 1048576 1489634 427792 96114
0b00ba01 0b00f201 10000 100 512000 1777055 142720 55166
0b008501 0b007c01 10000 100 204800 1893869 29231 29411
0b013201 0b005801 10000 100 102400 1903830 21461 20827
0b008401 0b00d501 10000 100 51200 1910800 16582 16535
0b00ec01 0b012001 10000 100 51200 1915952 21286 16535
0b007c01 0b011c01 10000 100 102400 1927766 21943 20827
0b000501 0b00ba01 10000 100 10240 1939657 13541 13101
0b003c01 0b00c001 10000 100 204800 1892880 62110 29411
0b00f101 0b00d301 10000 100 204800 1916114 40817 25371
0b00f401 0b013001 10000 100 10240 1943903 13146 13101
0b004401 0b00a901 10000 100 102400 1943274 20861 20827
0b005501 0b00f801 10000 100 5120 1952762 12769 12672
0b012c01 0b003d01 10000 100 5120 1956081 12603 12672
0b007501 0b00f301 10000 100 512000 1767239 209462 55166
0b005f01 0b010f01 10000 100 204800 1951300 31847 29411
0b003301 0b00d001 10000 100 102400 1960523 22715 20827
0b001001 0b002401 10000 100 512000 1501037 483167 51126
0b001501 0b006101 10000 100 51200 1978469 18222 16535
0b002001 0b004c01 10000 100 1048576 1345838 658142 100154
0b001401 0b007901 10000 100 10240 1994233 13267 13101
0b00bd01 0b012a01 10000 100 512000 1791835 226601 55166
0b00e001 0b00aa01 10000 100 102400 2022060 22703 20827
0b009b01 0b00ff01 10000 100 1048576 1287018 759131 100154
0b009901 0b00d401 10000 100 2048 2038084 12449 12415
0b002501 0b007201 10000 100 1024 2038981 12272 12329
0b004301 0b009601 10000 100 20480 2046879 16292 13959
0b002401 0b003701 10000 100 204800 2030882 32569 25371
0b013301 0b00d601 10000 100 20480 2050181 15179 13959
0b013901 0b005801 10000 100 10240 2052613 13065 13101
0b002401 0b00f001 10000 100 20480 2061075 13889 13959
0b008d01 0b013201 10000 100 2048 2062783 12348 12415
0b001801 0b00d601 10000 100 2097152 738441 1337483 188068
0b003901 0b00c201 10000 100 51200 2059806 16607 16535
0b012a01 0b002b01 10000 100 1048576 468873 1614601 100154
0b000901 0b009601 10000 100 204800 2032547 50942 29411
0b005701 0b00d401 10000 100 102400 2062613 21755 20827
0b005d01 0b002301 10000 100 51200 2063192 21869 16535
0b009501 0b00e501 10000 100 51200 2076735 16925 16535
0b004201 0b000e01 10000 100 512000 1425430 674124 55166
0b00fd01 0b00bf01 10000 100 204800 2002514 97743 29411
0b011701 0b004701 10000 100 51200 2086639 16987 16535
0b010301 0b004401 10000 100 102400 2085750 21439 20827
0b00b801 0b00f001 10000 100 51200 2092612 16787 16535
0b002b01 0b009b01 10000 100 51200 2102254 17039 16535
0b00e401 0b00b401 10000 100 10240 2108286 13195 13101
0b007501 0b012f01 10000 100 5120 2110850 12616 12672
0b00b801 0b003701 10000 100 204800 2098889 32379 29411
0b005b01 0b004901 10000 100 204800 2106848 35220 25371
0b000c01 0b009d01 10000 100 51200 2125432 16929 16535
0b011c01 0b007a01 10000 100 2048 2132619 12452 12415
0b008001 0b00e201 10001 100 204800 2118787 32866 29411
0b011101 0b001801 10000 100 2048 2144388 12428 12415
0b010101 0b006501 10000 100 512000 1688767 469541 55166
0b006401 0b00b401 10000 100 20480 2150533 14217 13959
0b003601 0b00f901 10000 100 20480 2158833 14209 13959
0b00a201 0b00c501 10000 100 102400 2159415 20800 20827
0b004101 0b002c01 10000 100 51200 2177721 16673 16535
0b004a01 0b00e201 10000 100 51200 2185943 17466 16535
0b00ba01 0b00bb01 10000 100 5242880 1266331 946087 443723
0b00c301 0b011301 10000 100 51200 2193890 19362 16535
0b011c01 0b00de01 10000 100 5120 2201541 12622 12672
0b000801 0b012a01 10000 100 204800 2185601 29293 29411
0b002501 0b00a801 10000 100 51200 2203030 16686 16535
0b001001 0b012401 10000 100 1048576 1859048 367219 100154
0b000e01 0b007e01 10000 100 20480 2215508 14078 13959
0b007001 0b007801 10000 100 20000000 475118 1758934 1680960
0b007001 0b00bc01 10000 100 1048576 555113 1679297 100154
0b001801 0b009901 10000 100 512000 1935014 305799 55166
0b000201 0b00eb01 10000 100 1048576 1554002 688576 100154
0b005601 0b007a01 10000 100 5242880 717618 1528576 447763
0b008901 0b009e01 10000 100 512000 2110157 143468 51126
0b006001 0b012a01 10000 100 10240 2242724 13111 13101
0b00c901 0b000501 10000 100 51200 2242843 16800 16535
0b011401 0b00e301 10000 100 1024 2256538 12263 12329
0b008701 0b00fc01 10000 100 512000 2173580 97541 55166
0b00a601 0b00bb01 10000 100 102400 2261054 17895 16787
0b002501 0b008e01 10000 100 102400 2258033 21225 20827
0b000001 0b000f01 10000 100 5120 2276712 4602 4592
0b002001 0b00da01 10000 100 1048576 1255142 1026353 100154
0b00b901 0b011901 10000 100 51200 2265781 16601 16535
0b007201 0b00e801 10000 100 5120 2275159 12635 12672
0b009b01 0b009501 10000 100 204800 2268862 22485 21331
0b000d01 0b013601 10000 100 204800 2156780 137663 29411
0b000301 0b00b901 10000 100 1048576 1120904 1174341 100154
0b000101 0b004f01 10000 100 20480 2285491 14127 13959
0b005801 0b00aa01 10000 100 1048576 1839614 460248 100154
0b010201 0b012c01 10000 100 5120 2292442 8578 8632
0b00f401 0b006601 10000 100 512000 2239477 61814 55166
0b008301 0b00df01 10000 100 1024 2290251 12295 12329
0b001701 0b012301 10000 100 51200 2289007 16941 16535
0b010301 0b003b01 10000 100 20480 2294115 14334 13959
0b013b01 0b004201 10000 100 102400 2290120 21044 20827
0b008501 0b002801 10000 100 204800 2284950 29246 29411
0b003201 0b007a01 10000 100 51200 2298143 16669 16535
0b008401 0b00a601 10000 100 10240 2307748 9054 9061
0b008001 0b010601 10000 100 5120 2304398 12614 12672
0b004901 0b009b01 10000 100 5120 2307221 12615 12672
0b006d01 0b00fc01 10000 100 5120 2308170 12620 12672
0b008201 0b007501 10000 100 512000 2117793 206041 55166
0b00ba01 0b00bf01 10000 100 10485760 949742 1384513 883287
0b00a201 0b00fe01 10000 100 102400 2317506 20864 20827
0b002d01 0b006501 10000 100 10240 2332168 13111 13101
0b00a701 0b00be01 10000 100 512000 2297524 50666 51126
0b00a801 0b00e401 10000 100 20480 2335971 14010 13959
0b00e701 0b000801 10000 100 1024 2339247 12390 12329
0b00d401 0b00d901 10000 100 1048576 2250249 102722 92074
0b004b01 0b00f001 10000 100 51200 2343483 18461 16535
0b011b01 0b00cd01 10000 100 5120 2361316 12727 12672
0b003201 0b009201 10000 100 51200 2359798 16743 16535
0b00e101 0b00b801 10000 100 512000 2043983 344506 55166
0b00b201 0b002901 10000 100 2048 2377864 12359 12415
0b004301 0b00fb01 10000 100 512000 2033581 381946 55166
0b004b01 0b012301 10000 100 2097152 428153 2004347 188068
0b010001 0b007c01 10000 100 512000 2148465 289690 55166
0b010801 0b00e101 10000 100 1048576 1090994 1348938 100154
0b00e301 0b00ff01 10000 100 1048576 2198444 246479 96114
0b000b01 0b010301 10000 100 2097152 812692 1646226 188068
0b009601 0b009001 10000 100 10485760 1340459 1131360 883287
0b00d001 0b001c01 10000 100 512000 450773 2045996 55166
0b00fa01 0b00d601 10000 100 1048576 1557528 952166 96114
0b00fb01 0b011201 10000 100 1048576 340609 2192059 100154
0b004a01 0b00d501 10000 100 2097152 624271 1917960 188068
0b00b701 0b010701 10000 100 512000 1503465 1056799 55166
0b006301 0b00d901 10000 100 5242880 271743 2296989 451803
0b011b01 0b000801 10000 100 1048576 1124737 1461037 100154
0b000b01 0b005201 10000 100 1048576 939490 1648530 100154
0b010701 0b00fd01 10000 100 1048576 1132032 1466714 100154
0b012f01 0b003001 10000 100 512000 1622858 1055466 55166
0b00c601 0b00cb01 10000 100 10485760 1472559 1208715 883287
0b001901 0b000401 10000 100 512000 2098252 605397 51126
0b00c801 0b00cf01 10000 100 10485760 1860691 888852 883287
0b006d01 0b002001 10000 100 2097152 1458763 1305464 188068
0b001501 0b011c01 10000 100 2097152 1468693 1318167 188068
0b00de01 0b00a901 10000 100 2097152 847943 1942234 188068
0b010401 0b005801 10000 100 1048576 1971922 826102 100154
0b005601 0b000701 10000 100 1048576 1002115 1800704 100154
0b008901 0b00e201 10000 100 2097152 352511 2469710 188068
0b011f01 0b012501 10000 100 2097152 2320885 505965 184028
0b005101 0b010901 10000 100 2097152 147238 2699597 188068
0b007901 0b013101 10000 100 1048576 1255756 1594566 100154
0b005e01 0b003301 10000 100 512000 1624447 1242732 55166
0b002d01 0b00f301 10000 100 2097152 2368340 546646 188068
0b009a01 0b004c01 10000 100 1048576 1592302 1325583 100154
0b013e01 0b011f01 10000 100 5242880 1267986 1665786 447763
0b004201 0b012301 10000 100 2097152 1061232 1942874 188068
0b00f501 0b00fb01 10000 100 20000000 1295923 1713651 1680960
0b007b01 0b011f01 10000 100 1048576 1956249 1083926 100154
0b00cd01 0b00e401 10000 100 1048576 2377385 681310 96114
0b00df01 0b002f01 10000 100 1048576 1435812 1656568 100154
0b004e01 0b010001 10000 100 1048576 2185639 915658 100154
0b00f801 0b008101 10000 100 2097152 678010 2445472 188068
0b006d01 0b009a01 10000 100 2097152 1935882 1199325 188068
0b00ac01 0b002101 10000 100 1048576 842547 2313475 100154
0b010a01 0b012d01 10000 100 5242880 732952 2453798 447763
0b011601 0b005401 10000 100 512000 2294711 896325 55166
0b00cb01 0b004401 10000 100 512000 2347984 894726 55166
0b003401 0b00c201 10000 100 512000 2280997 967439 55166
0b007401 0b003801 10000 100 2097152 1344177 1943068 188068
0b012a01 0b00de01 10000 100 2097152 1648427 1667979 188068
0b002a01 0b00c201 10000 100 2097152 1330329 2018157 188068
0b00b301 0b009401 10000 100 2097152 1823495 1556967 184028
0b00bf01 0b00d301 10000 100 5242880 503816 2911926 451803
0b010201 0b008601 10000 100 2097152 1056071 2456055 188068
0b002c01 0b005601 10000 100 2097152 2316134 1204617 188068
0b00c401 0b003701 10000 100 2097152 242285 3321170 188068
0b000801 0b004601 10000 100 512000 2374876 1192922 55166
0b004301 0b007b01 10001 100 5242880 1239925 2400669 447763
0b00ec01 0b004901 10000 100 5242880 690581 2962256 451803
0b001001 0b003101 10000 100 2097152 2233343 1425764 184028
0b00b101 0b013a01 10000 100 1048576 1775888 1894062 100154
0b00c601 0b012201 10000 100 2097152 1637292 2043753 188068
0b00e801 0b010f01 10000 100 5242880 9113 3676934 451803
0b010a01 0b013801 10000 100 2097152 2241727 1446574 184028
0b010701 0b00bb01 10000 100 1048576 1822690 1883671 100154
0b003901 0b00c901 10000 100 1048576 583926 3172310 100154
0b011601 0b002301 10000 100 1048576 2288203 1471173 100154
0b005101 0b005c01 10000 100 20000000 2041436 1726584 1680960
0b002101 0b007f01 10000 100 2097152 2096376 1682352 188068
0b00ed01 0b002801 10000 100 512000 2347570 1461131 55166
0b010101 0b002001 10000 100 1048576 2294023 1527046 100154
0b013101 0b002b01 10000 100 1048576 355933 3536882 100154
0b00c801 0b005901 10000 100 2097152 1082375 2843930 188068
0b00cb01 0b00bc01 10000 100 2097152 2158899 1768690 188068
0b003101 0b00e201 10000 100 2097152 2290740 1649602 188068
0b00b001 0b00b101 10000 100 20000000 2151510 1791013 1680960
0b00bc01 0b00d501 10000 100 1048576 1128841 2857845 100154
0b003901 0b002a01 10000 100 2097152 1415414 2574096 184028
0b011401 0b004301 10000 100 1048576 1696327 2393146 100154
0b008001 0b00e201 10000 100 2097152 1610515 2480669 188068
0b001d01 0b000401 10000 100 2097152 811287 3284140 184028
0b00b101 0b005601 10000 100 1048576 2309720 1820841 100154
0b00bb01 0b010401 10000 100 1048576 1862123 2275588 100154
0b008001 0b00a601 10000 100 10485760 775261 3364618 887327
0b00f701 0b00e001 10000 100 10485760 942020 3230274 887327
0b00a201 0b00cc01 10000 100 5242880 439101 3761069 451803
0b009b01 0b010701 10000 100 1048576 1299688 2903368 100154
0b007b01 0b004201 10000 100 1048576 1281215 2940633 96114
0b007a01 0b011a01 10000 100 5242880 92886 4139778 451803
0b000301 0b001701 10000 100 2097152 2053039 2249557 184028
0b00a701 0b004601 10000 100 1048576 2358681 1953920 100154
0b011001 0b00ea01 10000 100 2097152 1008692 3399932 188068
0b012501 0b00bc01 10000 100 1048576 2226977 2183490 100154
0b006301 0b00b701 10000 100 1048576 1476707 2954611 100154
0b011501 0b00d801 10000 100 5242880 1298724 3271704 451803
0b007b01 0b002e01 10000 100 10485760 849971 3743351 891367
0b005d01 0b00a201 10000 100 2097152 365453 4240510 188068
0b005001 0b008901 10000 100 1048576 1397903 3225613 100154
0b011e01 0b012701 10000 100 2097152 2146980 2484734 184028
0b009401 0b001301 10000 100 2097152 2186430 2459321 188068
0b00bc01 0b000d01 10000 100 1048576 2346897 2309613 100154
0b009c01 0b010301 10000 100 1048576 2287461 2454975 100154
0b006401 0b009201 10000 100 10485760 1950611 2816667 891367
0b011601 0b00c301 10000 100 10485760 354461 4473363 891367
0b010101 0b000201 10000 100 5242880 2117889 2735955 451803
0b002d01 0b007801 10000 100 2097152 2137665 2768815 188068
0b00c101 0b008701 10000 100 2097152 1374821 3543614 188068
0b00e201 0b00f001 10000 100 10485760 79362 4954124 887327
0b000101 0b005101 10000 100 5242880 1967553 3074769 451803
0b00b401 0b002501 10000 100 5242880 269869 4875748 451803
0b002801 0b011301 10000 100 5242880 2114715 3040548 451803
0b006b01 0b008601 10000 100 1048576 1992813 3230323 100154
0b010e01 0b002601 10000 100 2097152 2113705 3110356 188068
0b004d01 0b005401 10000 100 10485760 854041 4378928 887327
0b004f01 0b00dd01 10000 100 5242880 696730 4540292 451803
0b00b701 0b006101 10000 100 10485760 976225 4426806 891367
0b000001 0b004701 10000 100 5242880 994536 4414788 451803
0b007b01 0b003101 10000 100 5242880 924787 4532855 451803
0b001e01 0b006801 10000 100 5242880 1095803 4379747 451803
0b00e401 0b00fa01 10000 100 20000000 314831 5180815 1685000
0b004a01 0b007301 10000 100 10485760 1820035 3708067 887327
0b010101 0b00cf01 10000 100 2097152 508929 5031145 188068
0b002e01 0b000201 10000 100 20000000 1497812 4113246 1685000
0b005601 0b010401 10000 100 5242880 2136362 3494190 451803
0b008c01 0b007e01 10000 100 5242880 1533319 4192287 451803
0b006401 0b008001 10000 100 2097152 2311745 3441123 188068
0b003401 0b000a01 10000 100 20000000 1171984 4628109 1685000
0b013e01 0b00f901 10000 100 2097152 1121664 4680040 188068
0b001f01 0b002f01 10000 100 2097152 1968882 3863046 184028
0b010e01 0b008901 10000 100 2097152 1754193 4120534 188068
0b00ec01 0b002601 10000 100 5242880 236022 5685832 451803
0b00b201 0b013f01 10000 100 5242880 143548 5973726 451803
0b006c01 0b003701 10000 100 2097152 2154484 3963545 188068
0b009a01 0b00f101 10000 100 5242880 1288358 4864556 451803
0b00f601 0b008f01 10000 100 10485760 301472 5853998 891367
0b003a01 0b002301 10000 100 10485760 1804559 4353798 887327
0b00db01 0b00c301 10000 100 10485760 2171240 3987955 887327
0b001b01 0b011601 10000 100 5242880 2223797 3964963 451803
0b002901 0b009e01 10000 100 2097152 2181972 4012846 188068
0b009101 0b004101 10000 100 2097152 1266809 4963559 188068
0b011601 0b004401 10000 100 2097152 1423954 4823524 188068
0b00a501 0b002601 10000 100 2097152 2258748 4001392 188068
0b009a01 0b003201 10000 100 10485760 227421 6043637 891367
0b000d01 0b002301 10000 100 20000000 508761 5781412 1685000
0b013b01 0b00fc01 10000 100 1048576 1271187 5134405 100154
0b00b301 0b007d01 10000 100 10485760 2098450 4411091 891367
0b013301 0b00e401 10000 100 20000000 245821 6269517 1689040
0b00e101 0b011101 10000 100 2097152 1762064 4765208 188068
0b00c601 0b002d01 10000 100 2097152 1095126 5446805 188068
0b00f401 0b00dc01 10000 100 10485760 443556 6122498 887327
0b007801 0b00f501 10000 100 20000000 47972 6521705 1689040
0b010001 0b003701 10000 100 2097152 2011206 4587102 188068
0b00fb01 0b003701 10000 100 10485760 2219731 4411624 891367
0b00ad01 0b006601 10000 100 10485760 98908 6556976 891367
0b005501 0b00e201 10000 100 5242880 1519064 5343643 451803
0b009d01 0b007b01 10000 100 5242880 762665 6114454 451803
0b012701 0b000401 10000 100 20000000 1417414 5474131 1689040
0b00d101 0b001e01 10000 100 20000000 630997 6273785 1689040
0b013101 0b00e301 10000 100 10485760 635847 6332062 891367
0b008901 0b002e01 10000 100 2097152 2200492 4781799 188068
0b001d01 0b003501 10000 100 20000000 1429579 5638433 1685000
0b008601 0b00aa01 10000 100 10485760 317083 6776753 887327
0b007a01 0b00e701 10000 100 20000000 277965 6937494 1689040
0b011001 0b00db01 10000 100 10485760 2309816 5002861 891367
0b00f001 0b004e01 10000 100 5242880 1351009 6182027 451803
0b00b401 0b00a301 10000 100 5242880 2087028 5448002 447763
0b005201 0b00a401 10000 100 2097152 1688066 5850451 188068
0b000501 0b008801 10000 100 5242880 2275201 5326266 451803
0b004301 0b007b01 10000 100 5242880 727305 6909982 447763
0b007e01 0b013a01 10000 100 2097152 1304253 6350481 188068
0b013e01 0b005001 10000 100 5242880 682676 6981382 451803
0b011e01 0b008901 10000 100 5242880 669664 7102387 451803
0b003c01 0b000d01 10000 100 20000000 1237318 6632395 1685000
0b00d101 0b004501 10000 100 10485760 1087559 6801142 891367
0b013801 0b001c01 10000 100 10485760 1375946 6658097 891367
0b007c01 0b009301 10000 100 2097152 1380446 6705444 188068
0b004d01 0b008801 10000 100 10485760 797404 7379318 891367
0b007301 0b004001 10000 100 10485760 1090107 7113496 887327
0b003201 0b008d01 10000 100 10485760 1734976 6533818 891367
0b00f601 0b003a01 10000 100 20000000 683031 7598634 1689040
0b005c01 0b013f01 10000 100 5242880 363563 7936691 451803
0b00e801 0b00dc01 10000 100 10485760 1878076 6496779 887327
0b00ca01 0b009f01 10000 100 5242880 2011375 6373455 451803
0b00a601 0b005101 10000 100 20000000 550161 7873342 1689040
0b00c701 0b008301 10000 100 5242880 2189084 6253687 451803
0b008901 0b00bc01 10000 100 10485760 2139461 6385036 887327
0b009801 0b002a01 10000 100 10485760 101798 8494394 891367
0b007b01 0b004e01 10000 100 5242880 358447 8270109 447763
0b00e501 0b011501 10000 100 20000000 512229 8121894 1689040
0b000901 0b003a01 10000 100 5242880 1126086 7508091 447763
0b00e701 0b013b01 10000 100 20000000 1516142 7138950 1689040
0b00c701 0b00fc01 10000 100 20000000 911061 7751271 1685000
0b012801 0b001e01 10000 100 20000000 500089 8204222 1689040
0b013c01 0b004801 10000 100 10485760 1361868 7379821 891367
0b001d01 0b003b01 10000 100 20000000 1539819 7214021 1685000
0b004501 0b003d01 10000 100 5242880 443464 8400634 451803
0b010d01 0b004a01 10000 100 5242880 2056768 6852340 451803
0b001001 0b00f201 10000 100 10485760 2071866 6887445 891367
0b006101 0b00ee01 10000 100 20000000 1975937 7004162 1689040
0b00e101 0b00f501 10000 100 20000000 277348 8741333 1685000
0b002301 0b00aa01 10000 100 10485760 2292441 6726398 891367
0b002201 0b00d001 10000 100 20000000 627408 8412397 1689040
0b004101 0b011301 10000 100 10485760 240671 8895514 891367
0b000b01 0b010f01 10000 100 20000000 2092231 7097955 1689040
0b001501 0b000101 10000 100 20000000 321356 8879659 1685000
0b009701 0b004601 10000 100 20000000 1235189 8031640 1689040
0b010301 0b005801 10000 100 10485760 468030 8837846 891367
0b00c601 0b009401 10000 100 20000000 1630174 7684835 1689040
0b007601 0b001601 10000 100 5242880 2223072 7092527 451803
0b00c101 0b009801 10000 100 10485760 1809080 7532997 891367
0b00dc01 0b009901 10000 100 20000000 2013861 7434142 1689040
0b012101 0b005b01 10000 100 20000000 2147390 7325206 1689040
0b010501 0b006301 10000 100 10485760 1360771 8132780 891367
0b00b001 0b010101 10000 100 20000000 886191 8651435 1689040
0b006001 0b013d01 10000 100 5242880 1716394 7871447 451803
0b011101 0b012101 10000 100 20000000 957475 8633272 1685000
0b000901 0b008801 10000 100 10485760 1714697 7907577 891367
0b00e101 0b00a401 10000 100 10485760 1395806 8232359 891367
0b00c001 0b001f01 10000 100 5242880 1017649 8768195 451803
0b006601 0b009e01 10000 100 10485760 794602 9017795 891367
0b004d01 0b00ef01 10000 100 5242880 1987197 7886773 451803
0b009d01 0b012901 10000 100 5242880 1519144 8404239 451803
0b000d01 0b011401 10000 100 5242880 2338724 7603354 451803
0b011001 0b002001 10000 100 10485760 1922211 8057649 891367
0b002101 0b001401 10000 100 20000000 1916100 8089904 1685000
0b00b001 0b005d01 10000 100 10485760 780580 9269984 891367
0b00c301 0b008301 10000 100 5242880 2009822 8187677 451803
0b005e01 0b003201 10000 100 10485760 694070 9530766 891367
0b003001 0b010f01 10000 100 20000000 2364950 7875183 1689040
0b012501 0b009b01 10000 100 5242880 2014576 8266737 451803
0b00d901 0b012e01 10000 100 20000000 611169 9710150 1689040
0b009701 0b003401 10000 100 5242880 1894342 8455932 451803
0b000c01 0b003901 10000 100 20000000 512661 9857605 1685000
0b00ec01 0b00cb01 10000 100 20000000 1644075 8759607 1685000
0b006601 0b004301 10000 100 10485760 1303274 9107083 887327
0b00d401 0b007201 10000 100 10485760 200670 10239426 891367
0b010a01 0b004701 10000 100 10485760 2380478 8109035 891367
0b013f01 0b007201 10000 100 2097152 1182188 9328333 188068
0b010a01 0b003c01 10000 100 10485760 526221 10046864 891367
0b00e101 0b006101 10000 100 20000000 181952 10437998 1689040
0b002101 0b00ba01 10000 100 20000000 700421 9959661 1689040
0b012601 0b006401 10000 100 5242880 1132252 9565303 451803
0b013a01 0b012001 10000 100 20000000 1910250 8811578 1685000
0b011b01 0b010001 10000 100 10485760 1940164 8791741 887327
0b006601 0b00ba01 10000 100 5242880 820542 9974702 451803
0b005501 0b010701 10000 100 10485760 395847 10420104 891367
0b00c601 0b001301 10000 100 20000000 1297139 9536625 1689040
0b012801 0b010f01 10000 100 20000000 83905 10820130 1685000
0b00c101 0b00a001 10000 100 20000000 569867 10356869 1689040
0b001f01 0b008001 10000 100 20000000 538203 10508949 1689040
0b013a01 0b00b701 10000 100 20000000 1254473 9930551 1689040
0b00c701 0b00ac01 10000 100 10485760 2199927 9062626 891367
0b009701 0b00f601 10000 100 20000000 1276156 10146941 1689040
0b013701 0b012b01 10000 100 20000000 338110 11091337 1685000
0b008a01 0b011b01 10000 100 20000000 474901 11000872 1689040
0b002901 0b003f01 10000 100 5242880 1908956 9694268 447763
0b010d01 0b004001 10000 100 5242880 1947940 9665622 451803
0b005c01 0b00f001 10000 100 10485760 128172 11532539 891367
0b002201 0b007901 10000 100 20000000 1685588 10054785 1689040
0b00f201 0b005601 10000 100 5242880 648680 11160120 451803
0b00e601 0b002601 10000 100 20000000 567402 11282602 1689040
0b013401 0b011601 10000 100 10485760 570411 11290794 887327
0b003c01 0b005301 10000 100 20000000 1149864 10791974 1689040
0b006901 0b00ad01 10000 100 10485760 267377 11695284 891367
0b00ee01 0b013501 10000 100 10485760 102632 11867284 891367
0b001301 0b011401 10000 100 10485760 1254789 10777303 891367
0b00d501 0b013a01 10000 100 10485760 1202205 10837818 891367
0b011301 0b000001 10000 100 20000000 445009 11634113 1689040
0b00fd01 0b012901 10000 100 5242880 1811562 10288629 451803
0b00f201 0b008001 10000 100 20000000 1618152 10590598 1689040
0b001801 0b00a101 10000 100 20000000 1375188 10881847 1689040
0b009601 0b00d601 10000 100 20000000 1874804 10393773 1689040
0b002501 0b009c01 10000 100 10485760 471483 11876489 891367
0b00dc01 0b00ed01 10000 100 20000000 2133039 10217393 1685000
0b003a01 0b001a01 10000 100 20000000 1475287 10916415 1685000
0b008001 0b002b01 10000 100 20000000 1416181 11085716 1689040
0b00ca01 0b010101 10000 100 20000000 339116 12247892 1689040
0b013601 0b001d01 10000 100 10485760 2223264 10430914 891367
0b005901 0b00a401 10000 100 20000000 464490 12293621 1689040
0b00d001 0b009d01 10000 100 5242880 1626712 11152567 451803
0b007d01 0b00db01 10000 100 20000000 652510 12168823 1689040
0b004601 0b012d01 10000 100 20000000 1401834 11420155 1689040
0b00ac01 0b009901 10000 100 20000000 1104759 11758320 1685000
0b001b01 0b00b201 10000 100 20000000 166785 12708023 1689040
0b011c01 0b006801 10000 100 20000000 794704 12098994 1689040
0b007901 0b011801 10000 100 5242880 889199 12031917 451803
0b000a01 0b008601 10000 100 20000000 2350824 10588616 1689040
0b009001 0b004801 10000 100 20000000 1373829 11593919 1689040
0b006201 0b00e201 10000 100 20000000 131446 12882965 1689040
0b00bd01 0b013d01 10000 100 10485760 2359700 10800747 891367
0b005701 0b004501 10000 100 20000000 1815456 11378410 1685000
0b007f01 0b004801 10000 100 5242880 1881141 11382941 447763
0b002001 0b00aa01 10000 100 10485760 34467 13297750 891367
0b00b801 0b002e01 10000 100 20000000 525877 12822478 1689040
0b003601 0b011701 10000 100 10485760 415135 12946734 891367
0b009501 0b00f001 10000 100 20000000 2285697 11121091 1689040
0b005d01 0b00f901 10000 100 20000000 2035243 11381045 1689040
0b004c01 0b008701 10000 100 10485760 1141541 12319613 891367
0b00d001 0b000101 10000 100 5242880 2012078 11455140 451803
0b00f101 0b011e01 10000 100 20000000 1983771 11555931 1689040
0b013a01 0b00b401 10000 100 20000000 1276346 12324605 1689040
0b00aa01 0b002c01 10000 100 10485760 450260 13270281 891367
0b013501 0b00b001 10000 100 20000000 2326687 11575051 1689040
0b001501 0b00cd01 10000 100 20000000 183837 13734372 1689040
0b00ed01 0b004701 10000 100 10485760 1453939 12483905 891367
0b00af01 0b004101 10000 100 20000000 1342901 12700087 1689040
0b003d01 0b013301 10000 100 10485760 1192230 12938020 891367
0b010501 0b00a101 10000 100 20000000 115563 14023763 1689040
0b010601 0b005601 10000 100 10485760 1901677 12308471 891367
0b000101 0b008e01 10000 100 10485760 1962568 12290995 891367
0b00c701 0b00e801 10000 100 20000000 311926 13955744 1685000
0b009601 0b012401 10000 100 20000000 867023 13454799 1689040
0b00e201 0b012001 10000 100 20000000 782917 13550083 1689040
0b010501 0b00b701 10000 100 20000000 854062 13516765 1689040
0b011701 0b00e201 10000 100 20000000 1487947 12908710 1689040
0b010d01 0b001e01 10000 100 20000000 405427 14092282 1689040
0b00a801 0b007f01 10000 100 20000000 801593 13707325 1689040
0b00cd01 0b013101 10000 100 20000000 2312086 12224839 1689040
0b009501 0b007901 10000 100 20000000 1355738 13220352 1689040
0b006701 0b008301 10000 100 20000000 1704928 12875986 1689040
0b000901 0b011b01 10000 100 20000000 1117259 13653412 1689040
0b010a01 0b00b201 10000 100 20000000 456654 14330182 1689040
0b007c01 0b00d801 10000 100 20000000 404406 14391262 1689040
0b006a01 0b00cb01 10000 100 20000000 1503793 13394324 1689040
0b005b01 0b010101 10000 100 20000000 1342923 13638581 1689040
0b004701 0b003401 10000 100 20000000 2297286 12728234 1689040
0b003501 0b00c701 10000 100 20000000 271151 14801383 1689040
0b000e01 0b00e001 10000 100 20000000 1756413 13439277 1689040
0b006701 0b010001 10000 100 20000000 348200 14870896 1689040
0b00b301 0b006b01 10000 100 10485760 657319 14644589 891367
0b00fd01 0b00cc01 10000 100 20000000 865043 14489174 1685000
0b003b01 0b008301 10000 100 10485760 1767015 13597555 891367
0b008201 0b004601 10000 100 10485760 224465 15201225 891367
0b00cd01 0b011901 10000 100 20000000 357621 15163576 1689040
0b000b01 0b003601 10000 100 20000000 541723 15096162 1685000
0b009d01 0b00c601 10000 100 20000000 485537 15167216 1689040
0b00e901 0b008801 10000 100 10485760 1588145 14078455 891367
0b003e01 0b000601 10000 100 20000000 1862743 13910907 1685000
0b013b01 0b00a901 10000 100 20000000 2118132 13708790 1689040
0b006401 0b001901 10000 100 20000000 905458 14931144 1689040
0b00c901 0b00a501 10000 100 20000000 185204 15741174 1689040
0b000c01 0b012201 10000 100 20000000 2336107 13593673 1689040
0b010301 0b009801 10000 100 20000000 1403841 14530109 1689040
0b009c01 0b010c01 10000 100 20000000 1053775 14942279 1689040
0b005c01 0b00a801 10000 100 20000000 1165760 14910598 1689040
0b012a01 0b00c901 10001 100 5242880 2044746 14073362 451803
0b009f01 0b005d01 10000 100 10485760 497748 15702784 891367
0b003301 0b004e01 10000 100 5242880 1909775 14312020 451803
0b011301 0b004301 10000 100 20000000 871784 15391474 1689040
0b00f101 0b00a601 10000 100 20000000 1906621 14371231 1689040
0b000901 0b013101 10000 100 20000000 541509 15751393 1689040
0b004b01 0b003201 10000 100 20000000 1147257 15205382 1689040
0b004d01 0b012301 10000 100 20000000 1545102 14872484 1689040
0b00f701 0b002301 10000 100 10485760 2302406 14176376 891367
0b010601 0b000f01 10000 100 10485760 1121552 15624952 891367
0b005b01 0b010d01 10000 100 20000000 2095024 14910925 1689040
0b00a301 0b013401 10000 100 20000000 300010 16796783 1689040
0b00eb01 0b003001 10000 100 20000000 2283479 14842979 1689040
0b000701 0b012201 10000 100 20000000 1157966 16110787 1689040
0b003b01 0b013601 10000 100 20000000 1907424 15404098 1689040
0b009801 0b007101 10000 100 10485760 785121 16808979 891367
0b00bf01 0b013901 10000 100 20000000 907662 16700798 1689040
0b011901 0b000601 10000 100 20000000 350466 17308041 1689040
0b012701 0b00c001 10000 100 20000000 1418533 16290906 1689040
0b00b601 0b00c401 10000 100 20000000 470591 17244194 1689040
0b010101 0b00da01 10000 100 20000000 307281 17445073 1689040
0b00b601 0b005101 10000 100 10485760 884562 16885682 891367
0b009501 0b013f01 10000 100 10485760 871070 16934632 891367
0b006d01 0b001701 10000 100 20000000 2030723 15852219 1689040
0b007e01 0b013701 10000 100 20000000 1926221 16128473 1689040
0b007801 0b002501 10000 100 20000000 2310968 15766650 1689040
0b012401 0b002301 10000 100 20000000 2355199 15810229 1689040
0b009f01 0b006601 10000 100 20000000 719683 17458615 1689040
0b005b01 0b003301 10000 100 20000000 1651354 16638622 1689040
0b00f601 0b000d01 10000 100 20000000 1969067 16790521 1689040
0b00cd01 0b006f01 10000 100 10485760 1440209 17460517 891367
0b011801 0b000d01 10000 100 20000000 933181 18280519 1689040
0b009b01 0b003801 10000 100 10485760 573572 18663316 891367
0b009401 0b011401 10000 100 10485760 541736 18738525 891367
0b013601 0b000f01 10000 100 20000000 1070828 18229762 1689040
0b000e01 0b00cc01 10000 100 20000000 954126 18468315 1689040
0b00bb01 0b00c901 10000 100 20000000 293175 19142938 1689040
0b004601 0b009001 10000 100 20000000 1970350 17670959 1689040
0b011a01 0b005801 10000 100 10485760 712472 19106501 891367
0b009d01 0b005901 10000 100 10485760 2144141 17889404 891367
0b011701 0b004d01 10000 100 20000000 756115 19548935 1689040
0b00ac01 0b005901 10000 100 10485760 2055856 18703878 891367
0b00c501 0b000201 10000 100 20000000 1729234 20295054 1689040
0b00c601 0b005a01 10000 100 20000000 1444261 20593251 1689040
0b003701 0b005401 10000 100 20000000 1245809 21213596 1689040
0b009201 0b005c01 10000 100 20000000 2219070 21259722 1689040
