0b007001 0b003401 10000 100 2048 6027 8178 8207
0b005101 0b003301 10000 100 2048 14403 8178 8207
0b007c01 0b006f01 10000 100 51200 21095 10242 10267
0b009a01 0b000b01 10000 100 512000 4725 29594 29583
0b000101 0b006101 10000 100 5120 41211 8307 8336
0b008c01 0b003f01 10000 100 51200 41299 10338 10267
0b008601 0b007301 10000 100 102400 39263 12613 12413
0b009401 0b002401 10000 100 2048 54614 8178 8207
0b009201 0b007401 10000 100 1024 65726 8160 8164
0b005401 0b000701 10000 100 10240 66637 8521 8550
0b007f01 0b004401 10000 100 102400 70991 14548 12413
0b005301 0b004b01 10000 100 102400 76066 12611 12413
0b009501 0b006401 10000 100 51200 79905 10242 10267
0b004b01 0b001901 10000 100 512000 64349 29846 29583
0b006b01 0b008901 10000 100 10240 86324 9145 8550
0b008701 0b006e01 10000 100 204800 78842 17376 16705
0b009101 0b004401 10000 100 102400 90997 12392 12413
0b007201 0b008901 10000 100 512000 77666 30025 29583
0b005101 0b000a01 10000 100 102400 99443 12392 12413
0b001901 0b006201 10000 100 512000 82642 30110 29583
0b007101 0b009301 10000 100 102400 101973 12398 12413
0b002f01 0b006201 10000 100 51200 104298 10438 10267
0b007301 0b006001 10000 100 2097152 20224 96398 96034
0b001201 0b001a01 10000 100 102400 109721 8348 8373
0b005301 0b004b01 10001 100 102400 107966 12392 12413
0b001f01 0b005e01 10000 100 10240 113156 8521 8550
0b004301 0b006101 10000 100 1048576 73852 52150 52077
0b003b01 0b003601 10000 100 2097152 36751 92128 91994
0b002401 0b004001 10000 100 51200 120772 10242 10267
0b009501 0b003d01 10000 100 512000 101354 30313 29583
0b009301 0b005c01 10000 100 51200 122402 10242 10267
0b003a01 0b005e01 10000 100 20480 125427 8951 8979
0b001101 0b000001 10000 100 102400 123806 16970 12413
0b004a01 0b006401 10000 100 5120 141960 8307 8336
0b009c01 0b003301 10000 100 51200 145277 12442 10267
0b004701 0b005001 10000 100 10240 149220 8562 8550
0b006001 0b009c01 10000 100 102400 151917 12624 12413
0b001501 0b001b01 10000 100 1048576 117925 48087 48037
0b004601 0b002501 10000 100 51200 165307 10242 10267
0b008601 0b001d01 10000 100 1024 175740 8135 8164
0b004901 0b004801 10000 100 204800 172920 12648 12665
0b000301 0b005e01 10000 100 102400 173482 12392 12413
0b001101 0b004301 10000 100 10240 177397 8845 8550
0b001e01 0b006b01 10000 100 51200 182182 10242 10267
0b009c01 0b001601 10000 100 1048576 142219 54489 52077
0b009a01 0b002601 10000 100 10240 189287 8539 8550
0b000c01 0b007401 10000 100 51200 186548 12554 10267
0b007b01 0b009101 10000 100 512000 138094 63418 29583
0b007a01 0b001401 10000 100 2097152 97850 105100 96034
0b002901 0b008b01 10000 100 20480 211613 9271 8979
0b004601 0b003201 10000 100 10240 225831 8537 8550
0b007801 0b003b01 10000 100 2048 232754 8240 8207
0b004501 0b005c01 10000 100 5120 235595 8307 8336
0b003501 0b000201 10000 100 1048576 192592 52131 52077
0b001e01 0b005901 10000 100 20480 235292 10608 8979
0b000401 0b009501 10000 100 204800 213811 32577 16705
0b001c01 0b000f01 10000 100 20480 239742 9762 8979
0b002601 0b007001 10000 100 102400 242236 12413 12413
0b006f01 0b008b01 10000 100 204800 237658 18845 16705
0b007d01 0b009e01 10000 100 51200 250345 10564 10267
0b005901 0b002101 10000 100 204800 238218 25345 16705
0b009001 0b008301 10000 100 5242880 37350 228329 227901
0b006b01 0b008501 10000 100 512000 238327 29813 29583
0b009101 0b008c01 10000 100 1048576 218474 54290 52077
0b004f01 0b008901 10000 100 1024 264812 8146 8164
0b003d01 0b001b01 10000 100 512000 224465 51092 29583
0b000d01 0b008701 10000 100 10240 267129 8737 8550
0b004701 0b007101 10000 100 2097152 176255 101265 96034
0b008501 0b004b01 10000 100 204800 251994 25687 16705
0b005e01 0b003d01 10000 100 20480 269129 9115 8979
0b003901 0b005e01 10000 100 2097152 188089 96227 96034
0b001501 0b005001 10000 100 204800 280058 16718 16705
0b004601 0b001301 10000 100 10240 289244 8667 8550
0b000801 0b002001 10000 100 5120 290801 8358 8336
0b008201 0b006601 10000 100 1048576 249389 52151 52077
0b007b01 0b005001 10000 100 1024 294869 8303 8164
0b003f01 0b001801 10000 100 5242880 37407 270468 227901
0b009301 0b002a01 10000 100 2048 300128 8186 8207
0b000e01 0b009501 10000 100 1048576 207701 100819 52077
0b003f01 0b002101 10000 100 1048576 215622 94221 52077
0b002801 0b009101 10000 100 2097152 214076 100028 96034
0b008a01 0b007d01 10000 100 51200 309412 10876 10267
0b002c01 0b004901 10000 100 204800 304554 16692 16705
0b009501 0b007f01 10000 100 2097152 147077 177505 96034
0b000f01 0b001901 10000 100 2048 316415 9006 8207
0b000401 0b002301 10000 100 512000 308448 30146 29583
0b007f01 0b001001 10000 100 10240 330714 8521 8550
0b005501 0b008701 10000 100 102400 326094 13820 12413
0b005901 0b008d01 10000 100 2097152 161447 181827 96034
0b008401 0b008001 10000 100 10240 339486 4502 4510
0b006401 0b003e01 10000 100 2048 337855 8194 8207
0b003001 0b009f01 10000 100 5242880 117695 228521 227901
0b007801 0b003701 10000 100 512000 295338 51095 29583
0b008301 0b001501 10000 100 5120 344376 8307 8336
0b000e01 0b004201 10000 100 20480 353079 8983 8979
0b005b01 0b009001 10000 100 2048 355179 8188 8207
0b008801 0b009c01 10000 100 204800 347353 16694 16705
0b009901 0b001301 10000 100 512000 328552 37507 29583
0b007d01 0b001201 10000 100 5120 358502 8496 8336
0b004b01 0b008601 10000 100 1024 360974 8202 8164
0b009701 0b004701 10000 100 5120 365887 8431 8336
0b003e01 0b007401 10000 100 204800 343140 33859 16705
0b007e01 0b006901 10000 100 204800 352054 28208 16705
0b007301 0b001201 10000 100 20480 373263 8982 8979
0b006101 0b002b01 10000 100 1048576 334807 52396 52077
0b001701 0b004d01 10000 100 204800 365357 25277 16705
0b003b01 0b000501 10000 100 2048 384270 8198 8207
0b007001 0b007201 10000 100 1048576 350521 48087 48037
0b006701 0b008101 10000 100 512000 354647 51056 29583
0b007d01 0b009501 10000 100 2097152 216101 192625 96034
0b006201 0b007a01 10000 100 1048576 314577 95145 52077
0b006d01 0b006b01 10000 100 204800 396804 18743 12665
0b000f01 0b004301 10000 100 10240 408045 8617 8550
0b003e01 0b008d01 10000 100 5242880 46443 372510 227901
0b006f01 0b003a01 10000 100 51200 419934 10381 10267
0b008001 0b008b01 10000 100 10240 426713 5357 4510
0b000201 0b005c01 10000 100 1048576 378633 53564 52077
0b005401 0b007001 10000 100 1024 424180 8135 8164
0b007b01 0b008b01 10000 100 1048576 282082 150381 52077
0b007901 0b002d01 10000 100 5120 428466 8307 8336
0b005c01 0b004d01 10000 100 512000 392539 51167 29583
0b005e01 0b000c01 10000 100 51200 435493 12299 10267
0b006701 0b001c01 10000 100 102400 436520 16698 12413
0b008601 0b003e01 10000 100 512000 404982 50804 29583
0b005401 0b005d01 10000 100 102400 450784 9776 8373
0b004101 0b000701 10000 100 20480 451968 9061 8979
0b007101 0b005201 10000 100 51200 450226 10856 10267
0b008301 0b005a01 10000 100 10240 453437 9227 8550
0b003701 0b001d01 10000 100 512000 409392 57625 29583
0b003601 0b004b01 10000 100 102400 446376 20983 12413
0b009401 0b009c01 10000 100 2097152 371290 96596 91994
0b001c01 0b005a01 10000 100 51200 457851 16961 10267
0b005301 0b006d01 10000 100 10240 460716 16929 8550
0b007901 0b002601 10000 100 51200 467176 11250 10267
0b005501 0b004701 10000 100 51200 470364 11292 10267
0b001c01 0b009301 10000 100 204800 455590 27407 16705
0b007f01 0b004c01 10000 100 512000 454141 30137 29583
0b003a01 0b005e01 10001 100 1048576 390270 96243 52077
0b006201 0b002c01 10000 100 512000 458493 29610 29583
0b008101 0b006001 10000 100 2048 480121 8222 8207
0b000b01 0b008a01 10000 100 10485760 39384 452966 447683
0b009701 0b005301 10000 100 204800 461897 34330 16705
0b006c01 0b006501 10000 100 51200 491073 11512 6227
0b001001 0b000201 10000 100 2097152 405643 99127 96034
0b001101 0b006d01 10000 100 1048576 400278 107108 52077
0b008601 0b001b01 10000 100 2097152 336351 175678 96034
0b001801 0b001501 10000 100 51200 509003 7248 6227
0b009801 0b002901 10000 100 512000 462114 54639 29583
0b002a01 0b009a01 10000 100 51200 506943 11562 10267
0b001601 0b008901 10000 100 5242880 280484 238805 227901
0b009b01 0b006b01 10000 100 20480 515875 8954 8979
0b009001 0b005e01 10000 100 512000 490859 34066 29583
0b004b01 0b009e01 10000 100 10240 517928 8781 8550
0b007501 0b000401 10000 100 51200 516742 11424 10267
0b007401 0b003401 10000 100 204800 502364 26244 16705
0b006001 0b005601 10000 100 512000 478623 51132 29583
0b005801 0b008601 10000 100 204800 511025 20726 16705
0b002301 0b004601 10000 100 1048576 461708 79258 52077
0b001101 0b002601 10000 100 1048576 445626 96100 52077
0b000801 0b008c01 10000 100 10240 537302 8544 8550
0b005501 0b002f01 10000 100 512000 516391 29594 29583
0b008e01 0b004a01 10000 100 1048576 465398 80881 52077
0b001f01 0b004f01 10000 100 5120 538743 8518 8336
0b005101 0b004001 10000 100 1024 540659 8204 8164
0b005001 0b000b01 10000 100 102400 532754 16676 12413
0b004801 0b000a01 10000 100 512000 513313 44622 29583
0b009601 0b001201 10000 100 1024 549856 8157 8164
0b007c01 0b009a01 10000 100 10485760 51316 517977 447683
0b004201 0b009e01 10000 100 2048 561734 8434 8207
0b003701 0b004b01 10000 100 5242880 251313 322785 227901
0b006c01 0b003701 10000 100 1048576 492228 82886 52077
0b007d01 0b001b01 10000 100 5120 568076 8538 8336
0b009601 0b004301 10000 100 20480 576582 9178 8979
0b006f01 0b004601 10000 100 20480 582342 9077 8979
0b006001 0b009d01 10000 100 5242880 342709 249850 227901
0b008a01 0b007301 10000 100 2097152 388590 220281 96034
0b003201 0b002b01 10000 100 10240 601144 8592 8550
0b005001 0b009401 10000 100 5242880 378240 236500 227901
0b002401 0b005001 10000 100 5120 609100 8334 8336
0b008701 0b003201 10000 100 512000 589918 30000 29583
0b000601 0b002901 10000 100 1048576 469744 150220 52077
0b008b01 0b001d01 10000 100 51200 611940 13138 10267
0b004a01 0b001501 10000 100 102400 613584 13801 12413
0b001e01 0b000401 10000 100 5242880 214846 412573 227901
0b000a01 0b001b01 10000 100 51200 616313 11458 10267
0b002a01 0b009301 10000 100 1048576 543549 88600 52077
0b009b01 0b005101 10000 100 51200 624954 10278 10267
0b002101 0b004501 10000 100 2097152 505881 130397 96034
0b003b01 0b008d01 10000 100 20480 627142 9773 8979
0b000601 0b008101 10000 100 2097152 406345 232676 96034
0b001f01 0b004f01 10001 100 1048576 548686 91729 52077
0b003c01 0b000301 10000 100 102400 622333 19351 12413
0b009901 0b000e01 10000 100 512000 601827 40372 29583
0b001301 0b006901 10000 100 1024 636342 8135 8164
0b007801 0b009e01 10000 100 2097152 473889 172312 96034
0b002a01 0b004401 10000 100 1048576 551563 94696 52077
0b001b01 0b002801 10000 100 5242880 225683 421905 227901
0b000401 0b001001 10000 100 204800 617918 33968 16705
0b003f01 0b008f01 10000 100 1048576 553139 100124 52077
0b008b01 0b007e01 10000 100 1048576 566016 88780 52077
0b003601 0b003301 10000 100 10240 651637 6207 4510
0b009b01 0b005f01 10000 100 5120 655947 8316 8336
0b002801 0b003601 10000 100 51200 662661 12475 10267
0b000301 0b003e01 10000 100 10240 669198 8979 8550
0b001e01 0b000a01 10000 100 5242880 262464 416862 227901
0b001401 0b004e01 10000 100 10485760 235740 448702 447683
0b002f01 0b000b01 10000 100 102400 675384 12411 12413
0b002201 0b001601 10000 100 51200 678947 12064 10267
0b009f01 0b002101 10000 100 51200 679953 12762 10267
0b009301 0b003b01 10000 100 204800 675649 17090 16705
0b005301 0b007201 10000 100 2048 685020 8237 8207
0b000301 0b001201 10000 100 2097152 597452 101235 96034
0b002801 0b003d01 10000 100 10240 695025 8895 8550
0b000a01 0b007201 10000 100 10240 696957 8559 8550
0b004b01 0b002901 10000 100 20480 698633 9306 8979
0b005601 0b001601 10000 100 10485760 225129 485617 447683
0b005501 0b008f01 10000 100 5120 703446 8544 8336
0b007d01 0b002701 10000 100 5242880 422524 291106 227901
0b006b01 0b009501 10000 100 512000 674209 43451 29583
0b009401 0b003601 10000 100 2097152 592984 126012 96034
0b009301 0b001801 10000 100 1024 712203 8326 8164
0b005801 0b009301 10000 100 2048 712336 8735 8207
0b003901 0b008a01 10000 100 204800 707628 20454 16705
0b007801 0b000c01 10000 100 10485760 29522 701177 447683
0b009f01 0b001301 10000 100 1048576 655374 75403 52077
0b001c01 0b006b01 10000 100 1048576 646778 92030 52077
0b009c01 0b009f01 10000 100 51200 731940 7248 6227
0b005f01 0b001801 10000 100 204800 715247 25297 16705
0b000001 0b000601 10000 100 5242880 389901 352565 223861
0b007601 0b007d01 10000 100 512000 697704 47046 25543
0b003101 0b001901 10001 100 512000 682720 64514 29583
0b002301 0b003001 10000 100 5120 739579 8974 8336
0b004901 0b009901 10000 100 2048 742172 8179 8207
0b009001 0b009401 10000 100 1024 746771 4114 4124
0b002801 0b000001 10000 100 204800 724852 27530 16705
0b006201 0b008b01 10000 100 102400 749639 12498 12413
0b003c01 0b001c01 10000 100 2097152 612350 155162 96034
0b006c01 0b005801 10000 100 5242880 509943 258831 227901
0b000101 0b009a01 10000 100 51200 760021 10300 10267
0b004401 0b009301 10000 100 204800 757317 16974 16705
0b002c01 0b001f01 10000 100 1024 762528 11790 8164
0b000f01 0b002801 10000 100 204800 748440 30596 16705
0b009401 0b006901 10000 100 2097152 655722 123806 96034
0b001b01 0b004201 10000 100 5242880 471741 310627 227901
0b002b01 0b005401 10000 100 204800 745374 39368 16705
0b000a01 0b007601 10000 100 51200 774440 10543 10267
0b004f01 0b006a01 10000 100 20480 778475 10793 8979
0b007b01 0b001301 10000 100 5242880 156318 634641 227901
0b004701 0b009701 10000 100 2048 784485 8198 8207
0b005e01 0b007801 10000 100 51200 783366 10281 10267
0b002001 0b000a01 10000 100 102400 775959 21514 12413
0b000c01 0b008e01 10000 100 2097152 642429 158811 96034
0b005d01 0b008301 10000 100 512000 751732 52150 29583
0b009d01 0b005501 10000 100 1024 801613 8135 8164
0b005e01 0b001b01 10000 100 204800 786505 23777 16705
0b000701 0b004e01 10000 100 51200 806384 10826 10267
0b002e01 0b007201 10000 100 1048576 766152 52297 52077
0b000901 0b001201 10000 100 512000 773711 50122 29583
0b004301 0b001201 10000 100 204800 801027 25299 16705
0b007001 0b000c01 10000 100 51200 814929 12119 10267
0b003101 0b001901 10000 100 10485760 217533 618883 447683
0b000801 0b009b01 10000 100 204800 824009 16703 16705
0b006c01 0b007801 10000 100 1024 835062 8135 8164
0b000e01 0b003d01 10000 100 51200 834485 11326 10267
0b000101 0b007501 10000 100 1048576 777002 70486 52077
0b008001 0b004701 10000 100 10485760 150736 699884 447683
0b007a01 0b000801 10000 100 5120 844532 9231 8336
0b000301 0b008e01 10000 100 20480 851583 9002 8979
0b003601 0b005d01 10000 100 5242880 410271 451273 227901
0b004f01 0b000001 10000 100 2097152 673292 189371 96034
0b000001 0b002301 10000 100 5242880 497268 365661 227901
0b009701 0b001001 10000 100 102400 846396 16704 12413
0b005a01 0b001401 10000 100 51200 861204 10335 10267
0b005201 0b006201 10000 100 102400 860156 12516 12413
0b003e01 0b005001 10000 100 204800 843061 30412 16705
0b004301 0b008f01 10000 100 10485760 173809 701266 447683
0b004201 0b007101 10000 100 2097152 594263 284795 96034
0b007001 0b003b01 10000 100 1048576 832222 54249 52077
0b009401 0b003701 10000 100 5120 878980 8343 8336
0b004201 0b007101 10001 100 204800 848401 39582 16705
0b006e01 0b002201 10000 100 2097152 793468 96187 96034
0b006a01 0b003f01 10000 100 5242880 667541 228401 227901
0b004601 0b007e01 10000 100 512000 855764 47546 29583
0b006001 0b000401 10000 100 102400 887286 16737 12413
0b002401 0b002f01 10000 100 20480 902492 4919 4939
0b000901 0b007c01 10000 100 20480 898469 10612 8979
0b005f01 0b009f01 10000 100 5242880 666901 242817 227901
0b000c01 0b003001 10000 100 51200 897317 13970 10267
0b008601 0b005401 10000 100 1048576 711824 200812 52077
0b009901 0b005e01 10000 100 10240 921663 8601 8550
0b007301 0b008f01 10000 100 20480 921466 12147 8979
0b000001 0b008b01 10000 100 5120 928875 8422 8336
0b002f01 0b006101 10000 100 204800 920208 17096 16705
0b000201 0b000b01 10000 100 2097152 844701 94280 91994
0b001801 0b009e01 10000 100 102400 925717 15601 12413
0b000e01 0b004c01 10000 100 512000 888103 59765 29583
0b004201 0b008301 10000 100 5120 941205 8755 8336
0b005201 0b007f01 10000 100 102400 939202 12520 12413
0b005101 0b004901 10000 100 102400 938566 15230 12413
0b004501 0b003e01 10000 100 204800 946933 16906 16705
0b004401 0b006a01 10000 100 51200 955400 10289 10267
0b007901 0b006501 10000 100 2048 955693 18334 8207
0b002501 0b004b01 10000 100 20480 967514 9821 8979
0b008b01 0b005d01 10000 100 1048576 911345 67652 52077
0b006001 0b007d01 10000 100 5242880 751067 235142 227901
0b002201 0b007601 10000 100 1048576 908018 78726 52077
0b005d01 0b003001 10000 100 10485760 488112 499160 447683
0b003f01 0b006901 10000 100 102400 976922 12497 12413
0b008701 0b001001 10000 100 1048576 892546 101634 52077
0b009401 0b001f01 10000 100 1048576 919449 74935 52077
0b006601 0b009101 10000 100 2097152 790194 207049 96034
0b009f01 0b005301 10000 100 102400 986349 17882 12413
0b000301 0b000e01 10000 100 20480 1001411 4978 4939
0b004201 0b005301 10000 100 10485760 176636 831089 447683
0b002001 0b005e01 10000 100 2048 989733 21476 8207
0b007401 0b005c01 10000 100 512000 931014 83296 29583
0b007b01 0b009001 10000 100 51200 996282 19133 10267
0b003601 0b005d01 10001 100 1048576 947959 76596 52077
0b007b01 0b002401 10000 100 5242880 383598 641055 227901
0b004f01 0b003d01 10000 100 5242880 541696 484215 227901
0b005c01 0b006701 10000 100 51200 1016785 10364 10267
0b001401 0b003901 10000 100 1024 1019490 8244 8164
0b007401 0b008801 10000 100 2097152 790056 238289 96034
0b007301 0b005501 10000 100 102400 1011030 17667 12413
0b009301 0b002101 10000 100 1048576 959815 73420 52077
0b007601 0b004101 10000 100 10485760 441363 597203 447683
0b000301 0b005001 10000 100 204800 1013882 26156 16705
0b000901 0b009201 10000 100 1048576 952716 96161 52077
0b008d01 0b009601 10000 100 5242880 366476 683200 227901
0b006101 0b000401 10000 100 512000 973498 76414 29583
0b005c01 0b000f01 10000 100 10240 1045748 10524 8550
0b003201 0b006101 10000 100 2097152 960560 100388 96034
0b001701 0b004d01 10001 100 51200 1051127 12537 10267
0b007f01 0b001b01 10000 100 10240 1055708 9664 8550
0b006a01 0b001401 10000 100 1048576 1013798 52173 52077
0b009701 0b003d01 10000 100 2048 1066309 8236 8207
0b003201 0b009501 10000 100 10240 1065877 8920 8550
0b007f01 0b007e01 10000 100 1048576 972535 102503 48037
0b000401 0b007701 10000 100 1048576 964245 119182 52077
0b007a01 0b008d01 10000 100 512000 1026800 58674 29583
0b007f01 0b006501 10000 100 102400 1058303 27543 12413
0b009b01 0b000d01 10000 100 10240 1083587 8535 8550
0b009801 0b008401 10000 100 10485760 624839 467996 447683
0b001901 0b008401 10000 100 512000 1036671 58202 29583
0b004701 0b004f01 10000 100 512000 1055078 48954 25543
0b009701 0b006f01 10000 100 5120 1100770 8510 8336
0b003b01 0b002001 10000 100 10485760 539354 569978 447683
0b000401 0b002801 10000 100 10485760 408280 707574 447683
0b001401 0b005401 10000 100 51200 1101514 14619 10267
0b009401 0b006d01 10000 100 102400 1104663 14637 12413
0b008801 0b002201 10000 100 102400 1101872 20965 12413
0b005b01 0b001401 10000 100 2048 1117158 8178 8207
0b000901 0b001101 10000 100 20000000 23192 1103374 846520
0b004901 0b005501 10000 100 2048 1123124 8194 8207
0b009801 0b002a01 10000 100 204800 1112455 19092 16705
0b001401 0b004701 10000 100 102400 1129016 12645 12413
0b000001 0b000701 10000 100 5120 1138356 4283 4296
0b003101 0b000701 10000 100 2048 1135350 8229 8207
0b000801 0b008a01 10000 100 5242880 914981 231679 227901
0b000501 0b000201 10000 100 5242880 753647 397912 223861
0b004501 0b001401 10000 100 204800 1142475 16727 16705
0b004801 0b003001 10000 100 102400 1147728 12514 12413
0b004401 0b005301 10000 100 10240 1153874 8625 8550
0b002a01 0b002c01 10000 100 512000 1102038 66107 25543
0b004901 0b006201 10000 100 51200 1161071 10563 10267
0b009f01 0b009501 10000 100 5120 1163593 11811 4296
0b002801 0b007801 10000 100 51200 1171741 12386 10267
0b008a01 0b000201 10000 100 512000 1155484 29654 29583
0b000501 0b008901 10000 100 5242880 800151 401988 227901
0b000301 0b007f01 10000 100 204800 1184492 21472 16705
0b007601 0b005a01 10000 100 10240 1202121 8731 8550
0b008701 0b000101 10000 100 5242880 804479 412352 227901
0b008801 0b001d01 10000 100 20480 1206054 11172 8979
0b009d01 0b004e01 10000 100 5120 1210951 8332 8336
0b009101 0b007c01 10000 100 10485760 537654 685078 447683
0b004a01 0b008601 10000 100 5120 1218165 8788 8336
0b004b01 0b007001 10000 100 2048 1218995 8268 8207
0b006501 0b007a01 10000 100 2097152 805371 423195 96034
0b001101 0b009501 10000 100 1048576 1133401 98507 52077
0b003c01 0b009601 10000 100 102400 1216021 15988 12413
0b009501 0b002101 10000 100 204800 1213744 21549 16705
0b004601 0b009401 10000 100 512000 1172829 68066 29583
0b000f01 0b004d01 10000 100 2097152 1047938 194792 96034
0b000001 0b009a01 10000 100 1024 1239581 8197 8164
0b009301 0b007101 10000 100 1024 1239920 8154 8164
0b007201 0b003e01 10000 100 51200 1231639 16722 10267
0b004e01 0b009d01 10000 100 1024 1241570 8282 8164
0b004c01 0b002901 10000 100 10485760 207330 1044982 447683
0b001a01 0b007101 10000 100 2097152 1145371 107274 96034
0b003801 0b001b01 10000 100 2097152 1077241 175896 96034
0b008001 0b003501 10000 100 204800 1221209 33854 16705
0b007101 0b008501 10000 100 20480 1248923 8957 8979
0b005a01 0b008d01 10000 100 51200 1246502 11481 10267
0b005c01 0b007601 10000 100 20480 1251086 9250 8979
0b006901 0b004b01 10000 100 102400 1251048 14991 12413
0b003501 0b005a01 10000 100 20480 1257649 10637 8979
0b006401 0b006901 10000 100 102400 1258935 11254 8373
0b009701 0b003401 10000 100 20000000 397352 873917 846520
0b006701 0b003101 10000 100 10240 1264626 9815 8550
0b006801 0b004d01 10000 100 1048576 1177227 102982 52077
0b002301 0b007d01 10000 100 1048576 1226251 54047 52077
0b004e01 0b004101 10000 100 20480 1273119 7531 4939
0b004701 0b001701 10000 100 2097152 1100246 184496 96034
0b008201 0b006b01 10000 100 1048576 1231885 53813 52077
0b009f01 0b007301 10000 100 512000 1206276 80140 29583
0b005501 0b007201 10000 100 20480 1273545 13554 8979
0b004501 0b005601 10000 100 20480 1284460 9408 8979
0b003c01 0b000d01 10000 100 5120 1289201 8403 8336
0b003d01 0b002501 10000 100 2048 1292195 8415 8207
0b001001 0b002701 10000 100 51200 1288375 15390 10267
0b006a01 0b005c01 10000 100 2048 1300909 8234 8207
0b005001 0b007a01 10000 100 2097152 1131901 183339 96034
0b002d01 0b004601 10000 100 10485760 762668 554509 447683
0b002b01 0b007401 10000 100 5120 1312166 8410 8336
0b003b01 0b009801 10000 100 1024 1314204 8181 8164
0b007201 0b006a01 10000 100 1048576 1176605 146275 52077
0b002501 0b004801 10000 100 20000000 284258 1038765 846520
0b004301 0b006f01 10000 100 1024 1318935 8168 8164
0b004f01 0b008601 10001 100 1048576 1226965 101111 52077
0b000901 0b001801 10000 100 2097152 1139865 188723 96034
0b003201 0b004101 10000 100 512000 1302219 38939 29583
0b002201 0b005601 10000 100 1024 1329693 11609 8164
0b000001 0b008b01 10001 100 204800 1324319 17017 16705
0b001101 0b000a01 10000 100 102400 1348117 12877 12413
0b001301 0b003f01 10000 100 51200 1349010 12483 10267
0b000901 0b006901 10000 100 512000 1307060 55574 29583
0b006501 0b004901 10000 100 102400 1344403 18349 12413
0b000501 0b005701 10000 100 5120 1359587 8373 8336
0b002f01 0b002601 10000 100 512000 1336734 32606 25543
0b001601 0b003201 10000 100 102400 1357541 12392 12413
0b000b01 0b003c01 10000 100 10240 1367128 8998 8550
0b002701 0b006a01 10000 100 2097152 1186631 190431 96034
0b007001 0b000e01 10000 100 10240 1368875 8927 8550
0b006401 0b003901 10000 100 2097152 1238327 143453 96034
0b006f01 0b001c01 10000 100 1024 1377809 8175 8164
0b000801 0b004f01 10000 100 204800 1362483 24111 16705
0b004201 0b004801 10000 100 2097152 1156008 232825 91994
0b001901 0b001f01 10000 100 512000 1348231 43577 25543
0b006901 0b002201 10000 100 512000 1346434 45990 29583
0b004e01 0b004901 10001 100 51200 1380078 14755 6227
0b001701 0b009401 10000 100 2097152 1265911 132505 96034
0b000601 0b007d01 10000 100 1024 1395345 8197 8164
0b009101 0b000c01 10000 100 2048 1396064 8333 8207
0b002c01 0b001d01 10000 100 512000 1322234 84173 29583
0b006201 0b003f01 10000 100 51200 1396335 13352 10267
0b009401 0b009901 10000 100 2097152 1271266 139046 91994
0b008301 0b006e01 10000 100 5120 1402494 8718 8336
0b005f01 0b005601 10000 100 1048576 1320797 90896 48037
0b004101 0b006601 10000 100 2048 1400219 13006 8207
0b001401 0b008901 10000 100 102400 1401218 12500 12413
0b007a01 0b002b01 10000 100 5120 1413872 8329 8336
0b001401 0b004201 10000 100 10240 1411916 12362 8550
0b009f01 0b008901 10000 100 102400 1405701 21344 12413
0b002c01 0b000301 10000 100 1048576 1284835 143734 52077
0b009401 0b004601 10000 100 2097152 1162237 276536 96034
0b006201 0b004301 10000 100 2097152 1314719 125660 96034
0b006001 0b006a01 10000 100 1048576 1315488 125394 48037
0b002c01 0b002701 10000 100 512000 1369998 74301 25543
0b002901 0b004501 10000 100 512000 1328036 116856 29583
0b004c01 0b001f01 10000 100 51200 1431806 17002 10267
0b001c01 0b004501 10000 100 204800 1409915 39181 16705
0b005901 0b004d01 10000 100 10240 1440689 9012 8550
0b001701 0b007101 10000 100 512000 1414590 39618 29583
0b008d01 0b009c01 10000 100 2097152 1120864 345631 96034
0b004701 0b007601 10000 100 1048576 1370632 96155 52077
0b001b01 0b003d01 10000 100 51200 1453471 14200 10267
0b009a01 0b000901 10000 100 1048576 1422932 53250 52077
0b001f01 0b006001 10000 100 204800 1460790 18330 16705
0b009701 0b000e01 10000 100 102400 1462942 16611 12413
0b004e01 0b003d01 10000 100 204800 1429743 52120 16705
0b002c01 0b003d01 10000 100 5242880 1142587 341760 227901
0b007f01 0b005401 10000 100 512000 1428339 61127 29583
0b006901 0b004f01 10000 100 5242880 861905 629072 227901
0b006301 0b002501 10000 100 51200 1481508 11885 10267
0b007101 0b000f01 10000 100 1048576 1385530 108350 52077
0b001b01 0b004901 10000 100 51200 1484297 12158 10267
0b007401 0b005201 10000 100 10485760 606926 893690 447683
0b005f01 0b002401 10000 100 20480 1494745 9529 8979
0b002101 0b007b01 10000 100 512000 1469475 39330 29583
0b006401 0b002301 10000 100 1024 1503344 8226 8164
0b008701 0b008901 10000 100 20480 1506776 4973 4939
0b002a01 0b004701 10000 100 20480 1504965 9026 8979
0b008301 0b003801 10000 100 512000 1442174 72556 29583
0b002301 0b007901 10000 100 2097152 1331312 184982 96034
0b008b01 0b007001 10000 100 1048576 1451751 65053 52077
0b005b01 0b009301 10000 100 51200 1509212 10253 10267
0b005101 0b005401 10000 100 51200 1518781 7899 6227
0b009d01 0b003c01 10000 100 204800 1499394 29413 16705
0b004e01 0b009b01 10000 100 1048576 1335023 194908 52077
0b001d01 0b008801 10000 100 1024 1509357 22418 8164
0b008a01 0b007e01 10000 100 204800 1507581 31625 16705
0b006701 0b004101 10000 100 5242880 938579 602873 227901
0b009901 0b008201 10000 100 1024 1535836 8178 8164
0b003d01 0b009501 10000 100 1048576 1415124 142633 52077
0b003701 0b005d01 10000 100 5120 1555736 8611 8336
0b004201 0b003401 10000 100 102400 1539041 25768 12413
0b005d01 0b007f01 10000 100 1024 1559234 8172 8164
0b001201 0b006801 10000 100 20000000 423426 1155069 846520
0b002001 0b001e01 10000 100 10485760 456964 1126233 447683
0b000501 0b007401 10000 100 1024 1577657 8176 8164
0b006901 0b009b01 10000 100 204800 1578423 16810 16705
0b002301 0b000401 10000 100 5120 1589303 8692 8336
0b008d01 0b001e01 10000 100 10485760 263111 1335739 447683
0b003d01 0b007a01 10000 100 20000000 12095 1591347 846520
0b005901 0b003901 10000 100 102400 1589602 17691 12413
0b008f01 0b002001 10000 100 5242880 973970 643705 227901
0b002901 0b004401 10000 100 10485760 273279 1345026 447683
0b003501 0b004001 10000 100 2097152 1338255 283050 96034
0b009c01 0b008a01 10000 100 102400 1595903 25521 12413
0b005b01 0b009201 10000 100 204800 1599705 23443 16705
0b005901 0b000e01 10000 100 10485760 1161651 463599 447683
0b009601 0b006501 10000 100 512000 1554526 73924 29583
0b003601 0b004f01 10000 100 10485760 397301 1231793 447683
0b005601 0b005101 10000 100 2097152 1535577 95902 91994
0b006301 0b001401 10000 100 102400 1611145 21575 12413
0b006801 0b004201 10000 100 2097152 1502387 130512 96034
0b008f01 0b002501 10000 100 5242880 1028384 606024 227901
0b007c01 0b003a01 10000 100 102400 1615364 19125 12413
0b001601 0b005401 10000 100 2097152 1385270 258323 96034
0b003801 0b009c01 10000 100 20480 1636010 9940 8979
0b001a01 0b008101 10000 100 204800 1630949 17042 16705
0b005501 0b007d01 10000 100 20480 1635303 12954 8979
0b001b01 0b008a01 10000 100 5120 1640724 8461 8336
0b007f01 0b009801 10000 100 10240 1643612 8841 8550
0b007801 0b008801 10000 100 1048576 1518341 137912 52077
0b004a01 0b008201 10000 100 102400 1642461 14031 12413
0b001001 0b005701 10000 100 20480 1643254 17699 8979
0b004701 0b005e01 10000 100 10485760 1069730 593157 447683
0b004801 0b002c01 10000 100 1024 1657033 8252 8164
0b008701 0b007501 10000 100 5120 1657569 10172 8336
0b007d01 0b007101 10000 100 102400 1662793 8448 8373
0b003d01 0b009801 10000 100 1048576 1565463 106129 52077
0b002b01 0b008401 10000 100 102400 1643017 29579 12413
0b003001 0b001101 10000 100 51200 1659232 16573 10267
0b005301 0b005a01 10000 100 2097152 1464968 214469 91994
0b005a01 0b009d01 10000 100 1048576 1621430 60149 52077
0b009901 0b009201 10000 100 2097152 1488994 194329 91994
0b001801 0b003201 10000 100 10240 1675089 8726 8550
0b009001 0b001701 10000 100 5242880 1315465 369896 227901
0b002501 0b000301 10000 100 5242880 1043108 642729 227901
0b008801 0b008201 10000 100 204800 1657978 29740 12665
0b005301 0b000e01 10000 100 2048 1683157 8200 8207
0b005401 0b000801 10000 100 2097152 1591799 99744 96034
0b008801 0b005a01 10000 100 20000000 393717 1299207 846520
0b007601 0b007d01 10001 100 20480 1689118 5327 4939
0b003e01 0b007301 10000 100 20000000 138982 1556607 846520
0b001c01 0b005601 10000 100 2097152 1421174 277176 96034
0b003701 0b003901 10000 100 20000000 439316 1260416 842480
0b002301 0b003e01 10000 100 102400 1685057 17430 12413
0b009801 0b000701 10000 100 102400 1690021 16468 12413
0b004b01 0b009f01 10000 100 10485760 1149822 558249 447683
0b000701 0b007c01 10000 100 10485760 945949 764224 447683
0b007501 0b003201 10000 100 102400 1693822 16697 12413
0b005001 0b002c01 10000 100 10485760 690737 1026576 447683
0b002b01 0b006601 10000 100 10485760 1006869 711592 447683
0b002b01 0b008a01 10000 100 512000 1621716 97260 29583
0b005701 0b002c01 10000 100 10485760 728628 991995 447683
0b003e01 0b007901 10000 100 2048 1704970 19308 8207
0b000001 0b002701 10000 100 20480 1713743 10786 8979
0b007801 0b007b01 10000 100 2097152 1512279 215931 91994
0b002e01 0b008d01 10000 100 10485760 927954 803066 447683
0b004e01 0b002301 10000 100 5242880 999539 734486 227901
0b004a01 0b005401 10000 100 10485760 794263 943501 447683
0b008f01 0b006401 10000 100 512000 1702287 36552 29583
0b001d01 0b006d01 10000 100 10240 1734335 9685 8550
0b002501 0b002001 10000 100 2097152 1402919 347668 91994
0b002401 0b004601 10000 100 5242880 1415342 337412 227901
0b003101 0b004b01 10000 100 102400 1743231 13916 12413
0b005501 0b001201 10000 100 512000 1691058 68977 29583
0b006c01 0b002201 10000 100 10485760 1036007 726259 447683
0b005701 0b008d01 10000 100 1048576 1610815 153600 52077
0b006e01 0b002001 10000 100 5242880 1147676 620590 227901
0b004b01 0b007201 10000 100 51200 1752656 15837 10267
0b004201 0b001e01 10000 100 1024 1760353 9176 8164
0b009e01 0b005f01 10000 100 512000 1692083 77657 29583
0b000d01 0b001101 10000 100 2097152 1532137 239066 96034
0b002f01 0b002401 10000 100 204800 1733114 38410 12665
0b005f01 0b008001 10000 100 2048 1766727 8227 8207
0b002901 0b001401 10000 100 1048576 1588266 189379 52077
0b002d01 0b000001 10000 100 51200 1770127 14200 10267
0b009101 0b007501 10000 100 1024 1772172 12213 8164
0b003c01 0b005c01 10000 100 512000 1745250 39564 29583
0b005e01 0b006601 10000 100 2048 1778992 8249 8207
0b001e01 0b003d01 10000 100 5120 1775763 12922 8336
0b002901 0b007701 10000 100 5242880 868177 923076 227901
0b007d01 0b002101 10000 100 5120 1782963 8346 8336
0b001801 0b003c01 10000 100 2097152 1577838 220245 96034
0b003c01 0b008001 10000 100 20480 1789388 9351 8979
0b004d01 0b006a01 10000 100 2048 1794674 8333 8207
0b003801 0b006801 10000 100 5120 1798502 8703 8336
0b002601 0b001001 10000 100 204800 1777397 31759 16705
0b003701 0b004301 10000 100 1048576 1747550 62218 52077
0b006b01 0b008301 10000 100 204800 1781018 31554 16705
0b004201 0b008601 10000 100 2097152 1499738 312870 96034
0b000801 0b005f01 10000 100 204800 1788209 24903 16705
0b001301 0b005501 10000 100 10485760 1146220 668636 447683
0b000901 0b001901 10000 100 2048 1806223 8890 8207
0b002601 0b000d01 10000 100 10240 1806817 8986 8550
0b003901 0b007d01 10000 100 2097152 1632566 187474 96034
0b006601 0b005501 10000 100 51200 1798305 21949 10267
0b007801 0b004901 10000 100 1024 1816188 8840 8164
0b008a01 0b007101 10000 100 512000 1766250 59498 29583
0b009e01 0b002401 10000 100 5242880 1374404 451392 227901
0b004e01 0b005501 10000 100 10485760 698509 1130370 447683
0b006401 0b002801 10000 100 204800 1808860 21176 16705
0b002801 0b004801 10000 100 5242880 1272378 560353 227901
0b003d01 0b009a01 10000 100 204800 1796566 37621 16705
0b004001 0b006d01 10000 100 20000000 326255 1507978 846520
0b009501 0b000301 10000 100 20000000 175233 1659325 846520
0b003801 0b000901 10000 100 102400 1816240 20997 12413
0b007b01 0b006301 10000 100 2097152 1684186 157829 96034
0b007f01 0b003301 10000 100 512000 1791400 52117 29583
0b007501 0b009401 10000 100 5242880 1560105 283635 227901
0b003a01 0b005b01 10000 100 2048 1846416 8289 8207
0b000601 0b001b01 10000 100 20000000 270862 1588600 846520
0b007101 0b002c01 10000 100 2097152 1727886 132827 96034
0b002901 0b002a01 10000 100 10485760 301598 1559846 443643
0b005701 0b008d01 10001 100 5120 1851620 11023 8336
0b008301 0b005f01 10000 100 204800 1817241 45514 16705
0b001c01 0b009501 10000 100 20000000 448050 1414805 846520
0b006e01 0b000001 10000 100 5242880 1243968 620606 227901
0b004001 0b009f01 10000 100 2097152 1729396 138395 96034
0b007401 0b006901 10000 100 2048 1860794 8626 8207
0b005c01 0b005e01 10000 100 512000 1808338 78241 25543
0b003401 0b004b01 10000 100 1024 1880123 8173 8164
0b004c01 0b001a01 10000 100 5242880 1154501 734055 227901
0b001501 0b001d01 10000 100 204800 1866330 22869 12665
0b003601 0b002a01 10000 100 51200 1883459 10356 10267
0b006501 0b001601 10000 100 2097152 1741226 153586 96034
0b001d01 0b009001 10000 100 2097152 1700820 197949 96034
0b004501 0b001301 10000 100 512000 1861680 44795 29583
0b003301 0b004c01 10000 100 2097152 1679621 227325 96034
0b007501 0b003e01 10000 100 512000 1876445 30510 29583
0b000e01 0b001201 10000 100 1024 1899235 8195 8164
0b008a01 0b000801 10000 100 51200 1894463 14533 10267
0b001801 0b007901 10000 100 2097152 1693173 217030 96034
0b007701 0b000f01 10000 100 1048576 1772818 138465 52077
0b009801 0b008601 10000 100 2048 1904429 8255 8207
0b002001 0b004d01 10000 100 20000000 106334 1808442 846520
0b004f01 0b008101 10000 100 1048576 1817023 98330 52077
0b004501 0b008201 10000 100 20480 1907957 10552 8979
0b009501 0b006b01 10000 100 102400 1911771 12561 12413
0b004101 0b000701 10001 100 5120 1916542 8784 8336
0b005c01 0b003d01 10000 100 512000 1851245 83673 29583
0b006301 0b008901 10000 100 51200 1926430 12316 10267
0b006501 0b007e01 10000 100 20480 1929942 12393 8979
0b005a01 0b002b01 10000 100 1048576 1888345 54017 52077
0b007101 0b007e01 10000 100 2048 1940873 4236 4167
0b003301 0b004001 10000 100 512000 1890685 58341 29583
0b009301 0b002101 10001 100 512000 1904290 50612 29583
0b001301 0b001b01 10000 100 204800 1940791 18689 12665
0b006601 0b004a01 10000 100 20000000 786635 1184368 846520
0b001301 0b007801 10000 100 20480 1955887 16151 8979
0b008d01 0b000f01 10000 100 1048576 1832192 141201 52077
0b005c01 0b003f01 10000 100 10240 1970216 9504 8550
0b004a01 0b007c01 10000 100 20480 1974430 9809 8979
0b002701 0b007101 10000 100 51200 1967467 16773 10267
0b001d01 0b000c01 10000 100 51200 1971066 15479 10267
0b009701 0b002c01 10000 100 5120 1980336 8382 8336
0b009f01 0b007301 10001 100 102400 1968020 20759 12413
0b006701 0b005601 10000 100 10485760 944000 1047534 447683
0b007e01 0b009201 10000 100 1048576 1847775 147162 52077
0b002d01 0b009601 10000 100 1048576 1905673 93512 52077
0b003101 0b003e01 10000 100 1048576 1958552 49908 48037
0b008501 0b005901 10000 100 102400 1999916 16080 12413
0b007801 0b008701 10000 100 5242880 1522897 495154 227901
0b000001 0b002801 10000 100 5242880 1554774 463935 227901
0b005001 0b001001 10000 100 5242880 1769713 249341 227901
0b006101 0b006901 10000 100 5242880 1180908 839534 223861
0b004f01 0b007801 10000 100 2048 2006243 14227 8207
0b006001 0b000601 10000 100 1048576 1924516 102461 52077
0b004c01 0b004501 10000 100 512000 1982292 47752 25543
0b008801 0b009301 10000 100 204800 2004815 25358 16705
0b007b01 0b008701 10000 100 20000000 38306 1992062 846520
0b004901 0b009501 10000 100 2097152 1807770 223981 96034
0b006201 0b007d01 10000 100 102400 1998343 37404 12413
0b003701 0b004301 10001 100 1048576 1979404 56478 52077
0b008001 0b004d01 10000 100 51200 2017091 21691 10267
0b005401 0b005e01 10000 100 204800 2026210 13073 12665
0b006101 0b002501 10000 100 10485760 822994 1218376 447683
0b004e01 0b007501 10000 100 2048 2033437 10250 8207
0b009401 0b004d01 10000 100 20480 2039397 10980 8979
0b006701 0b001801 10000 100 20480 2040441 10663 8979
0b005e01 0b005d01 10000 100 10485760 1604844 448432 443643
0b006701 0b006d01 10000 100 512000 2005761 47894 25543
0b007c01 0b004501 10000 100 10485760 1386470 673296 447683
0b005601 0b008c01 10000 100 1048576 2008129 52186 52077
0b009301 0b005001 10000 100 102400 2044974 24612 12413
0b008201 0b005c01 10000 100 5242880 1829731 240314 227901
0b008e01 0b001801 10000 100 10240 2063939 8752 8550
0b002001 0b001b01 10000 100 204800 2048771 25358 16705
0b007d01 0b008e01 10000 100 1048576 1998482 79081 52077
0b000801 0b001e01 10000 100 51200 2066830 12574 10267
0b001001 0b004301 10000 100 512000 2027694 52761 29583
0b001001 0b001a01 10000 100 20000000 714788 1366767 842480
0b003801 0b001801 10000 100 51200 2075588 14540 10267
0b001601 0b004f01 10000 100 2097152 1937963 153558 96034
0b005201 0b001401 10000 100 204800 2045601 46425 16705
0b009f01 0b001e01 10000 100 5120 2085707 8958 8336
0b006801 0b000f01 10000 100 2097152 1953481 143113 96034
0b005301 0b005d01 10000 100 512000 2071033 26050 25543
0b004d01 0b003c01 10000 100 204800 2061154 38687 16705
0b002a01 0b006801 10000 100 102400 2084114 16893 12413
0b003501 0b002301 10000 100 2097152 1826095 275818 96034
0b004d01 0b003901 10000 100 1024 2093694 8298 8164
0b006701 0b007e01 10000 100 20000000 299566 1802544 846520
0b000d01 0b009401 10000 100 1048576 1956937 145189 52077
0b002201 0b002e01 10000 100 512000 2057270 50181 25543
0b000901 0b007901 10000 100 10485760 1059126 1053295 447683
0b006701 0b006201 10000 100 51200 2100982 13415 6227
0b002c01 0b008201 10000 100 5242880 1851959 262840 227901
0b006301 0b004101 10000 100 5242880 1834396 280830 227901
0b003f01 0b009301 10000 100 512000 2048978 71237 29583
0b007b01 0b001401 10000 100 512000 2039095 83232 29583
0b002301 0b007901 10001 100 1048576 2018063 109189 52077
0b003f01 0b007b01 10000 100 20480 2113232 15862 8979
0b000301 0b007501 10000 100 10240 2124706 8804 8550
0b005801 0b001201 10000 100 512000 2084248 49458 29583
0b001d01 0b007401 10000 100 102400 2122634 15502 12413
0b006001 0b009401 10000 100 1048576 2042475 97963 52077
0b000801 0b000501 10000 100 1048576 2092122 50082 48037
0b002f01 0b002701 10000 100 2048 2139649 5277 4167
0b001001 0b000d01 10000 100 5120 2138227 8405 8336
0b002101 0b009701 10000 100 51200 2137304 10304 10267
0b006b01 0b008f01 10000 100 512000 2098237 52339 29583
0b009601 0b006601 10000 100 5120 2143664 8547 8336
0b001601 0b004b01 10000 100 1048576 2088866 64175 52077
0b006d01 0b006001 10000 100 5120 2152068 4354 4296
0b005e01 0b005c01 10000 100 1048576 2094378 62928 48037
0b003201 0b002801 10000 100 2048 2155030 8230 8207
0b008701 0b007d01 10000 100 1048576 2082149 85194 52077
0b000101 0b006001 10000 100 2048 2159237 8260 8207
0b005e01 0b008101 10000 100 512000 2123573 44533 29583
0b003c01 0b008501 10000 100 102400 2154339 15099 12413
0b002c01 0b008d01 10000 100 10240 2163991 9055 8550
0b009001 0b006501 10000 100 20480 2156902 16698 8979
0b003f01 0b004901 10000 100 2097152 1883349 291375 96034
0b003f01 0b008e01 10000 100 102400 2157010 18429 12413
0b006201 0b004601 10000 100 51200 2162298 14313 10267
0b007201 0b001701 10000 100 1048576 2102769 83080 52077
0b002301 0b008c01 10000 100 102400 2179069 12642 12413
0b001b01 0b001001 10000 100 204800 2171683 24141 12665
0b000801 0b003801 10000 100 1024 2192080 8157 8164
0b007a01 0b005401 10000 100 1048576 2127294 74552 52077
0b001501 0b004101 10000 100 2048 2194825 8279 8207
0b001901 0b000101 10000 100 20000000 189550 2013563 846520
0b009201 0b004d01 10000 100 10240 2195615 8932 8550
0b000201 0b006101 10000 100 51200 2181231 24944 10267
0b004f01 0b005f01 10000 100 51200 2193230 14636 10267
0b007d01 0b000601 10000 100 5120 2198895 10227 8336
0b006801 0b002801 10000 100 204800 2192846 18432 16705
0b004f01 0b001101 10000 100 102400 2199490 16912 12413
0b001b01 0b004601 10000 100 10485760 1171886 1049366 447683
0b009e01 0b009401 10000 100 5120 2218771 4356 4296
0b007901 0b007501 10000 100 1048576 2179402 50441 48037
0b004101 0b006001 10000 100 204800 2205529 25258 16705
0b007f01 0b004001 10000 100 20000000 484737 1747705 846520
0b000c01 0b000001 10000 100 20000000 68759 2163688 842480
0b008001 0b006801 10000 100 2097152 1959807 277271 96034
0b002201 0b004201 10000 100 102400 2224778 12631 12413
0b008f01 0b004401 10000 100 2097152 2031537 207517 96034
0b000001 0b004701 10000 100 10485760 1552283 687644 447683
0b006301 0b004501 10000 100 10240 2241994 8544 8550
0b003501 0b004901 10000 100 10485760 1157688 1093112 447683
0b004001 0b000601 10000 100 2097152 2122782 128118 96034
0b001f01 0b001301 10000 100 1048576 1940614 312245 48037
0b005f01 0b002601 10000 100 2097152 2061916 192382 96034
0b000c01 0b005001 10000 100 2048 2245579 12174 8207
0b008d01 0b009801 10000 100 1048576 2122647 140165 52077
0b006b01 0b007201 10000 100 10485760 1550111 714164 447683
0b007101 0b006a01 10000 100 204800 2248964 18664 16705
0b000301 0b008f01 10000 100 1048576 2182191 87887 52077
0b003501 0b000c01 10000 100 20000000 635111 1637854 846520
0b004801 0b007001 10000 100 1048576 2127066 148041 52077
0b001801 0b007401 10000 100 204800 2252431 26212 16705
0b003301 0b006101 10000 100 1048576 2071287 207577 52077
0b002801 0b009601 10000 100 2097152 2096301 185555 96034
0b003901 0b002701 10000 100 20000000 1225876 1060034 846520
0b002c01 0b009901 10000 100 512000 2244823 51086 29583
0b003a01 0b003c01 10000 100 20000000 350271 1947491 842480
0b008501 0b003401 10000 100 1048576 2232154 73597 52077
0b008301 0b009001 10000 100 20000000 815984 1492995 846520
0b009f01 0b005001 10000 100 20000000 795558 1517722 846520
0b008d01 0b005901 10000 100 20000000 228327 2101510 846520
0b006f01 0b009d01 10000 100 10485760 1790389 549330 447683
0b004601 0b009001 10000 100 2097152 2158629 185490 96034
0b000a01 0b007101 10000 100 10485760 1755788 590249 447683
0b004201 0b001501 10000 100 20000000 497096 1877934 846520
0b006e01 0b002d01 10000 100 20000000 956819 1419437 846520
0b005f01 0b005501 10000 100 10485760 1781898 597346 443643
0b006901 0b007801 10000 100 5242880 2041102 344000 227901
0b005201 0b004401 10000 100 10485760 1549239 839663 447683
0b005a01 0b002b01 10001 100 2097152 2220521 170608 96034
0b003f01 0b006c01 10000 100 20000000 1395329 997606 846520
0b009801 0b004401 10000 100 5242880 1642002 768645 227901
0b008f01 0b001301 10000 100 2097152 2211293 202481 96034
0b003e01 0b005f01 10000 100 20000000 1261205 1161021 846520
0b001601 0b006101 10000 100 2097152 2170281 254837 96034
0b002b01 0b008301 10000 100 10485760 1621276 806820 447683
0b007401 0b001901 10000 100 10485760 1193882 1271649 447683
0b003d01 0b001201 10000 100 20000000 1143593 1351941 846520
0b001b01 0b006201 10000 100 5242880 1703218 797632 227901
0b004f01 0b008601 10000 100 20000000 1200179 1314016 846520
0b007e01 0b005301 10000 100 20000000 347309 2169907 846520
0b000c01 0b009401 10000 100 5242880 2221537 303765 227901
0b008801 0b008901 10000 100 5242880 2083362 444406 223861
0b001e01 0b003301 10000 100 10485760 1404574 1130891 447683
0b008001 0b001101 10000 100 10485760 1352838 1191312 447683
0b008d01 0b002301 10000 100 10485760 1190239 1358754 447683
0b000401 0b000c01 10000 100 20000000 344879 2206518 842480
0b009301 0b001601 10000 100 5242880 2003669 550040 227901
0b000701 0b009101 10000 100 20000000 911722 1662856 846520
0b008301 0b009401 10000 100 5242880 1721766 867908 227901
0b004d01 0b007301 10000 100 20000000 775631 1816358 846520
0b004d01 0b001701 10000 100 20000000 679661 1926976 846520
0b008a01 0b000701 10000 100 10485760 1799234 824340 447683
0b009601 0b008001 10000 100 10485760 1933089 701218 447683
0b008801 0b004c01 10000 100 20000000 760916 1875523 846520
0b004101 0b002e01 10000 100 20000000 1080882 1565490 846520
0b007e01 0b008f01 10000 100 20000000 385884 2270492 846520
0b009f01 0b001301 10001 100 20000000 1107668 1552275 846520
0b001701 0b007901 10000 100 10485760 1506486 1157149 447683
0b002001 0b007501 10000 100 5242880 2220666 448501 227901
0b002701 0b003901 10000 100 10485760 1784512 916224 447683
0b003801 0b009e01 10000 100 20000000 1320980 1382857 846520
0b009001 0b005b01 10000 100 20000000 1549894 1172369 846520
0b002801 0b001901 10000 100 20000000 573628 2150716 846520
0b001601 0b001f01 10000 100 5242880 1801454 928394 223861
0b006d01 0b007201 10000 100 20000000 1245159 1493835 846520
0b009201 0b003301 10000 100 20000000 1277727 1468157 846520
0b007401 0b007a01 10000 100 20000000 47697 2712760 842480
0b009c01 0b008b01 10000 100 10485760 1479166 1292991 447683
0b002701 0b001501 10000 100 20000000 1138441 1641196 846520
0b004201 0b002301 10000 100 10485760 1629739 1177118 447683
0b006a01 0b000f01 10000 100 10485760 1618354 1192374 447683
0b002001 0b000301 10000 100 20000000 1388336 1439254 846520
0b002b01 0b007101 10000 100 5242880 2182886 653079 227901
0b004101 0b004f01 10000 100 20000000 915621 1923109 842480
0b008301 0b006601 10000 100 20000000 1248505 1607403 846520
0b004e01 0b004901 10000 100 20000000 755093 2104246 842480
0b002501 0b000b01 10000 100 20000000 1094839 1808388 846520
0b002601 0b004001 10000 100 20000000 1529111 1374833 846520
0b005b01 0b007f01 10000 100 20000000 1989144 916532 846520
0b004801 0b002601 10000 100 20000000 1394482 1514995 846520
0b000501 0b004301 10000 100 20000000 2067092 853999 846520
0b008501 0b001d01 10000 100 10485760 1499233 1430951 447683
0b008a01 0b002b01 10000 100 10485760 2189295 795046 447683
0b007301 0b003601 10000 100 20000000 1927178 1057669 846520
0b009c01 0b007e01 10000 100 20000000 907498 2099932 846520
0b001c01 0b009a01 10000 100 20000000 1153865 1866536 846520
0b003a01 0b001f01 10000 100 20000000 1969802 1050960 846520
0b001201 0b003c01 10000 100 20000000 952516 2092916 846520
0b002901 0b009101 10000 100 20000000 647128 2421451 846520
0b007901 0b004001 10000 100 10485760 836799 2231906 447683
0b002a01 0b007d01 10000 100 20000000 1841434 1228961 846520
0b005101 0b006f01 10000 100 20000000 2132707 946147 846520
0b001101 0b000a01 10001 100 20000000 2224368 866458 846520
0b008601 0b003b01 10000 100 10485760 1927768 1178992 447683
0b008e01 0b008301 10000 100 20000000 1629246 1489696 842480
0b008f01 0b000f01 10000 100 20000000 202713 2923051 846520
0b003801 0b007601 10000 100 20000000 1660971 1466092 846520
0b006701 0b005201 10000 100 20000000 2098364 1041220 846520
0b002d01 0b005701 10000 100 20000000 1499223 1664935 846520
0b006101 0b000f01 10000 100 5242880 2171047 1005357 227901
0b001901 0b001b01 10000 100 10485760 942269 2247801 443643
0b007401 0b005101 10000 100 20000000 1683762 1527910 846520
0b004a01 0b002e01 10000 100 20000000 1814602 1401939 846520
0b000f01 0b001101 10000 100 20000000 572121 2676332 846520
0b009301 0b006101 10000 100 10485760 2180900 1068600 447683
0b002c01 0b007b01 10000 100 20000000 2057211 1215609 846520
0b008a01 0b006201 10000 100 20000000 1238457 2043117 846520
0b002501 0b001a01 10000 100 20000000 1937101 1349993 846520
0b003c01 0b001d01 10000 100 5242880 1498048 1795043 227901
0b004801 0b005701 10000 100 20000000 1623358 1672283 846520
0b009c01 0b000101 10000 100 20000000 1586652 1764776 846520
0b006c01 0b000f01 10000 100 20000000 807726 2558241 846520
0b001c01 0b002a01 10000 100 20000000 2032821 1333984 846520
0b004901 0b009a01 10000 100 20000000 1652772 1738556 846520
0b000201 0b001401 10000 100 20000000 1411593 1980388 846520
0b009b01 0b000b01 10000 100 20000000 1707149 1687655 846520
0b002f01 0b008001 10000 100 20000000 1351152 2051976 846520
0b000d01 0b001e01 10000 100 20000000 1634632 1777729 846520
0b003201 0b007701 10000 100 20000000 1722344 1706002 846520
0b003b01 0b005401 10000 100 10485760 720132 2712650 447683
0b009b01 0b007701 10000 100 20000000 1734447 1700477 846520
0b000d01 0b001401 10000 100 20000000 1505005 1960240 846520
0b008001 0b001d01 10000 100 20000000 341515 3134834 846520
0b003b01 0b002501 10000 100 20000000 2061390 1420486 846520
0b009301 0b001e01 10000 100 20000000 1694549 1805589 846520
0b009e01 0b003b01 10000 100 20000000 1411726 2090074 846520
0b003001 0b005401 10000 100 20000000 518794 3019241 846520
0b002e01 0b005201 10000 100 20000000 1108959 2432366 846520
0b001901 0b008701 10000 100 20000000 1966128 1576698 846520
0b004c01 0b007b01 10000 100 20000000 845409 2714951 846520
0b009401 0b000601 10000 100 20000000 1628829 1934560 846520
0b006101 0b009201 10000 100 20000000 929000 2659226 846520
0b003301 0b006201 10000 100 20000000 2028177 1568421 846520
0b007201 0b004c01 10000 100 20000000 801132 2804382 846520
0b001e01 0b009001 10000 100 20000000 2198905 1440906 846520
0b007101 0b006101 10000 100 10485760 2102263 1545777 447683
0b000301 0b009101 10000 100 20000000 1040059 2639001 846520
0b004c01 0b002301 10000 100 20000000 824926 2865636 846520
0b003001 0b006101 10000 100 20000000 1268515 2442921 846520
0b008001 0b000601 10000 100 20000000 984534 2736544 846520
0b000b01 0b003601 10000 100 20000000 1621248 2120321 846520
0b000601 0b008701 10000 100 20000000 1046115 2695991 846520
0b006101 0b009c01 10000 100 20000000 1382830 2395962 846520
0b001001 0b001d01 10000 100 20000000 769909 3053901 842480
0b002f01 0b001901 10000 100 20000000 1505369 2318887 846520
0b002801 0b003b01 10000 100 20000000 1503702 2337175 846520
0b005701 0b003c01 10000 100 10485760 1600634 2264694 447683
0b007201 0b007601 10000 100 20000000 860721 3017177 842480
0b005c01 0b002801 10000 100 10485760 2197052 1701164 447683
0b002f01 0b008601 10000 100 20000000 1727203 2173965 846520
0b006501 0b000901 10000 100 20000000 1842232 2086088 846520
0b004b01 0b004801 10000 100 10485760 2176299 1765670 443643
0b006201 0b004c01 10000 100 10485760 1531849 2481671 447683
0b005701 0b001f01 10000 100 20000000 1000325 3026050 846520
0b007f01 0b007d01 10000 100 20000000 1997846 2077398 842480
0b007b01 0b006201 10000 100 5242880 1981468 2109472 227901
0b001f01 0b001d01 10000 100 10485760 470382 3706172 443643
0b003001 0b007c01 10000 100 20000000 1645259 2566847 846520
0b002b01 0b001d01 10000 100 20000000 1423353 2874407 846520
0b007f01 0b006501 10001 100 20000000 1866154 2434682 846520
0b003001 0b004901 10000 100 20000000 2100054 2274090 846520
0b007201 0b001401 10000 100 20000000 1384863 3041525 846520
0b004b01 0b003c01 10000 100 20000000 1392157 3059294 846520
0b005c01 0b005001 10000 100 20000000 1607741 2856391 842480
0b005c01 0b005801 10000 100 20000000 1754769 2736957 842480
0b004b01 0b007801 10000 100 20000000 1857135 2772354 846520
0b004b01 0b009201 10000 100 20000000 1939580 2750767 846520
0b005c01 0b006201 10000 100 20000000 1990065 2783977 846520
0b005801 0b006501 10000 100 20000000 25994 5069573 846520
0b007c01 0b006501 10000 100 20000000 1235456 4097043 846520
0b004201 0b006501 10000 100 20000000 1517506 3860366 846520
0b003701 0b006501 10000 100 20000000 931686 4736873 846520
0b005101 0b006501 10000 100 20000000 241318 5808895 846520
0b006501 0b002d01 10000 100 20000000 1915793 4236810 846520
0b006301 0b006501 10000 100 10485760 299476 6100201 443643
0b007b01 0b006501 10000 100 20000000 860344 5824783 846520
