0b00ac01 0b000101 10000 100 207175 4637292 425586 425612
0b001001 0b000101 10000 100 131244 4684762 415163 415206
0b00eb01 0b000101 10000 100 662275 6241308 463814 463767
0b007d01 0b000101 10000 100 334053 6976895 436244 436250
0b011101 0b000101 10000 100 42857966 8170125 4008249 4001452
0b005101 0b000101 10000 100 832052 21130719 569738 478002
0b00d601 0b000101 10000 100 331148 22460451 506742 436006
0b00ba01 0b000101 10000 100 31831063 18509048 6328724 3076959
0b00c101 0b000101 10000 100 182627 27602031 564826 423552
0b011701 0b000101 10000 100 191161 29524626 885552 424270
0b007701 0b000101 10000 100 629903 30100935 852883 461051
0b011f01 0b000101 10000 100 308496 35800981 1068329 434106
0b003901 0b000101 10000 100 126225 37077525 541689 414785
0b003401 0b000101 10000 100 809570 37033387 603349 472076
0b002301 0b000101 10000 100 16150444 33063165 4870886 1758255
0b013501 0b000101 10000 100 377370 40356414 465670 439881
0b011d01 0b000101 10000 100 39476249 34230713 8420712 3717931
0b003101 0b000101 10000 100 476417 42374717 556815 444145
0b008e01 0b000101 10000 100 948749 43465016 983942 487784
0b004f01 0b000101 10000 100 325772 47860654 458212 435553
0b009401 0b000101 10000 100 20709497 42765886 8039818 2144526
0b00c201 0b000101 10000 100 46231783 49476168 5908691 4284313
0b001c01 0b000101 10000 100 40742311 41090130 22856986 3820038
0b00ea01 0b000101 10000 100 29175900 13244007 57172592 2854347
0b006c01 0b000101 10000 100 86125617 43818381 44385489 7629013
0b013c01 0b000101 10000 100 58537831 28867606 77574446 5316052
0b007e01 0b000101 10000 100 85345555 26948863 98174429 7563613
0b003301 0b000101 10000 100 61019678 13898680 113123645 5520091
0b00ff01 0b000101 10000 100 63100814 44234158 89960351 5698612
0b00a101 0b000101 10000 100 63843426 13387044 125809674 5760875
0b002401 0b000101 10000 100 91756179 31748914 121451617 8097041
0b006b01 0b000101 10000 100 99949389 13348890 149515820 8787999
