0b000801 0b013c01 10000 100 2048 169 12356 12415
0b00da01 0b00ed01 10000 100 5120 10447 8570 8632
0b00db01 0b004201 10000 100 20480 11211 13902 13959
0b009301 0b009101 10000 100 51200 21847 8396 8455
0b011501 0b002b01 10000 100 20480 17982 13902 13959
0b005801 0b002e01 10000 100 204800 4247 29384 29411
0b001001 0b010b01 10000 100 102400 13695 20787 20827
0b000301 0b010601 10000 100 204800 6032 29415 29411
0b00e401 0b00ed01 10000 100 1024 33105 4182 4249
0b009901 0b009201 10000 100 5120 33982 4526 4592
0b001601 0b00c601 10000 100 51200 25314 16484 16535
0b005e01 0b000b01 10000 100 51200 26602 16489 16535
0b011101 0b00a101 10000 100 204800 17070 29384 29411
0b00e901 0b006c01 10000 100 102400 28621 20784 20827
0b003201 0b006e01 10000 100 5120 37045 12614 12672
0b010901 0b00ec01 10000 100 20480 35924 13902 13959
0b00a901 0b00a301 10000 100 204800 32078 21296 21331
0b00fa01 0b00f201 10000 100 512000 9205 47100 47086
0b005f01 0b012001 10000 100 204800 27678 29384 29411
0b000101 0b00e501 10000 100 5120 46970 13002 12672
0b013901 0b00ef01 10000 100 5120 49795 12629 12672
0b007901 0b004101 10000 100 10240 54355 9018 9061
0b011c01 0b003101 10000 100 51200 53158 16501 16535
0b00e201 0b009301 10000 100 102400 49375 20808 20827
0b002d01 0b002a01 10000 100 10240 66341 5074 5021
0b00e401 0b007001 10000 100 5120 62207 12695 12672
0b013001 0b007901 10000 100 5120 63917 12706 12672
0b00a001 0b00d901 10000 100 102400 56158 20784 20827
0b000101 0b004801 10000 100 5120 68413 12614 12672
0b012301 0b013001 10000 100 51200 69141 12660 12495
0b000101 0b013101 10000 100 204800 43808 39035 29411
0b003e01 0b001401 10000 100 10240 74127 9803 9061
0b001c01 0b012301 10000 100 204800 56187 29760 29411
0b00d001 0b007d01 10000 100 51200 73681 16521 16535
0b00db01 0b00a801 10000 100 51200 77859 16496 16535
0b00b601 0b013e01 10000 100 1024 82683 12285 12329
0b002901 0b000d01 10000 100 51200 85216 12443 12495
0b00f501 0b010301 10000 100 10240 85710 13069 13101
0b007d01 0b009901 10000 100 10240 88138 13062 13101
0b00a601 0b00aa01 10000 100 2048 97439 4268 4335
0b010d01 0b001401 10000 100 1048576 1321 101125 100154
0b00e701 0b011c01 10000 100 10240 101423 13043 13101
0b006401 0b009901 10000 100 51200 103020 16502 16535
0b012201 0b011f01 10000 100 204800 88275 33661 25371
0b001b01 0b010e01 10000 100 5120 121252 12620 12672
0b000701 0b011201 10000 100 512000 79768 55220 55166
0b00ae01 0b010201 10000 100 2048 126312 12356 12415
0b008001 0b001401 10000 100 102400 122171 20790 20827
0b013101 0b00d501 10000 100 1048576 4270 141821 100154
0b001e01 0b006a01 10000 100 2048 133947 12371 12415
0b009901 0b00fc01 10000 100 102400 127345 20793 20827
0b009c01 0b00c301 10000 100 102400 128099 20804 20827
0b007701 0b00ca01 10000 100 51200 136226 16487 16535
0b00bc01 0b00e401 10000 100 1048576 56110 100286 100154
0b013a01 0b00d901 10000 100 204800 129061 29390 29411
0b006901 0b00de01 10000 100 10240 145221 13379 13101
0b013b01 0b011901 10000 100 512000 109050 51165 51126
0b001701 0b001801 10000 100 20480 153663 9157 5879
0b00aa01 0b00bf01 10000 100 102400 151569 16740 16787
0b00a101 0b00be01 10000 100 102400 151506 17667 16787
0b004301 0b00f001 10000 100 204800 123876 46503 29411
0b001801 0b001001 10000 100 512000 119237 53373 47086
0b007301 0b00df01 10000 100 512000 112230 61489 55166
0b009401 0b001001 10000 100 20480 160065 14191 13959
0b00a001 0b00a701 10000 100 102400 164461 12696 12747
0b005301 0b00e101 10000 100 512000 124150 55209 55166
0b013f01 0b008501 10000 100 102400 159669 20789 20827
0b00b901 0b012501 10000 100 5120 169432 13033 12672
0b005801 0b00f901 10000 100 2048 176369 12385 12415
0b003001 0b001801 10000 100 1048576 89114 99988 96114
0b012001 0b003301 10000 100 10240 185201 13871 13101
0b012c01 0b00c401 10000 100 51200 189855 16484 16535
0b00fb01 0b007901 10000 100 102400 187407 20832 20827
0b004301 0b004001 10000 100 2097152 15865 197460 179988
0b007d01 0b002901 10000 100 204800 185583 29792 29411
0b000001 0b001301 10000 100 204800 173812 42513 25371
0b00b001 0b000901 10000 100 2097152 29274 188351 188068
0b000801 0b002d01 10000 100 5120 209728 8582 8632
0b010301 0b009701 10000 100 10240 212911 13427 13101
0b009301 0b00d401 10000 100 51200 217397 16530 16535
0b008601 0b000b01 10000 100 20480 221592 13902 13959
0b012a01 0b011b01 10000 100 512000 100419 135387 51126
0b005c01 0b005201 10000 100 51200 222200 13913 8455
0b00c301 0b00ca01 10000 100 512000 194869 47100 47086
0b00ca01 0b00fe01 10000 100 2048 224546 17889 8375
0b010a01 0b00bc01 10000 100 10240 229609 13057 13101
0b007301 0b00f201 10000 100 204800 199662 46509 29411
0b00d301 0b013801 10000 100 20480 244330 13937 13959
0b004801 0b00aa01 10000 100 102400 238194 20805 20827
0b00e601 0b001f01 10000 100 2048 259081 12410 12415
0b00f301 0b003501 10000 100 5120 262854 12641 12672
0b002a01 0b008101 10000 100 204800 250614 29399 29411
0b00ef01 0b00b701 10000 100 204800 245091 36369 29411
0b001501 0b00b701 10000 100 20480 260894 21142 13959
0b004801 0b013601 10000 100 20480 269340 13912 13959
0b001101 0b006401 10000 100 512000 186837 98154 55166
0b004a01 0b009601 10000 100 2048 273934 12356 12415
0b000f01 0b000a01 10000 100 102400 289777 21254 12747
0b012b01 0b003101 10000 100 2048 302672 12444 12415
0b002301 0b000201 10000 100 10240 308018 10674 9061
0b008701 0b007101 10000 100 20480 310507 14337 13959
0b00c601 0b012e01 10000 100 20480 311031 13911 13959
0b002901 0b003301 10000 100 10240 317692 9016 9061
0b012001 0b005001 10000 100 51200 315015 16484 16535
0b010801 0b011c01 10000 100 512000 282054 51144 51126
0b006701 0b009b01 10000 100 2097152 104180 229588 188068
0b00d801 0b000401 10000 100 20480 321059 13910 13959
0b004401 0b00b601 10000 100 1048576 149821 189449 100154
0b001601 0b00a601 10000 100 51200 324658 16701 16535
0b009c01 0b004701 10000 100 204800 313648 29426 29411
0b004801 0b00c801 10000 100 512000 282399 67501 55166
0b00a701 0b008401 10000 100 10240 341725 9899 9061
0b006201 0b002101 10000 100 2048 343399 12460 12415
0b00ec01 0b002f01 10000 100 1024 343862 12270 12329
0b00ee01 0b006401 10000 100 1024 346771 12351 12329
0b00b401 0b00c901 10000 100 1048576 260867 100414 100154
0b00c701 0b00ac01 10000 100 512000 284520 79403 55166
0b000201 0b00f701 10000 100 20480 348356 15577 13959
0b006701 0b00a901 10000 100 51200 347282 20698 16535
0b010201 0b009601 10000 100 512000 313011 55199 55166
0b00ea01 0b004a01 10000 100 102400 350070 21074 20827
0b012a01 0b00c301 10000 100 1024 360041 12270 12329
0b00cc01 0b00a001 10000 100 10240 361254 13432 13101
0b001001 0b011c01 10000 100 10240 361246 13965 13101
0b003501 0b011901 10000 100 5120 364324 12627 12672
0b007001 0b011c01 10000 100 10240 364203 14704 13101
0b004c01 0b013801 10000 100 51200 364462 17105 16535
0b010301 0b009d01 10000 100 1048576 213467 169174 100154
0b011b01 0b012d01 10000 100 20480 372025 11799 9919
0b013601 0b005401 10000 100 102400 363494 20816 20827
0b009101 0b009a01 10000 100 51200 380582 8396 8455
0b00ee01 0b00a301 10000 100 20480 377366 14180 13959
0b00a601 0b009d01 10000 100 5120 385683 8726 8632
0b00fb01 0b004a01 10000 100 204800 358344 37690 29411
0b00fd01 0b00d701 10000 100 204800 358540 40691 25371
0b00aa01 0b013f01 10000 100 512000 349305 55208 55166
0b00cf01 0b00a601 10000 100 204800 378334 31247 29411
0b010001 0b00fa01 10000 100 10240 398004 13043 13101
0b011a01 0b00e401 10000 100 102400 391159 20995 20827
0b011101 0b008e01 10000 100 20480 398474 15549 13959
0b010e01 0b012801 10000 100 51200 406063 16693 12495
0b012601 0b009b01 10000 100 1048576 323653 100262 100154
0b004d01 0b011801 10000 100 2048 418186 12469 12415
0b00c801 0b007801 10000 100 2048 418262 12440 12415
0b005401 0b006501 10000 100 10240 423144 9013 9061
0b011a01 0b00d601 10000 100 1024 423251 12270 12329
0b00bd01 0b009101 10000 100 20480 439580 9858 9919
0b009c01 0b010901 10000 100 5120 442754 12623 12672
0b010a01 0b002401 10000 100 512000 403389 55221 55166
0b008f01 0b003301 10000 100 20480 446116 13909 13959
0b00be01 0b001c01 10000 100 1048576 74583 388089 100154
0b002d01 0b009c01 10000 100 2048 450815 12456 12415
0b005001 0b000d01 10000 100 20480 451256 13941 13959
0b00b001 0b008e01 10000 100 1048576 367922 98840 96114
0b007701 0b00a501 10000 100 1048576 371829 100293 100154
0b011901 0b00b301 10000 100 1024 466529 12341 12329
0b004b01 0b00a401 10000 100 204800 450655 29568 29411
0b010a01 0b009001 10000 100 102400 455453 25102 20827
0b011f01 0b00a801 10000 100 51200 462174 20766 16535
0b012e01 0b011601 10000 100 204800 402476 83505 25371
0b005801 0b010201 10000 100 2048 475146 12371 12415
0b007001 0b005401 10000 100 5120 484735 8570 8632
0b010e01 0b013b01 10000 100 1048576 387620 106117 96114
0b004801 0b009201 10000 100 10240 479935 13892 13101
0b010c01 0b003d01 10000 100 204800 465440 40169 29411
0b004c01 0b009401 10000 100 10240 492492 13209 13101
0b00ab01 0b011c01 10000 100 1048576 358953 147638 100154
0b002d01 0b012301 10000 100 204800 462338 48507 29411
0b00dc01 0b001901 10000 100 1024 500679 12291 12329
0b006f01 0b013e01 10000 100 51200 501526 16578 16535
0b003d01 0b008801 10000 100 102400 499679 20836 20827
0b001701 0b001501 10000 100 512000 473259 48368 47086
0b00c601 0b00fe01 10000 100 51200 509635 12627 12495
0b00c101 0b00eb01 10000 100 102400 505304 17479 16787
0b012d01 0b00d801 10000 100 2048 510616 12359 12415
0b011e01 0b00e201 10000 100 2097152 225966 299123 188068
0b007401 0b00e401 10000 100 1024 520584 12270 12329
0b006b01 0b007e01 10000 100 2048 527016 8312 8375
0b00e901 0b009f01 10000 100 102400 514116 22944 20827
0b00a701 0b006c01 10000 100 1048576 176632 360525 100154
0b00f501 0b00c301 10000 100 1024 530780 8260 8289
0b00a801 0b003101 10000 100 5120 533541 12630 12672
0b006101 0b004b01 10000 100 512000 401845 156868 51126
0b00e401 0b007a01 10000 100 512000 456740 105883 55166
0b010901 0b00b501 10000 100 10240 550136 13047 13101
0b00e501 0b004601 10000 100 1024 552064 12270 12329
0b008601 0b00d101 10000 100 1024 552714 12319 12329
0b00ea01 0b009101 10000 100 20480 553403 13920 13959
0b010a01 0b001601 10000 100 51200 550581 18910 16535
0b012901 0b00b001 10000 100 1024 558259 12275 12329
0b00bc01 0b007a01 10000 100 102400 550545 20816 20827
0b00f301 0b00eb01 10000 100 102400 553329 21153 16787
0b007401 0b010001 10000 100 2048 565624 12472 12415
0b001b01 0b011701 10000 100 1048576 400605 181550 100154
0b002e01 0b006601 10000 100 204800 551494 34274 29411
0b001c01 0b010801 10000 100 102400 563398 26708 20827
0b013901 0b006301 10000 100 10240 577922 13419 13101
0b010101 0b012701 10000 100 204800 533259 60689 25371
0b00a901 0b005801 10000 100 102400 574480 21892 20827
0b010401 0b003201 10000 100 10240 584126 13412 13101
0b013b01 0b003101 10000 100 1024 599759 12395 12329
0b00e501 0b006d01 10000 100 10240 600103 13880 13101
0b002201 0b003601 10000 100 5120 609007 8610 8632
0b011801 0b012501 10000 100 512000 542915 78171 51126
0b006c01 0b001301 10000 100 20480 608437 14030 13959
0b012001 0b00d701 10000 100 102400 601826 21142 20827
0b007201 0b002001 10000 100 5242880 6789 616380 451803
0b011901 0b000101 10000 100 10240 614713 13160 13101
0b00d301 0b001e01 10000 100 102400 609301 20821 20827
0b000901 0b00f101 10000 100 1024 627176 13591 12329
0b011901 0b00fc01 10000 100 51200 626518 16776 16535
0b011c01 0b011401 10000 100 512000 600752 47100 47086
0b013b01 0b003201 10000 100 512000 450877 197411 55166
0b009d01 0b004f01 10000 100 2097152 77499 571143 188068
0b00f701 0b006b01 10000 100 51200 633237 17239 16535
0b009301 0b012701 10000 100 512000 428081 226931 55166
0b008401 0b011201 10000 100 20480 641605 14005 13959
0b006401 0b004001 10000 100 51200 643794 12713 12495
0b006d01 0b000901 10000 100 512000 600371 57274 55166
0b004501 0b003b01 10000 100 204800 638338 29529 29411
0b00f701 0b011301 10000 100 102400 651448 22392 20827
0b00eb01 0b008a01 10000 100 102400 652871 21718 20827
0b006901 0b000201 10000 100 2048 663196 12595 12415
0b011e01 0b004101 10000 100 204800 646805 29658 29411
0b006501 0b000a01 10000 100 102400 649157 28092 20827
0b00f401 0b007001 10000 100 102400 659936 21372 20827
0b00f001 0b005501 10000 100 5120 668824 12720 12672
0b007e01 0b000301 10000 100 51200 666684 16591 16535
0b008901 0b011e01 10000 100 51200 659446 25946 16535
0b00ae01 0b003901 10000 100 204800 656576 31260 29411
0b008301 0b013501 10000 100 51200 670905 18164 16535
0b006901 0b00c301 10000 100 204800 562292 130765 29411
0b009301 0b000901 10000 100 10240 680357 13116 13101
0b010101 0b00fc01 10000 100 2048 682107 12551 12415
0b003801 0b00d701 10000 100 2097152 222619 472664 188068
0b005501 0b007601 10000 100 1048576 527489 170078 96114
0b004401 0b00b101 10000 100 20480 685564 13927 13959
0b006701 0b012d01 10000 100 2097152 239065 469206 188068
0b007101 0b009c01 10000 100 5120 695956 12637 12672
0b003f01 0b000201 10000 100 512000 657394 53256 51126
0b012901 0b00e001 10000 100 204800 651457 59417 29411
0b008301 0b010d01 10000 100 512000 527841 184144 55166
0b003601 0b011a01 10000 100 512000 647938 68544 55166
0b013c01 0b013201 10000 100 1024 714250 4290 4249
0b005a01 0b008801 10000 100 1048576 578726 141937 100154
0b00c701 0b003501 10000 100 51200 704300 16543 16535
0b004401 0b011d01 10000 100 5120 708520 12673 12672
0b00e001 0b00c401 10000 100 5120 717634 8578 8632
0b007c01 0b002401 10000 100 20480 712942 14078 13959
0b003201 0b010c01 10000 100 5120 716384 12679 12672
0b00c401 0b008401 10000 100 204800 690478 38969 29411
0b00c201 0b00a001 10000 100 2048 720882 12356 12415
0b000301 0b00d601 10000 100 204800 693628 39879 29411
0b004901 0b00ed01 10000 100 512000 603200 131181 55166
0b002701 0b00f601 10000 100 51200 719037 17286 16535
0b00a601 0b00a701 10000 100 20480 732962 5814 5879
0b010c01 0b013301 10000 100 512000 678093 64562 51126
0b002b01 0b009d01 10000 100 204800 715477 29888 29411
0b002101 0b00ee01 10000 100 20480 736820 14540 13959
0b000701 0b001601 10000 100 1024 745292 8303 8289
0b007301 0b012201 10000 100 10240 746696 14104 13101
0b00e701 0b010101 10000 100 512000 656898 112112 55166
0b007a01 0b007e01 10000 100 5120 765951 4778 4592
0b006f01 0b00ec01 10000 100 2048 764126 12442 12415
0b004e01 0b00d401 10000 100 10240 765123 13043 13101
0b003b01 0b00fe01 10000 100 102400 758827 21308 20827
0b00b901 0b00b701 10000 100 1024 784685 4274 4249
0b012701 0b00e201 10000 100 20480 775156 13910 13959
0b011d01 0b011501 10000 100 1024 790820 4182 4249
0b00c001 0b012201 10000 100 5120 782538 12692 12672
0b011d01 0b001401 10000 100 1048576 689440 111688 100154
0b001201 0b011101 10000 100 10240 791022 13043 13101
0b005d01 0b013901 10000 100 102400 783462 20850 20827
0b00f901 0b008a01 10000 100 51200 788720 16628 16535
0b00f601 0b006f01 10000 100 20480 792094 14325 13959
0b010f01 0b00d901 10000 100 1024 806202 12270 12329
0b00be01 0b003101 10000 100 2097152 113871 707995 188068
0b00cd01 0b00b101 10000 100 1024 810397 12291 12329
0b005b01 0b011801 10000 100 51200 808823 16609 16535
0b003d01 0b007801 10000 100 5120 812935 14519 12672
0b010c01 0b00f801 10000 100 20480 819087 14406 13959
0b001001 0b012301 10000 100 102400 814269 21345 20827
0b002401 0b007a01 10000 100 51200 818521 17107 16535
0b007401 0b00ed01 10000 100 102400 818525 20890 20827
0b00da01 0b006801 10000 100 512000 597161 246084 55166
0b00ab01 0b00b601 10000 100 51200 832757 12457 12495
0b00f401 0b007201 10000 100 20480 835077 14107 13959
0b00fe01 0b008901 10000 100 1048576 416307 433182 100154
0b012401 0b002e01 10000 100 2048 838092 12357 12415
0b00c101 0b005801 10000 100 2048 838653 12371 12415
0b00e801 0b00c101 10000 100 51200 840216 12528 12495
0b007101 0b008301 10000 100 204800 823938 29416 29411
0b00d401 0b004201 10000 100 2048 841591 12358 12415
0b005e01 0b005d01 10000 100 512000 803815 53148 47086
0b010501 0b009501 10000 100 10240 844138 13463 13101
0b004b01 0b010f01 10000 100 5120 847057 12650 12672
0b004501 0b00c001 10000 100 5120 850880 12987 12672
0b00e401 0b004401 10000 100 20480 852347 15769 13959
0b011e01 0b000901 10000 100 51200 855512 16721 16535
0b00a101 0b000f01 10000 100 20480 859706 13924 13959
0b006b01 0b00ac01 10000 100 20480 856690 19194 13959
0b001101 0b000801 10000 100 20480 864963 11478 9919
0b00ad01 0b004001 10000 100 20480 862774 14749 13959
0b006001 0b00d501 10000 100 51200 862815 18771 16535
0b011401 0b00db01 10000 100 2048 871460 12363 12415
0b012e01 0b008401 10000 100 20480 870884 14003 13959
0b002101 0b00de01 10000 100 204800 856789 30045 29411
0b002e01 0b00d801 10000 100 2048 880284 12359 12415
0b00fc01 0b007601 10000 100 51200 878619 16712 16535
0b00b101 0b011001 10000 100 102400 873950 21404 20827
0b010b01 0b00d101 10000 100 10240 886313 13922 13101
0b000001 0b00ac01 10000 100 1048576 651707 255493 100154
0b005201 0b009f01 10000 100 204800 873309 35124 29411
0b012101 0b004a01 10000 100 10240 896008 13095 13101
0b011e01 0b00fe01 10000 100 204800 279012 633813 29411
0b005a01 0b007b01 10000 100 10240 906400 9133 9061
0b00b501 0b00a301 10000 100 1048576 187232 731579 96114
0b002901 0b003301 10001 100 51200 916524 12528 12495
0b001a01 0b009b01 10000 100 512000 874513 56085 55166
0b004d01 0b012d01 10000 100 5120 919391 13058 12672
0b00bf01 0b00ba01 10000 100 204800 910581 22453 21331
0b003601 0b00ee01 10000 100 204800 869957 63223 29411
0b008101 0b004a01 10000 100 10240 922803 13819 13101
0b006401 0b004601 10000 100 1048576 406769 530216 96114
0b004801 0b00b801 10000 100 20480 923705 13952 13959
0b002201 0b010a01 10000 100 102400 911905 29271 20827
0b008201 0b002e01 10000 100 51200 922260 20770 16535
0b00bf01 0b00eb01 10000 100 512000 229442 716374 55166
0b00fb01 0b004601 10000 100 2048 934144 12387 12415
0b00c901 0b00a801 10000 100 102400 917943 29661 20827
0b00eb01 0b013e01 10000 100 1048576 571770 381551 100154
0b004901 0b00e401 10000 100 512000 795128 160162 55166
0b00d901 0b013601 10000 100 51200 938386 17109 16535
0b012201 0b001d01 10000 100 10240 945422 13139 13101
0b011b01 0b007601 10000 100 20480 943813 14833 13959
0b00f001 0b000201 10000 100 1024 952698 12276 12329
0b013c01 0b008401 10000 100 1048576 592425 373451 100154
0b00e501 0b005401 10000 100 512000 638278 330741 55166
0b012601 0b00a201 10000 100 102400 958813 21242 20827
0b005601 0b008901 10000 100 51200 965092 16520 16535
0b001001 0b010301 10000 100 51200 965784 16834 16535
0b010801 0b008301 10000 100 51200 964422 19605 16535
0b009e01 0b009701 10000 100 2097152 801366 183096 179988
0b00fb01 0b003201 10000 100 204800 948521 42877 29411
0b001901 0b009101 10000 100 10240 980668 13124 13101
0b00ed01 0b00fa01 10000 100 204800 969414 29230 25371
0b013a01 0b007c01 10000 100 204800 973775 29583 29411
0b001501 0b009701 10000 100 5120 991824 13368 12672
0b00be01 0b002501 10000 100 20480 993668 13943 13959
0b009d01 0b001b01 10000 100 2048 999770 12480 12415
0b004501 0b003d01 10000 100 102400 992915 24923 20827
0b00eb01 0b00d201 10000 100 51200 1011759 12594 12495
0b006e01 0b007b01 10000 100 20480 1014906 9975 9919
0b00c001 0b012f01 10000 100 51200 1008861 16695 16535
0b00aa01 0b005101 10000 100 102400 1005594 21235 20827
0b00e901 0b00f701 10000 100 1024 1018997 8322 8289
0b001501 0b011e01 10000 100 204800 957583 71906 29411
0b00e801 0b00ca01 10000 100 102400 1015873 16908 16787
0b00a601 0b00a901 10000 100 512000 977526 57135 47086
0b005c01 0b00f301 10000 100 20480 1025248 13994 13959
0b000b01 0b00d601 10000 100 2048 1028747 12566 12415
0b009d01 0b005501 10000 100 1024 1032123 12281 12329
0b000701 0b000a01 10000 100 51200 1036473 8564 8455
0b009601 0b007f01 10000 100 512000 525037 522798 55166
0b00d701 0b001601 10000 100 204800 1003958 44376 29411
0b000e01 0b00c501 10000 100 204800 971329 78840 29411
0b000901 0b00d401 10000 100 102400 1021161 29356 20827
0b008801 0b008401 10000 100 204800 1028585 22068 21331
0b003401 0b009a01 10000 100 102400 1027883 23261 20827
0b013101 0b002701 10000 100 2048 1041042 12509 12415
0b00c001 0b003801 10000 100 102400 1033833 21144 20827
0b009a01 0b006d01 10000 100 102400 993778 61791 20827
0b007101 0b003b01 10000 100 51200 1039278 16525 16535
0b010101 0b005701 10000 100 51200 1044306 16688 16535
0b00c201 0b002f01 10000 100 5120 1049421 12932 12672
0b00ab01 0b010f01 10000 100 51200 1051115 16830 16535
0b010701 0b002c01 10000 100 1048576 596368 473837 100154
0b004e01 0b013b01 10000 100 51200 1054412 16678 16535
0b002301 0b00a901 10000 100 1024 1062919 12306 12329
0b005a01 0b00e601 10000 100 512000 828423 248080 55166
0b013001 0b004d01 10000 100 51200 1070760 18183 16535
0b00f101 0b00cc01 10000 100 2097152 173188 917834 184028
0b00ff01 0b00a501 10000 100 102400 1063920 28867 20827
0b008701 0b012201 10000 100 1048576 540078 556247 100154
0b00df01 0b00d701 10000 100 512000 1047654 48702 47086
0b00ae01 0b013901 10000 100 20480 1084724 13944 13959
0b002401 0b004901 10000 100 5120 1088189 12648 12672
0b00cd01 0b009801 10000 100 10240 1089342 13091 13101
0b012901 0b00e001 10001 100 2048 1091678 12449 12415
0b010f01 0b009101 10000 100 20480 1090950 13992 13959
0b013e01 0b003d01 10000 100 5120 1092616 12631 12672
0b006801 0b006b01 10000 100 102400 1092815 13496 12747
0b00fd01 0b000301 10000 100 10240 1094242 13214 13101
0b00c801 0b007501 10000 100 20480 1099670 14308 13959
0b006d01 0b001d01 10000 100 204800 1068942 46063 29411
0b009301 0b013c01 10000 100 512000 830947 285694 55166
0b00b101 0b000901 10000 100 102400 1103884 21342 20827
0b010401 0b004001 10000 100 10240 1118981 13088 13101
0b012f01 0b005001 10000 100 10240 1119807 13043 13101
0b00a601 0b013a01 10000 100 204800 1079344 54109 29411
0b00e101 0b004f01 10000 100 5120 1122303 12713 12672
0b011101 0b006201 10000 100 10240 1125312 13091 13101
0b012f01 0b009b01 10000 100 2048 1130525 12364 12415
0b00fc01 0b008701 10000 100 102400 1123883 21684 20827
0b007e01 0b007101 10000 100 204800 1125523 21668 21331
0b007b01 0b00c901 10000 100 204800 1081085 70352 29411
0b000c01 0b009c01 10000 100 10240 1140381 13137 13101
0b00c901 0b000001 10000 100 204800 1104628 50187 29411
0b002c01 0b004301 10000 100 204800 1127526 31708 29411
0b00f101 0b00d401 10000 100 51200 1144704 16898 12495
0b006e01 0b000b01 10000 100 1024 1150006 12270 12329
0b001501 0b013501 10000 100 102400 1139199 25908 20827
0b00c001 0b003301 10000 100 10240 1141894 23842 13101
0b006d01 0b003001 10000 100 10240 1154365 13059 13101
0b010401 0b008a01 10000 100 102400 1150589 20971 20827
0b010d01 0b003b01 10000 100 102400 1152014 21558 20827
0b00bf01 0b00c901 10000 100 512000 947454 231441 55166
0b011001 0b00fb01 10000 100 102400 1160058 22031 20827
0b009101 0b002001 10000 100 1048576 616138 568039 100154
0b007201 0b010801 10000 100 204800 1157969 31194 29411
0b00e501 0b013b01 10000 100 512000 889425 300333 55166
0b012a01 0b004001 10000 100 5120 1180068 12614 12672
0b00c501 0b007d01 10000 100 5120 1182317 12664 12672
0b00fd01 0b000c01 10000 100 51200 1184954 16701 16535
0b000d01 0b00c701 10000 100 102400 1182455 21054 20827
0b008901 0b000701 10000 100 102400 1183060 21124 20827
0b006801 0b007401 10000 100 10240 1205148 9087 9061
0b00ca01 0b003c01 10000 100 5120 1211906 12790 12672
0b00c301 0b004c01 10000 100 204800 1080056 145209 29411
0b013801 0b006d01 10000 100 5120 1212725 12620 12672
0b012c01 0b001301 10000 100 102400 1207584 21553 20827
0b013e01 0b003401 10000 100 512000 957854 273339 55166
0b004001 0b001801 10000 100 2097152 241138 991972 188068
0b007e01 0b009701 10000 100 102400 1215148 20915 20827
0b000401 0b006001 10000 100 1048576 809273 427928 100154
0b006201 0b00f501 10000 100 1048576 712203 528939 100154
0b000001 0b005301 10000 100 1024 1229653 12305 12329
0b002501 0b011601 10000 100 51200 1223612 18596 16535
0b00aa01 0b004701 10000 100 10240 1231660 13179 13101
0b001901 0b00d901 10000 100 2048 1237697 12371 12415
0b005001 0b001401 10000 100 5120 1241013 12662 12672
0b004501 0b002101 10000 100 204800 1093608 160468 29411
0b002301 0b00cf01 10000 100 2048 1245662 12384 12415
0b001901 0b005401 10000 100 20480 1243935 15558 13959
0b012401 0b013c01 10000 100 1048576 216274 1046426 96114
0b011801 0b00e001 10000 100 20480 1248055 15584 13959
0b007601 0b002401 10000 100 5120 1250671 13106 12672
0b00a301 0b011a01 10000 100 102400 1244990 21183 20827
0b005001 0b006e01 10000 100 5120 1261158 9373 8632
0b00a201 0b00a101 10000 100 51200 1262188 12843 8455
0b011001 0b002601 10001 100 20480 1260162 15852 13959
0b00af01 0b00d501 10000 100 102400 1255175 23576 20827
0b005101 0b009d01 10000 100 10240 1265050 13951 13101
0b008001 0b012601 10000 100 2048 1267143 12412 12415
0b009a01 0b00dd01 10000 100 2048 1268526 12406 12415
0b010201 0b001201 10000 100 51200 1262822 18196 16535
0b009d01 0b006001 10000 100 20480 1267754 13956 13959
0b012f01 0b000e01 10000 100 204800 1236464 48807 29411
0b000f01 0b00e601 10000 100 102400 1268552 21060 20827
0b010401 0b001501 10000 100 204800 1248339 44683 29411
0b00e301 0b00e201 10000 100 10240 1290191 5765 5021
0b00e601 0b005d01 10000 100 204800 1263851 35764 29411
0b002101 0b001501 10000 100 51200 1285115 14560 12495
0b002301 0b00ea01 10000 100 204800 1138555 162494 29411
0b003401 0b008601 10000 100 51200 1288810 16652 16535
0b00e301 0b006901 10000 100 204800 1279238 30712 29411
0b013a01 0b00b401 10000 100 2048 1302851 12620 12415
0b010701 0b009301 10000 100 2048 1308095 12380 12415
0b013a01 0b006b01 10000 100 102400 1297830 23528 20827
0b012b01 0b011101 10000 100 51200 1307042 14880 12495
0b011201 0b012801 10000 100 102400 1302039 20129 16787
0b013c01 0b007201 10000 100 102400 1293990 28847 20827
0b00b401 0b013901 10000 100 51200 1303916 21839 16535
0b002001 0b006c01 10000 100 512000 997389 329531 55166
0b000801 0b011201 10000 100 204800 1297989 30139 29411
0b002401 0b002101 10000 100 5120 1323862 4786 4592
0b00bc01 0b007501 10000 100 51200 1309786 19686 16535
0b004401 0b00ff01 10000 100 2048 1316944 12616 12415
0b00c301 0b013001 10000 100 102400 1302248 31976 20827
0b00eb01 0b005e01 10000 100 10240 1321099 13479 13101
0b013a01 0b00dd01 10000 100 102400 1315519 22161 20827
0b006501 0b012101 10000 100 2048 1326792 12357 12415
0b005501 0b013d01 10000 100 204800 1298129 42716 29411
0b005e01 0b005101 10000 100 51200 1333124 8948 8455
0b011401 0b009101 10000 100 5120 1333945 12988 12672
0b005801 0b004801 10000 100 51200 1335217 13763 12495
0b002201 0b00b401 10000 100 1048576 903508 447787 100154
0b003801 0b013c01 10000 100 2048 1343664 12441 12415
0b010101 0b00a301 10000 100 10240 1343280 13077 13101
0b013801 0b004901 10000 100 204800 1332304 29549 29411
0b011301 0b005b01 10000 100 512000 648007 718435 55166
0b00c801 0b00f601 10000 100 1024 1361393 8226 8289
0b00f201 0b00be01 10000 100 1024 1359154 12284 12329
0b003701 0b00ad01 10000 100 20480 1361243 14001 13959
0b009e01 0b002f01 10000 100 10240 1362272 13326 13101
0b00e101 0b002701 10000 100 5120 1366075 13749 12672
0b00bf01 0b00fd01 10000 100 51200 1367977 18264 16535
0b010801 0b011d01 10000 100 20480 1385230 10041 9919
0b005d01 0b00ee01 10000 100 102400 1377004 22159 20827
0b00ba01 0b013801 10000 100 204800 1052393 350156 29411
0b001801 0b00c501 10000 100 20480 1386880 15686 13959
0b00f201 0b004701 10000 100 5120 1393698 12698 12672
0b001401 0b012b01 10000 100 5120 1397442 12633 12672
0b002301 0b001501 10000 100 102400 1393188 17092 16787
0b010201 0b009101 10000 100 512000 1243624 174044 55166
0b00ed01 0b00eb01 10000 100 102400 1404766 13246 12747
0b00be01 0b00b101 10000 100 204800 1394779 23807 21331
0b001e01 0b000501 10000 100 204800 1385373 34060 25371
0b00c301 0b00fc01 10000 100 20480 1412337 11458 9919
0b006f01 0b002501 10000 100 10240 1412255 13209 13101
0b00e901 0b00bc01 10000 100 5120 1414562 12802 12672
0b00ff01 0b007c01 10000 100 204800 1246981 180881 29411
0b00c501 0b001701 10000 100 10240 1416726 13219 13101
0b004401 0b00b201 10000 100 20480 1416703 14038 13959
0b00df01 0b003101 10000 100 1024 1422487 12371 12329
0b009401 0b001701 10000 100 5120 1423743 12879 12672
0b00fb01 0b00f001 10000 100 5120 1436093 4846 4592
0b006101 0b003401 10000 100 512000 668767 775810 55166
0b001401 0b00eb01 10000 100 102400 1423177 21838 20827
0b008d01 0b002c01 10000 100 102400 1424535 21324 20827
0b00bc01 0b00be01 10000 100 512000 1402582 53181 47086
0b003301 0b003501 10000 100 5120 1461166 4598 4592
0b002401 0b007801 10000 100 5120 1461108 13049 12672
0b00a201 0b00ac01 10000 100 2097152 1222011 253304 179988
0b00ad01 0b005201 10000 100 5120 1463736 12629 12672
0b012001 0b005101 10001 100 102400 1447462 29200 20827
0b010001 0b006101 10000 100 204800 1439444 39056 29411
0b00d801 0b011b01 10000 100 20480 1470037 14082 13959
0b011a01 0b003b01 10000 100 20480 1469038 15511 13959
0b004001 0b000701 10000 100 5120 1477114 12631 12672
0b002201 0b00c401 10000 100 10240 1478497 13911 13101
0b00ff01 0b007101 10000 100 2097152 72802 1421836 188068
0b00fb01 0b005401 10000 100 1048576 1201164 294172 100154
0b002501 0b011c01 10000 100 102400 1484597 20952 20827
0b004401 0b013301 10000 100 512000 1056321 455131 55166
0b006e01 0b00f401 10000 100 102400 1487798 27728 20827
0b001b01 0b00c801 10000 100 204800 1221063 298820 29411
0b00e101 0b00d201 10000 100 1048576 1199561 332534 96114
0b008f01 0b009d01 10000 100 1048576 1370178 174760 96114
0b008901 0b005f01 10000 100 1048576 656998 894083 100154
0b00da01 0b007101 10000 100 512000 1400729 155435 55166
0b00fb01 0b007501 10000 100 1048576 941930 642954 100154
0b00f401 0b006401 10000 100 512000 1133874 456550 55166
0b000401 0b00c601 10000 100 1048576 613553 983388 100154
0b00a701 0b008b01 10000 100 1048576 1061543 542544 96114
0b002201 0b003001 10000 100 1048576 1180618 434413 96114
0b00c301 0b00c001 10000 100 5242880 816184 810930 443723
0b00d301 0b004701 10000 100 204800 1485954 141237 29411
0b00f601 0b009901 10000 100 1048576 966979 664085 100154
0b011001 0b002601 10000 100 1048576 870988 788375 100154
0b00e301 0b00cb01 10000 100 512000 1364200 307786 51126
0b00f401 0b003c01 10000 100 512000 1077508 609678 55166
0b009b01 0b006d01 10000 100 1048576 704706 992732 100154
0b008701 0b007001 10000 100 1048576 871067 835769 100154
0b000201 0b010d01 10000 100 1048576 796906 949325 100154
0b005801 0b00fd01 10000 100 512000 1459351 294733 55166
0b00da01 0b005f01 10000 100 1048576 914375 846874 100154
0b012701 0b003301 10000 100 1048576 1133560 665065 100154
0b011801 0b000801 10000 100 2097152 544456 1276163 188068
0b006c01 0b00b701 10000 100 1048576 189416 1650925 100154
0b012a01 0b00f401 10000 100 512000 1489567 361425 55166
0b002e01 0b000b01 10000 100 2097152 375507 1500409 184028
0b00b101 0b008501 10000 100 1048576 1235346 644279 96114
0b005101 0b013601 10000 100 2097152 627759 1256133 188068
0b011201 0b002401 10000 100 1048576 636902 1249016 100154
0b007b01 0b012201 10000 100 5242880 39316 1870996 451803
0b00e201 0b004301 10000 100 1048576 835864 1112968 100154
0b003701 0b001a01 10000 100 1048576 1380586 589620 96114
0b011501 0b012101 10000 100 2097152 1217659 756259 184028
0b007c01 0b00ec01 10000 100 2097152 597088 1390020 188068
0b00c401 0b00be01 10000 100 2097152 261666 1739110 188068
0b013e01 0b013501 10000 100 5242880 1268040 749647 443723
0b000601 0b007701 10000 100 1048576 961579 1058112 100154
0b00ba01 0b004401 10000 100 1048576 1247583 791359 100154
0b00f701 0b000a01 10000 100 1048576 1040839 1035329 100154
0b010d01 0b012d01 10000 100 1048576 1159803 919263 96114
0b013901 0b011d01 10000 100 2097152 808799 1291317 184028
0b012d01 0b012301 10000 100 5242880 1151894 954654 443723
0b00c901 0b008301 10000 100 1048576 893559 1325268 100154
0b010a01 0b010901 10000 100 5242880 1472891 751305 443723
0b00d401 0b006c01 10000 100 1048576 1072826 1183982 100154
0b009a01 0b002301 10000 100 2097152 472381 1785121 188068
0b00da01 0b009d01 10000 100 1048576 644815 1635088 100154
0b00bb01 0b00b701 10000 100 10485760 307847 2002592 883287
0b005c01 0b00ca01 10000 100 1048576 628831 1721173 100154
0b002201 0b002a01 10000 100 10485760 1368314 998745 883287
0b011501 0b002601 10000 100 1048576 905589 1469997 100154
0b012101 0b008d01 10000 100 2097152 192966 2198272 188068
0b007601 0b007201 10000 100 10485760 960887 1449461 883287
0b004201 0b011f01 10000 100 512000 379660 2058529 55166
0b006701 0b010401 10000 100 1048576 978562 1469670 100154
0b00d301 0b00db01 10000 100 10485760 1491649 957959 883287
0b011501 0b00ac01 10000 100 512000 1327323 1136838 55166
0b00dd01 0b003901 10000 100 2097152 571726 1928994 188068
0b00e401 0b010a01 10000 100 2097152 601541 1919746 188068
0b006301 0b010801 10000 100 2097152 500045 2023348 188068
0b003201 0b006a01 10000 100 2097152 635244 1916986 188068
0b001601 0b00e901 10000 100 512000 807811 1768930 55166
0b004f01 0b012d01 10000 100 1048576 168170 2455450 100154
0b003101 0b00de01 10000 100 5242880 244640 2382831 451803
0b001101 0b011b01 10000 100 1048576 1304056 1371687 100154
0b006701 0b00fe01 10000 100 1048576 1060846 1639844 100154
0b00ef01 0b000201 10000 100 2097152 824762 1977150 188068
0b00b401 0b00b901 10000 100 10485760 1081076 1734373 883287
0b003301 0b00aa01 10000 100 2097152 456385 2386626 188068
0b002601 0b000101 10001 100 2097152 1438433 1427953 184028
0b001101 0b002b01 10000 100 2097152 1262270 1625269 184028
0b003001 0b002001 10000 100 512000 1177536 1715892 51126
0b00af01 0b002f01 10000 100 2097152 583383 2363222 188068
0b013001 0b012b01 10000 100 2097152 1466096 1512991 184028
0b00bf01 0b00e101 10000 100 2097152 1065898 1954918 188068
0b006301 0b001101 10000 100 2097152 1337050 1719995 188068
0b00cc01 0b007401 10000 100 2097152 496027 2578152 188068
0b00bc01 0b009501 10000 100 1048576 1037680 2082369 96114
0b006401 0b00be01 10000 100 2097152 682072 2439697 188068
0b00f701 0b003c01 10000 100 2097152 1188295 1974295 188068
0b000901 0b000e01 10000 100 20000000 481667 2717738 1680960
0b009b01 0b001201 10000 100 1048576 1312568 1895108 100154
0b004901 0b007b01 10000 100 5242880 128166 3113577 447763
0b009501 0b006101 10000 100 512000 1310701 1999360 55166
0b007501 0b013001 10000 100 2097152 1167627 2240010 188068
0b002b01 0b002f01 10000 100 10485760 843453 2607634 883287
0b00aa01 0b006601 10000 100 2097152 866130 2606268 188068
0b006801 0b00de01 10000 100 5242880 74441 3403870 451803
0b003a01 0b003201 10000 100 10485760 337413 3165756 883287
0b00a801 0b00c201 10000 100 2097152 1121636 2396501 188068
0b004d01 0b004501 10000 100 20000000 717746 2817154 1680960
0b005401 0b009a01 10000 100 2097152 571779 2967981 188068
0b011e01 0b003201 10000 100 2097152 1052175 2567772 188068
0b003f01 0b010201 10000 100 2097152 812161 2907259 188068
0b00c301 0b007901 10000 100 2097152 635971 3237060 188068
0b013201 0b007b01 10000 100 2097152 1173241 2821287 188068
0b011a01 0b011101 10000 100 20000000 930752 3124026 1680960
0b005001 0b013e01 10000 100 2097152 1156984 2913197 188068
0b00c301 0b004701 10000 100 2097152 795791 3296406 188068
0b012401 0b00e301 10000 100 2097152 1166158 2926730 188068
0b005201 0b005101 10000 100 20000000 1491043 2630408 1680960
0b00f601 0b004001 10000 100 2097152 627130 3546363 188068
0b001101 0b001601 10000 100 20000000 146811 4039179 1680960
0b00bb01 0b00f201 10000 100 2097152 1294339 2911981 188068
0b00b901 0b002001 10000 100 1048576 927906 3328547 100154
0b002101 0b002701 10000 100 20000000 956856 3315339 1680960
0b012001 0b005101 10000 100 2097152 1045265 3297542 188068
0b002601 0b005e01 10000 100 2097152 1478212 2910015 188068
0b008701 0b003501 10000 100 2097152 765849 3665706 188068
0b006601 0b00ad01 10000 100 2097152 1486635 2966471 188068
0b00ff01 0b001701 10000 100 5242880 13176 4481288 451803
0b011101 0b00ed01 10000 100 2097152 1079785 3564903 188068
0b00f701 0b00c601 10000 100 5242880 1178781 3668951 447763
0b00f301 0b008c01 10000 100 2097152 545878 4329399 188068
0b001701 0b00fe01 10000 100 5242880 163273 4790336 451803
0b011f01 0b00f201 10000 100 2097152 456505 4595715 188068
0b005a01 0b006901 10000 100 5242880 1443704 3685539 447763
0b00ea01 0b000401 10000 100 2097152 1377584 3755123 188068
0b000e01 0b003d01 10000 100 2097152 196884 4990109 184028
0b00ba01 0b00d101 10000 100 5242880 74727 5137560 451803
0b007f01 0b007801 10000 100 20000000 724648 4586534 1680960
0b006b01 0b009f01 10000 100 2097152 1126012 4200359 188068
0b000301 0b00ac01 10000 100 1048576 839386 4517312 100154
0b00a601 0b004401 10000 100 2097152 889849 4551146 188068
0b00bf01 0b010f01 10000 100 2097152 1370817 4085702 188068
0b000c01 0b001d01 10000 100 5242880 906393 4555282 447763
0b009401 0b00bb01 10000 100 5242880 229039 5252087 447763
0b00ef01 0b00cc01 10000 100 5242880 461337 5060457 447763
0b005a01 0b000401 10000 100 2097152 624977 4928300 188068
0b00f401 0b005601 10000 100 2097152 605720 4962309 188068
0b008401 0b00af01 10000 100 5242880 231263 5408598 447763
0b001601 0b00e001 10000 100 1048576 606339 5096754 100154
0b003d01 0b001b01 10000 100 5242880 1408951 4425229 447763
0b000301 0b00f901 10000 100 2097152 750285 5116617 188068
0b009d01 0b011a01 10000 100 5242880 33166 5901935 451803
0b009201 0b001601 10000 100 1048576 372123 5627431 100154
0b000301 0b005c01 10000 100 5242880 709090 5414172 451803
0b00ad01 0b004c01 10000 100 2097152 829424 5400909 188068
0b006101 0b00f601 10000 100 2097152 374626 5885176 188068
0b00b301 0b00f301 10000 100 5242880 280443 6016560 451803
0b010101 0b00ee01 10000 100 2097152 431520 5891472 188068
0b007301 0b010f01 10000 100 5242880 553701 5774886 451803
0b009701 0b00d901 10000 100 5242880 204209 6328628 451803
0b007301 0b00b101 10000 100 5242880 667549 5900917 451803
0b001001 0b011701 10000 100 5242880 692544 5985027 451803
0b003e01 0b005501 10000 100 5242880 860713 5983009 451803
0b002601 0b001101 10000 100 2097152 895417 6047997 184028
0b013601 0b00c601 10000 100 2097152 841861 6128631 188068
0b013a01 0b00d901 10001 100 5242880 1218342 5792190 451803
0b00e401 0b012e01 10000 100 5242880 534074 6488260 451803
0b009601 0b00a501 10000 100 5242880 1234354 5873371 447763
0b00bd01 0b00f701 10000 100 5242880 482355 6627410 451803
0b009201 0b010401 10000 100 5242880 1475201 5640145 451803
0b005401 0b00ff01 10001 100 5242880 1148289 6033650 451803
0b001501 0b001f01 10000 100 20000000 640920 6751077 1680960
0b006801 0b00c901 10000 100 5242880 599251 6872886 451803
0b00e201 0b012301 10000 100 2097152 897429 6655592 188068
0b000c01 0b007801 10000 100 5242880 74279 7567049 451803
0b002401 0b00a701 10000 100 2097152 1092768 6649837 188068
0b005c01 0b000201 10000 100 5242880 899776 6912007 451803
0b012401 0b003301 10000 100 5242880 1459493 6386748 451803
0b00e901 0b003701 10000 100 5242880 1059606 6838582 451803
0b002701 0b00cc01 10000 100 2097152 417673 7829398 188068
0b007801 0b008f01 10000 100 2097152 583397 7828707 188068
0b007301 0b001c01 10000 100 10485760 148882 8297524 891367
0b002d01 0b011601 10000 100 5242880 863830 7708242 451803
0b007401 0b004601 10000 100 10485760 883051 7709625 887327
0b002001 0b009001 10000 100 2097152 173281 8465778 188068
0b007301 0b011901 10000 100 5242880 558739 8110217 451803
0b010b01 0b005e01 10000 100 5242880 354433 8405005 451803
0b00d901 0b00a601 10000 100 2097152 420483 8354657 188068
0b012c01 0b00bf01 10000 100 5242880 924833 7875443 451803
0b00d601 0b011b01 10000 100 10485760 1488083 7359295 891367
0b012401 0b00be01 10000 100 5242880 841697 8069440 451803
0b013d01 0b002801 10000 100 5242880 602430 8397436 451803
0b00fc01 0b011701 10000 100 5242880 1423451 7854173 451803
0b013a01 0b00ee01 10000 100 5242880 1410227 7885509 451803
0b002601 0b000101 10000 100 10485760 1101135 8258738 887327
0b004201 0b012d01 10000 100 5242880 1079050 8280971 451803
0b00ca01 0b013a01 10000 100 5242880 1138436 8240278 451803
0b003f01 0b00da01 10000 100 5242880 933824 8499618 451803
0b011201 0b005a01 10000 100 5242880 1430452 8009601 451803
0b00d201 0b002001 10000 100 2097152 446417 9126020 188068
0b00a501 0b00da01 10000 100 5242880 1261282 8375753 451803
0b00b501 0b00c301 10000 100 5242880 1155847 8559340 451803
0b000001 0b002c01 10000 100 10485760 25697 9845378 887327
0b001501 0b006201 10000 100 10485760 545708 9377912 891367
0b010b01 0b00c101 10000 100 5242880 385804 10637950 451803
0b00c101 0b001101 10000 100 5242880 965623 10341113 451803
0b006b01 0b005c01 10000 100 10485760 1354622 10034037 887327
0b004801 0b006801 10000 100 10485760 298418 11164508 887327
0b013001 0b00df01 10000 100 5242880 1030111 10459789 451803
0b008f01 0b012d01 10000 100 5242880 965767 10582571 451803
0b00b701 0b00a301 10000 100 10485760 1288618 10415184 887327
0b00c101 0b006801 10000 100 5242880 26666 12153255 451803
0b013301 0b005d01 10000 100 5242880 1491254 10729672 451803
0b003a01 0b010d01 10000 100 5242880 657364 11712673 451803
0b012301 0b004c01 10000 100 5242880 374150 12027768 451803
0b012501 0b00db01 10000 100 5242880 1024071 11567122 451803
0b013e01 0b001001 10000 100 10485760 197534 12425190 891367
0b00e501 0b010501 10000 100 10485760 129528 12568629 891367
0b012201 0b009601 10000 100 5242880 659578 12131904 451803
0b002301 0b00ec01 10000 100 5242880 1324267 11516227 451803
0b013d01 0b011001 10000 100 10485760 412817 12487232 887327
0b00a101 0b009d01 10000 100 10485760 1462622 11555145 887327
0b009801 0b009501 10000 100 20000000 363085 12792372 1680960
0b013501 0b004401 10000 100 5242880 1267897 12125234 451803
0b00aa01 0b000901 10000 100 10485760 698137 12755976 891367
0b003e01 0b005b01 10000 100 10485760 1104312 12507848 891367
0b012401 0b013201 10000 100 20000000 511258 13636047 1685000
0b00a001 0b001f01 10000 100 5242880 373197 14508489 451803
0b010c01 0b013001 10000 100 10485760 265666 14948570 887327
0b013301 0b004e01 10000 100 20000000 896270 14462162 1689040
0b00f601 0b007701 10000 100 10485760 569501 14799818 891367
0b004901 0b00f101 10000 100 10485760 16754 15447075 891367
0b00f101 0b013001 10000 100 5242880 602931 14990982 451803
0b003f01 0b005d01 10000 100 10485760 339500 15303984 891367
0b010a01 0b007801 10000 100 5242880 1047673 14624538 451803
0b00e001 0b008101 10000 100 10485760 1482253 14223936 891367
0b00d201 0b00cb01 10000 100 5242880 935642 14774251 447763
0b005901 0b007601 10000 100 20000000 910074 14845942 1685000
0b008401 0b00fe01 10000 100 10485760 1258779 14511294 891367
0b006c01 0b00ae01 10000 100 10485760 883283 14930384 891367
0b00a101 0b00c001 10000 100 5242880 1108784 14794295 451803
0b00a001 0b00c301 10000 100 5242880 1208015 14719349 451803
0b006f01 0b00fe01 10000 100 5242880 86029 15911690 451803
0b004c01 0b00d501 10000 100 10485760 83881 15927168 891367
0b00e601 0b005101 10000 100 5242880 625947 15439847 451803
0b010401 0b006c01 10000 100 10485760 1430031 14652294 891367
0b00f701 0b002901 10000 100 20000000 1459781 14707260 1689040
0b00cc01 0b013701 10000 100 10485760 1100780 15536302 891367
0b002a01 0b001d01 10000 100 20000000 36523 16758104 1685000
0b00e701 0b00b001 10000 100 10485760 382628 16444646 891367
0b002401 0b007501 10000 100 10485760 1295336 15557631 891367
0b001f01 0b007e01 10000 100 5242880 14527 16840472 451803
0b011101 0b008101 10000 100 10485760 851385 16097725 891367
0b002b01 0b00e101 10000 100 10485760 1304899 16131356 891367
0b002e01 0b011801 10000 100 10485760 178266 17391171 891367
0b00fa01 0b006301 10000 100 5242880 523392 17155821 451803
0b001301 0b00cb01 10000 100 10485760 323865 17408622 891367
0b012201 0b002901 10000 100 10485760 513904 17243318 891367
0b010601 0b00f801 10000 100 5242880 564902 17525427 451803
0b008501 0b007301 10000 100 10485760 1069337 17095422 891367
0b003401 0b004501 10000 100 10485760 510572 18681458 891367
0b00b401 0b013a01 10000 100 10485760 773530 18535656 891367
0b005801 0b003101 10000 100 10485760 850901 18492076 891367
0b003501 0b000101 10000 100 20000000 1286512 18166149 1685000
0b008601 0b013101 10000 100 10485760 1462224 18144977 891367
0b00ae01 0b00bd01 10000 100 20000000 1490978 18677544 1685000
0b008501 0b00a601 10000 100 20000000 1374290 19172451 1685000
0b011401 0b000601 10000 100 20000000 307754 20427350 1689040
0b008201 0b011101 10000 100 10485760 919175 19859909 891367
0b011d01 0b010f01 10000 100 20000000 1066169 19748159 1685000
0b003601 0b00e801 10000 100 20000000 512843 20361238 1689040
0b00ad01 0b005901 10000 100 10485760 538438 20369338 891367
0b002701 0b006901 10000 100 5242880 452660 20651343 451803
0b00a801 0b001b01 10000 100 10485760 996345 20129997 891367
0b007901 0b004701 10000 100 20000000 1092131 20044187 1685000
0b007801 0b011901 10000 100 5242880 965214 20290988 451803
0b001401 0b000301 10000 100 20000000 449586 21096703 1685000
0b012801 0b013701 10000 100 20000000 150070 21529909 1685000
0b007201 0b002801 10000 100 10485760 595733 21139265 891367
0b00d001 0b003501 10000 100 10485760 1381047 20733986 891367
0b00d301 0b000501 10000 100 10485760 978885 21362493 891367
0b00f101 0b011501 10000 100 10485760 890623 21508411 891367
0b001501 0b008701 10000 100 10485760 865740 21566317 891367
0b002a01 0b010901 10000 100 10485760 714276 22084093 891367
0b007a01 0b003e01 10000 100 20000000 612851 22817253 1689040
0b003201 0b00d201 10000 100 10485760 1314340 22447229 891367
0b001901 0b005401 10001 100 10485760 1393941 22791457 891367
0b010c01 0b002001 10000 100 10485760 514952 24193258 891367
0b000501 0b010001 10000 100 5242880 464507 24291984 451803
0b002d01 0b005601 10000 100 10485760 214541 24649849 891367
0b009d01 0b00e001 10000 100 10485760 747682 24290807 891367
0b001f01 0b00df01 10000 100 5242880 1024125 24638172 451803
0b012901 0b002701 10000 100 20000000 250379 25563834 1689040
0b003c01 0b00d501 10000 100 10485760 477153 25516100 891367
0b005e01 0b008d01 10000 100 10485760 1397088 24678024 891367
0b000001 0b00ae01 10000 100 20000000 568594 25552124 1689040
0b009b01 0b005001 10000 100 10485760 1177882 24947781 891367
0b00de01 0b008701 10000 100 20000000 675766 25519449 1689040
0b008101 0b000b01 10000 100 10485760 846406 25700090 891367
0b012c01 0b00eb01 10000 100 10485760 351264 26275722 891367
0b011701 0b007a01 10000 100 20000000 709882 25977958 1689040
0b002501 0b013501 10000 100 20000000 734394 26245253 1689040
0b006201 0b004301 10000 100 20000000 223389 27202413 1685000
0b012501 0b010301 10000 100 20000000 189601 27447084 1685000
0b00c401 0b00a001 10000 100 20000000 233291 27941565 1689040
0b010301 0b004801 10000 100 10485760 1297813 27028525 891367
0b000201 0b001201 10000 100 10485760 147314 28413528 887327
0b00fa01 0b00cf01 10000 100 10485760 516046 28232431 887327
0b007d01 0b00d601 10000 100 20000000 1010519 27903359 1689040
0b004001 0b002d01 10000 100 20000000 1197163 27809277 1689040
0b008401 0b009501 10000 100 10485760 748257 28261598 887327
0b008501 0b009001 10000 100 10485760 294321 28895634 887327
0b009501 0b005b01 10000 100 20000000 1122064 28411988 1689040
0b004101 0b00a401 10000 100 10485760 207800 29680035 891367
0b009101 0b002b01 10000 100 20000000 827470 29212409 1689040
0b00b201 0b000a01 10000 100 20000000 15014 30581779 1689040
0b006b01 0b011f01 10000 100 20000000 1094151 29527945 1689040
0b006001 0b00a601 10000 100 10485760 565790 30252605 891367
0b00ff01 0b008501 10000 100 10485760 1199968 30080705 891367
0b011f01 0b00fb01 10000 100 20000000 393145 31048768 1689040
0b00b301 0b010601 10000 100 20000000 571331 30906170 1689040
0b00a201 0b00f701 10000 100 20000000 809671 30739168 1689040
0b005601 0b007801 10000 100 20000000 1133518 30464877 1685000
0b002b01 0b003d01 10000 100 20000000 524282 31684937 1685000
0b00d601 0b010801 10000 100 20000000 703578 31705536 1689040
0b00be01 0b007e01 10000 100 20000000 768892 31855713 1689040
0b006101 0b013e01 10000 100 10485760 688632 32533672 891367
0b007a01 0b00a101 10000 100 20000000 1415641 31867932 1689040
0b001801 0b013301 10000 100 10485760 1217402 32076537 891367
0b00e901 0b012301 10000 100 10485760 1035305 32517130 891367
0b005c01 0b004f01 10000 100 20000000 1460431 32584594 1685000
0b00cf01 0b00d501 10000 100 20000000 1102469 33205476 1685000
0b009c01 0b002101 10000 100 10485760 594860 33863424 891367
0b00c801 0b012501 10000 100 20000000 61561 34893545 1689040
0b013401 0b003901 10000 100 10485760 896863 34170756 891367
0b00d101 0b001f01 10000 100 10485760 1473810 33601717 891367
0b008901 0b012601 10000 100 20000000 1420781 34077408 1689040
0b006201 0b00a601 10000 100 10485760 1040094 35704954 891367
0b00ba01 0b013f01 10000 100 20000000 1095533 35859498 1689040
0b002901 0b005201 10000 100 10485760 100321 37137534 891367
0b003701 0b012001 10000 100 20000000 856557 36491629 1689040
0b005801 0b00ef01 10000 100 20000000 1400247 36237894 1689040
0b004c01 0b00d501 10001 100 10485760 843448 36935130 891367
0b012601 0b00ed01 10000 100 10485760 927204 37206527 891367
0b00bf01 0b00fc01 10000 100 20000000 644780 37774454 1689040
0b013301 0b004601 10000 100 10485760 852765 38483723 891367
0b00eb01 0b008b01 10000 100 20000000 1074082 38576193 1689040
0b006a01 0b013601 10000 100 20000000 428987 39291702 1689040
0b00cd01 0b006f01 10000 100 20000000 545175 40165036 1689040
0b00d901 0b005d01 10000 100 10485760 280780 40471578 891367
0b004a01 0b00ee01 10000 100 20000000 512975 41616808 1689040
0b00f201 0b006401 10000 100 20000000 1335947 41591384 1689040
0b007a01 0b012b01 10000 100 20000000 1218654 41725399 1689040
0b001801 0b012901 10000 100 20000000 1380174 42298165 1689040
0b00ae01 0b001201 10000 100 20000000 1182754 42533482 1689040
0b00cc01 0b000601 10000 100 20000000 1107373 43392952 1689040
0b009701 0b003301 10000 100 20000000 1303614 43234381 1689040
0b00db01 0b002601 10000 100 20000000 541331 44089303 1689040
0b00e401 0b011f01 10000 100 20000000 309354 44465765 1689040
0b001301 0b012701 10000 100 20000000 465702 44344598 1689040
0b00fd01 0b013301 10000 100 20000000 655417 44351347 1689040
0b004701 0b003001 10000 100 20000000 255847 45084655 1689040
0b012201 0b00fb01 10000 100 20000000 99881 45327175 1689040
0b00c301 0b006501 10000 100 10485760 468346 45305527 891367
0b00fa01 0b009001 10000 100 10485760 1392730 44393083 891367
0b00ae01 0b010801 10000 100 10485760 566699 45505515 891367
0b00f101 0b007901 10000 100 20000000 217345 46089160 1689040
0b00b101 0b001101 10000 100 20000000 314304 46698111 1689040
0b008301 0b00d701 10000 100 20000000 623746 46434964 1689040
0b000701 0b008b01 10000 100 20000000 1243806 46289086 1689040
0b001b01 0b010a01 10000 100 20000000 1187530 46698945 1689040
0b00f701 0b005201 10000 100 20000000 166806 49005600 1689040
0b006701 0b008201 10000 100 20000000 660981 48652584 1689040
0b010201 0b008901 10000 100 20000000 1296059 48313202 1689040
0b001401 0b013701 10000 100 20000000 1196449 48604658 1689040
0b005101 0b00d401 10000 100 20000000 1135488 48756717 1689040
0b000301 0b013101 10000 100 20000000 375517 49750309 1689040
0b004601 0b00df01 10000 100 20000000 1215555 49118664 1689040
0b00a101 0b012101 10000 100 20000000 473473 50368154 1689040
0b00b901 0b005101 10000 100 10485760 627941 50695988 891367
0b004301 0b00b201 10000 100 20000000 993317 50598490 1689040
0b00c901 0b00a701 10000 100 20000000 369027 51290084 1689040
0b002201 0b00c701 10000 100 20000000 1127228 50957003 1689040
0b00f301 0b002601 10000 100 20000000 976857 51449676 1689040
0b008e01 0b000201 10000 100 20000000 26410 52609110 1689040
0b00e701 0b013001 10000 100 20000000 607055 52441231 1689040
0b008001 0b004801 10000 100 20000000 1004151 52149974 1689040
0b013301 0b009201 10000 100 20000000 451014 53277056 1689040
0b005401 0b00ff01 10000 100 20000000 511405 53242757 1689040
0b013c01 0b003201 10000 100 20000000 938422 53229571 1689040
0b007601 0b012601 10000 100 20000000 872298 53809794 1689040
0b00f601 0b008401 10000 100 20000000 609035 57150824 1689040
0b003301 0b00cf01 10000 100 20000000 948415 57070749 1689040
0b00b801 0b008c01 10000 100 20000000 755498 60305277 1685000
0b00c201 0b008901 10000 100 20000000 661350 60636547 1689040
0b000601 0b00fd01 10000 100 20000000 486546 61186398 1689040
0b012001 0b008501 10000 100 20000000 744156 61190423 1689040
0b003601 0b013101 10000 100 20000000 74303 63081521 1689040
0b00c101 0b003c01 10000 100 20000000 560964 62927259 1689040
0b000501 0b00b401 10000 100 20000000 215863 63521560 1689040
0b008d01 0b005c01 10000 100 20000000 234521 63524243 1689040
0b012a01 0b005001 10000 100 20000000 1253858 62791846 1689040
0b003201 0b011101 10000 100 20000000 57911 64127454 1689040
0b005101 0b003001 10000 100 20000000 272893 64651360 1689040
0b009401 0b011901 10000 100 20000000 450602 64926045 1689040
0b00a901 0b000501 10000 100 20000000 195625 65449262 1689040
0b001c01 0b006301 10000 100 20000000 888140 65378384 1689040
0b00e101 0b000301 10000 100 20000000 736489 65678586 1689040
0b002c01 0b007a01 10000 100 20000000 1383983 66088407 1689040
0b00f201 0b001701 10000 100 20000000 1119154 66640815 1689040
0b00ea01 0b012901 10000 100 20000000 1210590 67989974 1689040
0b00f701 0b00b901 10000 100 20000000 511290 70246421 1689040
0b00aa01 0b006101 10000 100 20000000 1430085 69630979 1689040
0b007c01 0b008601 10000 100 20000000 476295 70624723 1689040
0b00fc01 0b000a01 10000 100 20000000 652270 70527507 1689040
0b009701 0b00fa01 10000 100 20000000 881875 71081166 1689040
0b009601 0b011f01 10000 100 20000000 1112722 71097316 1689040
0b007401 0b009a01 10000 100 20000000 489510 71825427 1689040
0b00e101 0b005d01 10000 100 20000000 988347 72353932 1689040
0b004901 0b009f01 10000 100 20000000 518379 72868746 1689040
0b012001 0b00a101 10000 100 20000000 96989 73509067 1689040
0b00eb01 0b002001 10000 100 20000000 326623 73403446 1689040
0b00f901 0b000a01 10000 100 20000000 461580 73508976 1689040
0b009b01 0b000201 10000 100 20000000 799266 73554563 1689040
0b002701 0b013101 10000 100 20000000 52797 78203992 1689040
0b004f01 0b009e01 10000 100 20000000 830834 78657575 1689040
0b012d01 0b00a601 10000 100 20000000 921612 78722539 1689040
0b006001 0b002f01 10000 100 20000000 774975 79381551 1689040
0b001301 0b007201 10000 100 20000000 664610 81399952 1689040
0b008801 0b010f01 10000 100 20000000 921211 81465704 1689040
0b010601 0b004501 10000 100 20000000 334319 82565660 1689040
0b007201 0b00ab01 10000 100 20000000 1377013 83034309 1689040
0b006501 0b00e001 10000 100 20000000 53726 84535134 1689040
0b011401 0b002401 10000 100 20000000 1198786 84279882 1689040
0b002c01 0b00b701 10000 100 20000000 1032535 85017019 1689040
0b009b01 0b010701 10000 100 20000000 574281 85534577 1689040
0b006001 0b00e001 10000 100 20000000 603071 87429635 1689040
0b011301 0b00b901 10000 100 20000000 1308925 87419431 1689040
0b000101 0b009501 10000 100 20000000 1201232 88597852 1689040
0b007601 0b00a601 10000 100 20000000 393744 89649912 1689040
0b008401 0b00ce01 10000 100 20000000 1078994 91525977 1689040
0b010001 0b007e01 10000 100 20000000 491498 93306906 1689040
0b013d01 0b00e001 10000 100 20000000 1417272 92540194 1689040
0b010401 0b00ee01 10000 100 20000000 255086 95561079 1689040
0b010d01 0b007401 10000 100 20000000 1250033 96949544 1689040
0b011f01 0b00fe01 10000 100 20000000 791751 97526657 1689040
0b005201 0b00cc01 10000 100 20000000 416650 99341922 1689040
0b00e601 0b00b701 10000 100 20000000 296822 99479628 1689040
0b001701 0b00a601 10000 100 20000000 846268 99704985 1689040
0b009e01 0b011401 10000 100 20000000 1046073 102664517 1689040
0b00a601 0b004d01 10000 100 20000000 942376 105539720 1689040
0b00d701 0b00ac01 10000 100 20000000 399866 108589788 1689040
0b009301 0b006101 10000 100 20000000 312439 111046247 1689040
