0b002701 0b000101 10000 100 5000000 2000000000 114342548 427400
0b001901 0b000101 10000 100 5000000 2000000000 114668379 427400
0b002e01 0b000101 10000 100 5000000 2000000000 114975187 427400
0b001c01 0b000101 10000 100 5000000 2000000000 115059026 427400
0b002f01 0b000101 10000 100 5000000 2000000000 115274078 427400
0b001201 0b000101 10000 100 5000000 2000000000 115289303 427400
0b002501 0b000101 10000 100 5000000 2000000000 115407300 427400
0b002801 0b000101 10000 100 5000000 2000000000 115541135 427400
0b003401 0b000101 10000 100 5000000 2000000000 115617639 427400
0b003e01 0b000101 10000 100 5000000 2000000000 115676789 427400
0b003501 0b000101 10000 100 5000000 2000000000 115689980 427400
0b001001 0b000101 10000 100 5000000 2000000000 115785786 427400
0b003601 0b000101 10000 100 5000000 2000000000 115786308 427400
0b002901 0b000101 10000 100 5000000 2000000000 115902635 427400
0b002d01 0b000101 10000 100 5000000 2000000000 115940219 427400
0b002c01 0b000101 10000 100 5000000 2000000000 115959881 427400
0b002a01 0b000101 10000 100 5000000 2000000000 115990161 427400
0b003b01 0b000101 10000 100 5000000 2000000000 116105714 427400
0b001b01 0b000101 10000 100 5000000 2000000000 116152263 427400
0b001501 0b000101 10000 100 5000000 2000000000 116175927 427400
0b002401 0b000101 10000 100 5000000 2000000000 116190717 427400
0b003301 0b000101 10000 100 5000000 2000000000 116219548 427400
0b003c01 0b000101 10000 100 5000000 2000000000 116244196 427400
0b003f01 0b000101 10000 100 5000000 2000000000 116284286 427400
0b001701 0b000101 10000 100 5000000 2000000000 116299076 427400
0b003101 0b000101 10000 100 5000000 2000000000 116305079 427400
0b003801 0b000101 10000 100 5000000 2000000000 116399362 427400
0b002b01 0b000101 10000 100 5000000 2000000000 116415718 427400
0b002201 0b000101 10000 100 5000000 2000000000 116441950 427400
0b003d01 0b000101 10000 100 5000000 2000000000 116504826 427400
0b003001 0b000101 10000 100 5000000 2000000000 116531100 427400
0b003a01 0b000101 10000 100 5000000 2000000000 116541192 427400
0b003701 0b000101 10000 100 5000000 2000000000 116622156 427400
0b002601 0b000101 10000 100 5000000 2000000000 116654046 427400
0b001301 0b000101 10000 100 5000000 2000000000 116714163 427400
0b002101 0b000101 10000 100 5000000 2000000000 116721297 427400
0b003201 0b000101 10000 100 5000000 2000000000 116723820 427400
0b001101 0b000101 10000 100 5000000 2000000000 116729301 427400
0b002301 0b000101 10000 100 5000000 2000000000 116786885 427400
0b002001 0b000101 10000 100 5000000 2000000000 116853860 427400
0b001401 0b000101 10000 100 5000000 2000000000 116887790 427400
0b001e01 0b000101 10000 100 5000000 2000000000 116955476 427400
0b001801 0b000101 10000 100 5000000 2000000000 117092482 427400
0b001d01 0b000101 10000 100 5000000 2000000000 117129550 427400
0b001a01 0b000101 10000 100 5000000 2000000000 117202575 427400
0b004001 0b000101 10000 100 5000000 2000000000 117290388 431440
0b001f01 0b000101 10000 100 5000000 2000000000 117418871 427400
0b000801 0b000101 10000 100 5000000 2000000000 117444432 423360
0b003901 0b000101 10000 100 5000000 2000000000 117834834 427400
0b000701 0b000101 10000 100 5000000 2000000000 117958400 423360
0b000f01 0b000101 10000 100 5000000 2000000000 118140156 423360
0b000d01 0b000101 10000 100 5000000 2000000000 118187896 423360
0b000e01 0b000101 10000 100 5000000 2000000000 118213836 423360
0b000b01 0b000101 10000 100 5000000 2000000000 118420847 423360
0b000901 0b000101 10000 100 5000000 2000000000 118462415 423360
0b001601 0b000101 10000 100 5000000 2000000000 118520798 427400
0b000601 0b000101 10000 100 5000000 2000000000 119098664 423360
0b000c01 0b000101 10000 100 5000000 2000000000 119184734 423360
0b000a01 0b000101 10000 100 5000000 2000000000 119833920 423360
0b000501 0b000101 10000 100 5000000 2000000000 120497972 423360
0b009201 0b000101 10000 100 10000000 2000000000 203626606 850640
0b00fd01 0b000101 10000 100 10000000 2000000000 203676400 850640
0b009101 0b000101 10000 100 10000000 2000000000 203715985 850640
0b00bc01 0b000101 10000 100 10000000 2000000000 203867503 850640
0b004801 0b000101 10000 100 10000000 2000000000 203978673 850640
0b00c201 0b000101 10000 100 10000000 2000000000 204053014 850640
0b006401 0b000101 10000 100 10000000 2000000000 204109549 850640
0b00da01 0b000101 10000 100 10000000 2000000000 204134986 850640
0b004d01 0b000101 10000 100 10000000 2000000000 204147688 850640
0b00b001 0b000101 10000 100 10000000 2000000000 204190146 850640
0b00b801 0b000101 10000 100 10000000 2000000000 204235961 850640
0b00ff01 0b000101 10000 100 10000000 2000000000 204255003 850640
0b008901 0b000101 10000 100 10000000 2000000000 204255786 850640
0b004901 0b000101 10000 100 10000000 2000000000 204275274 850640
0b00ee01 0b000101 10000 100 10000000 2000000000 204309814 850640
0b007001 0b000101 10000 100 10000000 2000000000 204332695 850640
0b00d301 0b000101 10000 100 10000000 2000000000 204402553 850640
0b005801 0b000101 10000 100 10000000 2000000000 204482418 850640
0b00bd01 0b000101 10000 100 10000000 2000000000 204496014 850640
0b008c01 0b000101 10000 100 10000000 2000000000 204565548 850640
0b00e501 0b000101 10000 100 10000000 2000000000 204609100 850640
0b00cb01 0b000101 10000 100 10000000 2000000000 204627336 850640
0b009601 0b000101 10000 100 10000000 2000000000 204628119 850640
0b010001 0b000101 10000 100 10000000 2000000000 204757839 850640
0b00d401 0b000101 10000 100 10000000 2000000000 204779808 850640
0b006301 0b000101 10000 100 10000000 2000000000 204822166 850640
0b00b701 0b000101 10000 100 10000000 2000000000 204860422 850640
0b00e101 0b000101 10000 100 10000000 2000000000 204872585 850640
0b00cf01 0b000101 10000 100 10000000 2000000000 204883373 850640
0b005301 0b000101 10000 100 10000000 2000000000 204898076 850640
0b006b01 0b000101 10000 100 10000000 2000000000 204912984 850640
0b00d001 0b000101 10000 100 10000000 2000000000 204927147 850640
0b00f101 0b000101 10000 100 10000000 2000000000 204931845 850640
0b009b01 0b000101 10000 100 10000000 2000000000 204960656 850640
0b007801 0b000101 10000 100 10000000 2000000000 204966572 850640
0b005501 0b000101 10000 100 10000000 2000000000 204991280 850640
0b00b401 0b000101 10000 100 10000000 2000000000 205001807 850640
0b008801 0b000101 10000 100 10000000 2000000000 205032708 850640
0b005a01 0b000101 10000 100 10000000 2000000000 205035318 850640
0b009801 0b000101 10000 100 10000000 2000000000 205044714 850640
0b00b501 0b000101 10000 100 10000000 2000000000 205063854 850640
0b00a501 0b000101 10000 100 10000000 2000000000 205068552 850640
0b00fe01 0b000101 10000 100 10000000 2000000000 205081080 850640
0b005b01 0b000101 10000 100 10000000 2000000000 205087605 850640
0b00c501 0b000101 10000 100 10000000 2000000000 205091520 850640
0b007e01 0b000101 10000 100 10000000 2000000000 205104129 850640
0b006a01 0b000101 10000 100 10000000 2000000000 205107174 850640
0b006f01 0b000101 10000 100 10000000 2000000000 205109523 850640
0b00bf01 0b000101 10000 100 10000000 2000000000 205129272 850640
0b008d01 0b000101 10000 100 10000000 2000000000 205167832 850640
0b006201 0b000101 10000 100 10000000 2000000000 205177921 850640
0b00ba01 0b000101 10000 100 10000000 2000000000 205182706 850640
0b006d01 0b000101 10000 100 10000000 2000000000 205207153 850640
0b005f01 0b000101 10000 100 10000000 2000000000 205216984 850640
0b00f001 0b000101 10000 100 10000000 2000000000 205217419 850640
0b00c901 0b000101 10000 100 10000000 2000000000 205246958 850640
0b00f201 0b000101 10000 100 10000000 2000000000 205265663 850640
0b00a701 0b000101 10000 100 10000000 2000000000 205266968 850640
0b009701 0b000101 10000 100 10000000 2000000000 205273580 850640
0b00e801 0b000101 10000 100 10000000 2000000000 205282715 850640
0b005101 0b000101 10000 100 10000000 2000000000 205285760 850640
0b007301 0b000101 10000 100 10000000 2000000000 205306443 850640
0b009401 0b000101 10000 100 10000000 2000000000 205307226 850640
0b00a201 0b000101 10000 100 10000000 2000000000 205315954 850640
0b00c001 0b000101 10000 100 10000000 2000000000 205321783 850640
0b00fa01 0b000101 10000 100 10000000 2000000000 205383598 850640
0b00ac01 0b000101 10000 100 10000000 2000000000 205390384 850640
0b00bb01 0b000101 10000 100 10000000 2000000000 205415656 850640
0b005701 0b000101 10000 100 10000000 2000000000 205420189 850640
0b007501 0b000101 10000 100 10000000 2000000000 205428889 850640
0b004101 0b000101 10000 100 10000000 2000000000 205432291 850640
0b00fc01 0b000101 10000 100 10000000 2000000000 205437772 850640
0b008101 0b000101 10000 100 10000000 2000000000 205444393 850640
0b006801 0b000101 10000 100 10000000 2000000000 205446572 850640
0b00a801 0b000101 10000 100 10000000 2000000000 205452140 850640
0b008e01 0b000101 10000 100 10000000 2000000000 205455707 850640
0b009c01 0b000101 10000 100 10000000 2000000000 205470151 850640
0b00d501 0b000101 10000 100 10000000 2000000000 205474378 850640
0b00a401 0b000101 10000 100 10000000 2000000000 205481860 850640
0b008b01 0b000101 10000 100 10000000 2000000000 205486303 850640
0b004201 0b000101 10000 100 10000000 2000000000 205514204 850640
0b00b901 0b000101 10000 100 10000000 2000000000 205517684 850640
0b00b201 0b000101 10000 100 10000000 2000000000 205519615 850640
0b007401 0b000101 10000 100 10000000 2000000000 205523109 850640
0b007901 0b000101 10000 100 10000000 2000000000 205562462 850640
0b00f701 0b000101 10000 100 10000000 2000000000 205562984 850640
0b00f301 0b000101 10000 100 10000000 2000000000 205569161 850640
0b00be01 0b000101 10000 100 10000000 2000000000 205576088 850640
0b00df01 0b000101 10000 100 10000000 2000000000 205593541 850640
0b00ab01 0b000101 10000 100 10000000 2000000000 205599063 850640
0b009301 0b000101 10000 100 10000000 2000000000 205607345 850640
0b010101 0b000101 10000 100 10000000 2000000000 205613609 850640
0b00f601 0b000101 10000 100 10000000 2000000000 205621094 850640
0b008501 0b000101 10000 100 10000000 2000000000 205635346 850640
0b006e01 0b000101 10000 100 10000000 2000000000 205652058 850640
0b00b101 0b000101 10000 100 10000000 2000000000 205659279 850640
0b00a001 0b000101 10000 100 10000000 2000000000 205660758 850640
0b00ed01 0b000101 10000 100 10000000 2000000000 205665804 850640
0b00f801 0b000101 10000 100 10000000 2000000000 205669980 850640
0b004301 0b000101 10000 100 10000000 2000000000 205671872 850640
0b004f01 0b000101 10000 100 10000000 2000000000 205694420 850640
0b00c801 0b000101 10000 100 10000000 2000000000 205710175 850640
0b00f501 0b000101 10000 100 10000000 2000000000 205713655 850640
0b00e001 0b000101 10000 100 10000000 2000000000 205713829 850640
0b008301 0b000101 10000 100 10000000 2000000000 205715743 850640
0b00ae01 0b000101 10000 100 10000000 2000000000 205723852 850640
0b00d601 0b000101 10000 100 10000000 2000000000 205729611 850640
0b00ea01 0b000101 10000 100 10000000 2000000000 205740289 850640
0b00e401 0b000101 10000 100 10000000 2000000000 205751035 850640
0b007a01 0b000101 10000 100 10000000 2000000000 205763744 850640
0b005901 0b000101 10000 100 10000000 2000000000 205766528 850640
0b008701 0b000101 10000 100 10000000 2000000000 205774975 850640
0b00ec01 0b000101 10000 100 10000000 2000000000 205775323 850640
0b006101 0b000101 10000 100 10000000 2000000000 205781223 850640
0b004a01 0b000101 10000 100 10000000 2000000000 205799081 850640
0b008201 0b000101 10000 100 10000000 2000000000 205800038 850640
0b00eb01 0b000101 10000 100 10000000 2000000000 205800212 850640
0b00a101 0b000101 10000 100 10000000 2000000000 205807720 850640
0b00c701 0b000101 10000 100 10000000 2000000000 205808068 850640
0b006001 0b000101 10000 100 10000000 2000000000 205813258 850640
0b007201 0b000101 10000 100 10000000 2000000000 205814998 850640
0b00f401 0b000101 10000 100 10000000 2000000000 205828819 850640
0b005c01 0b000101 10000 100 10000000 2000000000 205829341 850640
0b006c01 0b000101 10000 100 10000000 2000000000 205851597 850640
0b00de01 0b000101 10000 100 10000000 2000000000 205853163 850640
0b004501 0b000101 10000 100 10000000 2000000000 205854120 850640
0b007701 0b000101 10000 100 10000000 2000000000 205860450 850640
0b00d801 0b000101 10000 100 10000000 2000000000 205863404 850640
0b004b01 0b000101 10000 100 10000000 2000000000 205871611 850640
0b00a601 0b000101 10000 100 10000000 2000000000 205872046 850640
0b00b301 0b000101 10000 100 10000000 2000000000 205881271 850640
0b00d201 0b000101 10000 100 10000000 2000000000 205882717 850640
0b007b01 0b000101 10000 100 10000000 2000000000 205883681 850640
0b006701 0b000101 10000 100 10000000 2000000000 205888882 850640
0b00dd01 0b000101 10000 100 10000000 2000000000 205898573 850640
0b009f01 0b000101 10000 100 10000000 2000000000 205906490 850640
0b00cc01 0b000101 10000 100 10000000 2000000000 205907708 850640
0b004601 0b000101 10000 100 10000000 2000000000 205910668 850640
0b00d901 0b000101 10000 100 10000000 2000000000 205918751 850640
0b008001 0b000101 10000 100 10000000 2000000000 205920491 850640
0b005d01 0b000101 10000 100 10000000 2000000000 205923563 850640
0b00e901 0b000101 10000 100 10000000 2000000000 205926465 850640
0b009901 0b000101 10000 100 10000000 2000000000 205932643 850640
0b00ce01 0b000101 10000 100 10000000 2000000000 205937294 850640
0b007101 0b000101 10000 100 10000000 2000000000 205938933 850640
0b00f901 0b000101 10000 100 10000000 2000000000 205939455 850640
0b00e601 0b000101 10000 100 10000000 2000000000 205940847 850640
0b00e701 0b000101 10000 100 10000000 2000000000 205940934 850640
0b00a301 0b000101 10000 100 10000000 2000000000 205947132 850640
0b00b601 0b000101 10000 100 10000000 2000000000 205947654 850640
0b009e01 0b000101 10000 100 10000000 2000000000 205958396 850640
0b004701 0b000101 10000 100 10000000 2000000000 205959527 850640
0b009a01 0b000101 10000 100 10000000 2000000000 205963383 850640
0b00d701 0b000101 10000 100 10000000 2000000000 205964688 850640
0b00af01 0b000101 10000 100 10000000 2000000000 205966697 850640
0b004e01 0b000101 10000 100 10000000 2000000000 205974559 850640
0b009001 0b000101 10000 100 10000000 2000000000 205975864 850640
0b007f01 0b000101 10000 100 10000000 2000000000 205976508 850640
0b00ad01 0b000101 10000 100 10000000 2000000000 205976856 850640
0b008f01 0b000101 10000 100 10000000 2000000000 205977420 850640
0b00c601 0b000101 10000 100 10000000 2000000000 205984033 850640
0b00db01 0b000101 10000 100 10000000 2000000000 205987169 850640
0b00c101 0b000101 10000 100 10000000 2000000000 205991054 850640
0b00a901 0b000101 10000 100 10000000 2000000000 205991322 850640
0b007601 0b000101 10000 100 10000000 2000000000 205994828 850640
0b00aa01 0b000101 10000 100 10000000 2000000000 205998356 850640
0b006501 0b000101 10000 100 10000000 2000000000 206004675 850640
0b005e01 0b000101 10000 100 10000000 2000000000 206005340 850640
0b00dc01 0b000101 10000 100 10000000 2000000000 206057226 850640
0b000001 0b000101 10003 100 10000000 2000000000 206065196 842560
0b00ca01 0b000101 10000 100 10000000 2000000000 206066785 850640
0b00c401 0b000101 10000 100 10000000 2000000000 206072641 850640
0b00ef01 0b000101 10000 100 10000000 2000000000 206086087 850640
0b00e301 0b000101 10000 100 10000000 2000000000 206088356 850640
0b000001 0b000101 10004 100 10000000 2000000000 206089530 842560
0b008601 0b000101 10000 100 10000000 2000000000 206090217 850640
0b008401 0b000101 10000 100 10000000 2000000000 206092713 850640
0b005401 0b000101 10000 100 10000000 2000000000 206098520 850640
0b009d01 0b000101 10000 100 10000000 2000000000 206100110 850640
0b005001 0b000101 10000 100 10000000 2000000000 206100197 850640
0b005201 0b000101 10000 100 10000000 2000000000 206100981 850640
0b000001 0b000101 10005 100 10000000 2000000000 206101137 842560
0b008a01 0b000101 10000 100 10000000 2000000000 206108785 850640
0b000001 0b000101 10001 100 10000000 2000000000 206108840 842560
0b00fb01 0b000101 10000 100 10000000 2000000000 206110932 850640
0b000001 0b000101 10002 100 10000000 2000000000 206113810 842560
0b00c301 0b000101 10000 100 10000000 2000000000 206114952 850640
0b000001 0b000101 10006 100 10000000 2000000000 206118587 842560
0b006901 0b000101 10000 100 10000000 2000000000 206123731 850640
0b000001 0b000101 10000 100 10000000 2000000000 206130568 842560
0b00e201 0b000101 10000 100 10000000 2000000000 206145915 850640
0b007d01 0b000101 10000 100 10000000 2000000000 206148003 850640
0b004401 0b000101 10000 100 10000000 2000000000 206149743 850640
0b004c01 0b000101 10000 100 10000000 2000000000 206153223 850640
0b007c01 0b000101 10000 100 10000000 2000000000 206155833 850640
0b006601 0b000101 10000 100 10000000 2000000000 206164234 850640
0b009501 0b000101 10000 100 10000000 2000000000 206165349 850640
0b00cd01 0b000101 10000 100 10000000 2000000000 206170840 850640
0b005601 0b000101 10000 100 10000000 2000000000 206175071 850640
0b00d101 0b000101 10000 100 10000000 2000000000 206218956 850640
0b000401 0b000101 10000 100 150000000 2000000000 244533240 12580160
0b000301 0b000101 10000 100 200000000 2000000000 252900142 16772160
0b000201 0b000101 10000 100 200000000 2000000000 253819779 16772160
