0b003101 0b000101 10000 100 5000000 2000000000 32810024 823400
0b001401 0b000101 10000 100 5000000 2000000000 32810356 823400
0b003801 0b000101 10000 100 5000000 2000000000 32810688 823400
0b001e01 0b000101 10000 100 5000000 2000000000 32811020 823400
0b003301 0b000101 10000 100 5000000 2000000000 32878831 823400
0b003401 0b000101 10000 100 5000000 2000000000 32879163 823400
0b002201 0b000101 10000 100 5000000 2000000000 40568615 823400
0b002701 0b000101 10000 100 5000000 2000000000 40568947 823400
0b002a01 0b000101 10000 100 5000000 2000000000 40569279 823400
0b002301 0b000101 10000 100 5000000 2000000000 41930977 823400
0b002601 0b000101 10000 100 5000000 2000000000 41931309 823400
0b002801 0b000101 10000 100 5000000 2000000000 41931641 823400
0b001001 0b000101 10000 100 5000000 2000000000 47970887 823400
0b001101 0b000101 10000 100 5000000 2000000000 47971219 823400
0b001601 0b000101 10000 100 5000000 2000000000 47971551 823400
0b001701 0b000101 10000 100 5000000 2000000000 47971883 823400
0b001201 0b000101 10000 100 5000000 2000000000 52946322 823400
0b001901 0b000101 10000 100 5000000 2000000000 52946654 823400
0b001a01 0b000101 10000 100 5000000 2000000000 52946986 823400
0b001b01 0b000101 10000 100 5000000 2000000000 52947318 823400
0b002001 0b000101 10000 100 5000000 2000000000 54635704 823400
0b002101 0b000101 10000 100 5000000 2000000000 54636036 823400
0b002501 0b000101 10000 100 5000000 2000000000 54636368 823400
0b002c01 0b000101 10000 100 5000000 2000000000 54636700 823400
0b002e01 0b000101 10000 100 5000000 2000000000 54637032 823400
0b002401 0b000101 10000 100 5000000 2000000000 62901674 823400
0b002901 0b000101 10000 100 5000000 2000000000 62902006 823400
0b002b01 0b000101 10000 100 5000000 2000000000 62902338 823400
0b002d01 0b000101 10000 100 5000000 2000000000 62902670 823400
0b002f01 0b000101 10000 100 5000000 2000000000 62903002 823400
0b001301 0b000101 10000 100 5000000 2000000000 71174201 823400
0b001501 0b000101 10000 100 5000000 2000000000 71174533 823400
0b001801 0b000101 10000 100 5000000 2000000000 71174865 823400
0b001c01 0b000101 10000 100 5000000 2000000000 71175197 823400
0b001d01 0b000101 10000 100 5000000 2000000000 71175529 823400
0b001f01 0b000101 10000 100 5000000 2000000000 71175861 823400
0b003001 0b000101 10000 100 5000000 2000000000 71180841 823400
0b003501 0b000101 10000 100 5000000 2000000000 71181173 823400
0b003601 0b000101 10000 100 5000000 2000000000 71181505 823400
0b003a01 0b000101 10000 100 5000000 2000000000 71181837 823400
0b003d01 0b000101 10000 100 5000000 2000000000 71182169 823400
0b003e01 0b000101 10000 100 5000000 2000000000 71182501 823400
0b003201 0b000101 10000 100 5000000 2000000000 71232218 823400
0b003701 0b000101 10000 100 5000000 2000000000 71232550 823400
0b003901 0b000101 10000 100 5000000 2000000000 71232882 823400
0b003b01 0b000101 10000 100 5000000 2000000000 71233214 823400
0b003c01 0b000101 10000 100 5000000 2000000000 71233546 823400
0b003f01 0b000101 10000 100 5000000 2000000000 71233878 823400
0b000e01 0b000101 10000 100 5000000 2000000000 110886205 819360
0b000d01 0b000101 10000 100 5000000 2000000000 110886288 819360
0b000f01 0b000101 10000 100 5000000 2000000000 110887699 819360
0b000b01 0b000101 10000 100 5000000 2000000000 110887782 819360
0b000901 0b000101 10000 100 5000000 2000000000 110887865 819360
0b000801 0b000101 10000 100 5000000 2000000000 110887948 819360
0b000601 0b000101 10000 100 5000000 2000000000 110889193 819360
0b000501 0b000101 10000 100 5000000 2000000000 110889276 819360
0b000c01 0b000101 10000 100 5000000 2000000000 110895003 819360
0b000a01 0b000101 10000 100 5000000 2000000000 110908117 819360
0b000701 0b000101 10000 100 5000000 2000000000 110909777 819360
0b00a101 0b000101 10000 100 10000000 2000000000 146663126 1246640
0b004701 0b000101 10000 100 10000000 2000000000 146861164 1246640
0b009301 0b000101 10000 100 10000000 2000000000 151849630 1246640
0b009e01 0b000101 10000 100 10000000 2000000000 151851041 1246640
0b00fc01 0b000101 10000 100 10000000 2000000000 156006851 1246640
0b00c301 0b000101 10000 100 10000000 2000000000 177282656 1246640
0b005501 0b000101 10000 100 10000000 2000000000 177930803 1246640
0b007c01 0b000101 10000 100 10000000 2000000000 177931301 1246640
0b004301 0b000101 10000 100 10000000 2000000000 177932131 1246640
0b009201 0b000101 10000 100 10000000 2000000000 177938771 1246640
0b009a01 0b000101 10000 100 10000000 2000000000 177938937 1246640
0b004d01 0b000101 10000 100 10000000 2000000000 179875576 1246640
0b00b801 0b000101 10000 100 10000000 2000000000 182819005 1246640
0b00e701 0b000101 10000 100 10000000 2000000000 183799982 1246640
0b00e901 0b000101 10000 100 10000000 2000000000 183800646 1246640
0b00bf01 0b000101 10000 100 10000000 2000000000 189460665 1246640
0b010101 0b000101 10000 100 10000000 2000000000 194338824 1246640
0b008101 0b000101 10000 100 10000000 2000000000 194590895 1246640
0b00f801 0b000101 10000 100 10000000 2000000000 196282684 1246640
0b004b01 0b000101 10000 100 10000000 2000000000 197082472 1246640
0b007d01 0b000101 10000 100 10000000 2000000000 197180661 1246640
0b006701 0b000101 10000 100 10000000 2000000000 198022779 1246640
0b005701 0b000101 10000 100 10000000 2000000000 199332270 1246640
0b00fe01 0b000101 10000 100 10000000 2000000000 203656985 1246640
0b00c001 0b000101 10000 100 10000000 2000000000 203732681 1246640
0b00f901 0b000101 10000 100 10000000 2000000000 203750609 1246640
0b00b601 0b000101 10000 100 10000000 2000000000 205524319 1246640
0b009601 0b000101 10000 100 10000000 2000000000 206608631 1246640
0b009c01 0b000101 10000 100 10000000 2000000000 206754047 1246640
0b008301 0b000101 10000 100 10000000 2000000000 207580727 1246640
0b00e501 0b000101 10000 100 10000000 2000000000 208472313 1246640
0b00a601 0b000101 10000 100 10000000 2000000000 209375602 1246640
0b00d801 0b000101 10000 100 10000000 2000000000 209477194 1246640
0b00da01 0b000101 10000 100 10000000 2000000000 209499521 1246640
0b00ab01 0b000101 10000 100 10000000 2000000000 209609330 1246640
0b00ae01 0b000101 10000 100 10000000 2000000000 209756323 1246640
0b009001 0b000101 10000 100 10000000 2000000000 210287191 1246640
0b009801 0b000101 10000 100 10000000 2000000000 210344212 1246640
0b009d01 0b000101 10000 100 10000000 2000000000 210363634 1246640
0b00df01 0b000101 10000 100 10000000 2000000000 210627076 1246640
0b00f401 0b000101 10000 100 10000000 2000000000 210668659 1246640
0b00ef01 0b000101 10000 100 10000000 2000000000 210687998 1246640
0b00fa01 0b000101 10000 100 10000000 2000000000 210722609 1246640
0b00c101 0b000101 10000 100 10000000 2000000000 211061830 1246640
0b00cc01 0b000101 10000 100 10000000 2000000000 211081584 1246640
0b00b501 0b000101 10000 100 10000000 2000000000 211095528 1246640
0b00a901 0b000101 10000 100 10000000 2000000000 211117274 1246640
0b00c701 0b000101 10000 100 10000000 2000000000 211527460 1246640
0b004f01 0b000101 10000 100 10000000 2000000000 211592781 1246640
0b007401 0b000101 10000 100 10000000 2000000000 212180587 1246640
0b00e401 0b000101 10000 100 10000000 2000000000 213139652 1246640
0b00e201 0b000101 10000 100 10000000 2000000000 213262990 1246640
0b005201 0b000101 10000 100 10000000 2000000000 213798008 1246640
0b006501 0b000101 10000 100 10000000 2000000000 213877771 1246640
0b00ea01 0b000101 10000 100 10000000 2000000000 213900347 1246640
0b00f601 0b000101 10000 100 10000000 2000000000 213903003 1246640
0b004901 0b000101 10000 100 10000000 2000000000 216012199 1246640
0b008b01 0b000101 10000 100 10000000 2000000000 219433376 1246640
0b00be01 0b000101 10000 100 10000000 2000000000 219451636 1246640
0b008e01 0b000101 10000 100 10000000 2000000000 219477698 1246640
0b00d501 0b000101 10000 100 10000000 2000000000 219505420 1246640
0b00d701 0b000101 10000 100 10000000 2000000000 220706596 1246640
0b00d301 0b000101 10000 100 10000000 2000000000 221392591 1246640
0b004401 0b000101 10000 100 10000000 2000000000 223006277 1246640
0b009501 0b000101 10000 100 10000000 2000000000 223279181 1246640
0b005101 0b000101 10000 100 10000000 2000000000 225264126 1246640
0b005f01 0b000101 10000 100 10000000 2000000000 225468555 1246640
0b006d01 0b000101 10000 100 10000000 2000000000 225781548 1246640
0b006e01 0b000101 10000 100 10000000 2000000000 225819147 1246640
0b006001 0b000101 10000 100 10000000 2000000000 225879405 1246640
0b00b301 0b000101 10000 100 10000000 2000000000 226226843 1246640
0b006101 0b000101 10000 100 10000000 2000000000 226355742 1246640
0b004801 0b000101 10000 100 10000000 2000000000 227403700 1246640
0b000001 0b000101 10001 100 10000000 2000000000 230129649 1238560
0b000001 0b000101 10002 100 10000000 2000000000 230130147 1238560
0b000001 0b000101 10000 100 10000000 2000000000 230134380 1238560
0b000001 0b000101 10005 100 10000000 2000000000 230142514 1238560
0b000001 0b000101 10006 100 10000000 2000000000 230144257 1238560
0b000001 0b000101 10004 100 10000000 2000000000 230145917 1238560
0b000001 0b000101 10003 100 10000000 2000000000 230146830 1238560
0b00c401 0b000101 10000 100 10000000 2000000000 235484248 1246640
0b00ee01 0b000101 10000 100 10000000 2000000000 235994532 1246640
0b00b901 0b000101 10000 100 10000000 2000000000 236200455 1246640
0b00d201 0b000101 10000 100 10000000 2000000000 236263701 1246640
0b00b101 0b000101 10000 100 10000000 2000000000 236307857 1246640
0b005001 0b000101 10000 100 10000000 2000000000 237048051 1246640
0b00ac01 0b000101 10000 100 10000000 2000000000 238303011 1246640
0b00b201 0b000101 10000 100 10000000 2000000000 240094732 1246640
0b009b01 0b000101 10000 100 10000000 2000000000 240208940 1246640
0b006401 0b000101 10000 100 10000000 2000000000 244592087 1246640
0b00dd01 0b000101 10000 100 10000000 2000000000 244908815 1246640
0b00e601 0b000101 10000 100 10000000 2000000000 244935624 1246640
0b00ed01 0b000101 10000 100 10000000 2000000000 244944505 1246640
0b00c901 0b000101 10000 100 10000000 2000000000 245156155 1246640
0b00cd01 0b000101 10000 100 10000000 2000000000 245163293 1246640
0b00cf01 0b000101 10000 100 10000000 2000000000 245187031 1246640
0b004101 0b000101 10000 100 10000000 2000000000 245255008 1246640
0b004c01 0b000101 10000 100 10000000 2000000000 245261897 1246640
0b00d001 0b000101 10000 100 10000000 2000000000 245847130 1246640
0b00c601 0b000101 10000 100 10000000 2000000000 246029149 1246640
0b00af01 0b000101 10000 100 10000000 2000000000 246319898 1246640
0b00a501 0b000101 10000 100 10000000 2000000000 246331850 1246640
0b00f201 0b000101 10000 100 10000000 2000000000 246710247 1246640
0b00eb01 0b000101 10000 100 10000000 2000000000 246728341 1246640
0b00f501 0b000101 10000 100 10000000 2000000000 246769426 1246640
0b006301 0b000101 10000 100 10000000 2000000000 246773659 1246640
0b00e101 0b000101 10000 100 10000000 2000000000 248136353 1246640
0b00e801 0b000101 10000 100 10000000 2000000000 248138262 1246640
0b00bc01 0b000101 10000 100 10000000 2000000000 249584620 1246640
0b00db01 0b000101 10000 100 10000000 2000000000 250213511 1246640
0b00f701 0b000101 10000 100 10000000 2000000000 251456270 1246640
0b00fd01 0b000101 10000 100 10000000 2000000000 251459922 1246640
0b00ff01 0b000101 10000 100 10000000 2000000000 251462495 1246640
0b00a301 0b000101 10000 100 10000000 2000000000 251471293 1246640
0b008c01 0b000101 10000 100 10000000 2000000000 251473534 1246640
0b005401 0b000101 10000 100 10000000 2000000000 252454843 1246640
0b00fb01 0b000101 10000 100 10000000 2000000000 252475925 1246640
0b00ec01 0b000101 10000 100 10000000 2000000000 252506054 1246640
0b00c201 0b000101 10000 100 10000000 2000000000 252510702 1246640
0b00f101 0b000101 10000 100 10000000 2000000000 252614452 1246640
0b007a01 0b000101 10000 100 10000000 2000000000 252872499 1246640
0b007b01 0b000101 10000 100 10000000 2000000000 252894162 1246640
0b007f01 0b000101 10000 100 10000000 2000000000 253035262 1246640
0b00aa01 0b000101 10000 100 10000000 2000000000 253055348 1246640
0b00a401 0b000101 10000 100 10000000 2000000000 253074604 1246640
0b006b01 0b000101 10000 100 10000000 2000000000 253255046 1246640
0b004a01 0b000101 10000 100 10000000 2000000000 253429263 1246640
0b006c01 0b000101 10000 100 10000000 2000000000 253683907 1246640
0b006801 0b000101 10000 100 10000000 2000000000 253860116 1246640
0b006f01 0b000101 10000 100 10000000 2000000000 253913070 1246640
0b008601 0b000101 10000 100 10000000 2000000000 254062885 1246640
0b00a701 0b000101 10000 100 10000000 2000000000 254291384 1246640
0b00a801 0b000101 10000 100 10000000 2000000000 254343508 1246640
0b00f301 0b000101 10000 100 10000000 2000000000 255284479 1246640
0b004501 0b000101 10000 100 10000000 2000000000 257512863 1246640
0b00e001 0b000101 10000 100 10000000 2000000000 258235793 1246640
0b009901 0b000101 10000 100 10000000 2000000000 258256626 1246640
0b004201 0b000101 10000 100 10000000 2000000000 258326595 1246640
0b00cb01 0b000101 10000 100 10000000 2000000000 258418974 1246640
0b006a01 0b000101 10000 100 10000000 2000000000 258424037 1246640
0b005901 0b000101 10000 100 10000000 2000000000 258430594 1246640
0b00ce01 0b000101 10000 100 10000000 2000000000 258484544 1246640
0b007201 0b000101 10000 100 10000000 2000000000 258489607 1246640
0b007801 0b000101 10000 100 10000000 2000000000 258546628 1246640
0b00d101 0b000101 10000 100 10000000 2000000000 258681337 1246640
0b008801 0b000101 10000 100 10000000 2000000000 259048363 1246640
0b010001 0b000101 10000 100 10000000 2000000000 259222497 1246640
0b00dc01 0b000101 10000 100 10000000 2000000000 259259681 1246640
0b007701 0b000101 10000 100 10000000 2000000000 259323840 1246640
0b00d601 0b000101 10000 100 10000000 2000000000 259547774 1246640
0b009f01 0b000101 10000 100 10000000 2000000000 259683313 1246640
0b008201 0b000101 10000 100 10000000 2000000000 259687048 1246640
0b00b401 0b000101 10000 100 10000000 2000000000 259724481 1246640
0b004601 0b000101 10000 100 10000000 2000000000 259817192 1246640
0b00b701 0b000101 10000 100 10000000 2000000000 260015645 1246640
0b008f01 0b000101 10000 100 10000000 2000000000 260188451 1246640
0b005b01 0b000101 10000 100 10000000 2000000000 260323990 1246640
0b005e01 0b000101 10000 100 10000000 2000000000 260415290 1246640
0b00c801 0b000101 10000 100 10000000 2000000000 260473224 1246640
0b009101 0b000101 10000 100 10000000 2000000000 260500282 1246640
0b009401 0b000101 10000 100 10000000 2000000000 260510989 1246640
0b005301 0b000101 10000 100 10000000 2000000000 260528585 1246640
0b009701 0b000101 10000 100 10000000 2000000000 261440280 1246640
0b005d01 0b000101 10000 100 10000000 2000000000 261773857 1246640
0b005c01 0b000101 10000 100 10000000 2000000000 261808302 1246640
0b00ad01 0b000101 10000 100 10000000 2000000000 263671237 1246640
0b00e301 0b000101 10000 100 10000000 2000000000 263883800 1246640
0b00de01 0b000101 10000 100 10000000 2000000000 264503697 1246640
0b00a201 0b000101 10000 100 10000000 2000000000 322671594 1246640
0b004e01 0b000101 10000 100 10000000 2000000000 333463733 1246640
0b00a001 0b000101 10000 100 10000000 2000000000 344164193 1246640
0b00d401 0b000101 10000 100 10000000 2000000000 348129241 1246640
0b00d901 0b000101 10000 100 10000000 2000000000 348714786 1246640
0b008501 0b000101 10000 100 10000000 2000000000 351975137 1246640
0b00ba01 0b000101 10000 100 10000000 2000000000 352559686 1246640
0b008001 0b000101 10000 100 10000000 2000000000 383837387 1246640
0b008701 0b000101 10000 100 10000000 2000000000 388716234 1246640
0b00bb01 0b000101 10000 100 10000000 2000000000 390127719 1246640
0b007901 0b000101 10000 100 10000000 2000000000 397023821 1246640
0b007301 0b000101 10000 100 10000000 2000000000 398111155 1246640
0b00bd01 0b000101 10000 100 10000000 2000000000 398394497 1246640
0b007501 0b000101 10000 100 10000000 2000000000 398759291 1246640
0b007e01 0b000101 10000 100 10000000 2000000000 399196912 1246640
0b007601 0b000101 10000 100 10000000 2000000000 399857332 1246640
0b000401 0b000101 10000 100 150000000 2000000000 10839236216 12976160
0b000301 0b000101 10000 100 200000000 2000000000 15062571799 17168160
0b000201 0b000101 10000 100 200000000 2000000000 15067336097 17168160
