0b003901 0b000101 10000 100 50000000 1250538 7975227 4596200
0b011f01 0b000101 10000 100 50000000 9941883 8153984 4600240
0b003301 0b000101 10000 100 50000000 19006311 6037374 4596200
0b00b901 0b000101 10000 100 50000000 28867606 10636345 4600240
0b008801 0b000101 10000 100 50000000 35091016 12974634 4600240
0b009601 0b000101 10000 100 50000000 41470233 10370755 4600240
0b010201 0b000101 10000 100 50000000 30100935 148841383 4600240
0b00d801 0b000101 10000 100 50000000 1589134 179342713 4600240
0b00c101 0b000101 10000 100 50000000 3940009 177809352 4600240
0b002301 0b000101 10000 100 50000000 2291219 179671458 4596200
0b011701 0b000101 10000 100 50000000 4346942 177817963 4600240
0b00c201 0b000101 10000 100 50000000 4835818 177367171 4600240
0b00ac01 0b000101 10000 100 50000000 5110514 177370218 4600240
0b011201 0b000101 10000 100 50000000 6241308 176758801 4600240
0b00ba01 0b000101 10000 100 50000000 8132705 176178490 4600240
0b00b501 0b000101 10000 100 50000000 10475352 175533284 4600240
0b00d601 0b000101 10000 100 50000000 11022030 175266651 4600240
0b008c01 0b000101 10000 100 50000000 12244592 174377916 4600240
0b002f01 0b000101 10000 100 50000000 10931899 176304331 4596200
0b00ae01 0b000101 10000 100 50000000 13893567 173537480 4600240
0b012d01 0b000101 10000 100 50000000 13909535 173525345 4600240
0b002401 0b000101 10000 100 50000000 30456549 169017478 4596200
0b00b001 0b000101 10000 100 50000000 30186302 170247201 4600240
0b00e801 0b000101 10000 100 50000000 31784222 169174870 4600240
0b005101 0b000101 10000 100 50000000 34906970 167571816 4600240
0b004701 0b000101 10000 100 50000000 36823560 166213890 4600240
0b007401 0b000101 10000 100 50000000 38653417 164911812 4600240
0b000301 0b000101 10000 100 50000000 37940368 165979601 4592160
0b001601 0b000101 10000 100 50000000 36486588 167713390 4596200
0b013c01 0b000101 10000 100 50000000 44272587 161294239 4600240
0b002801 0b000101 10000 100 50000000 42765886 163635694 4596200
0b006e01 0b000101 10000 100 50000000 47860654 159055825 4600240
