0b00d601 0b006901 10000 100 2048 12054 12374 12415
0b012701 0b011501 10000 100 102400 18500 17082 16787
0b007001 0b00bd01 10000 100 20480 25428 13974 13959
0b000901 0b003801 10000 100 10240 36894 9041 9061
0b00ee01 0b00df01 10000 100 51200 42191 12605 12495
0b011d01 0b005901 10000 100 5120 43268 12640 12672
0b008201 0b006801 10000 100 102400 43069 21122 20827
0b013201 0b012501 10000 100 204800 39725 26481 25371
0b003d01 0b007c01 10000 100 5120 60422 12640 12672
0b001701 0b005f01 10000 100 2048 63834 12374 12415
0b00ea01 0b001001 10000 100 5120 64254 12654 12672
0b003401 0b00d701 10000 100 204800 49145 30252 29411
0b00c901 0b003001 10000 100 20480 69362 13974 13959
0b008001 0b010f01 10000 100 20480 73574 15815 13959
0b000201 0b00c201 10000 100 5120 82423 12640 12672
0b013801 0b007b01 10000 100 51200 80658 16649 16535
0b009101 0b011e01 10000 100 204800 67673 30252 29411
0b010901 0b007e01 10000 100 51200 82600 16661 16535
0b011601 0b00a001 10000 100 102400 82608 21122 20827
0b002801 0b012701 10000 100 20480 93950 13975 13959
0b010001 0b004801 10000 100 102400 94316 21122 20827
0b012c01 0b012b01 10000 100 5120 111850 4552 4592
0b001b01 0b006d01 10000 100 512000 58162 59015 55166
0b00ae01 0b002c01 10000 100 2048 106260 12374 12415
0b00d401 0b011301 10000 100 204800 96537 30252 29411
0b013001 0b000601 10000 100 2048 115114 12420 12415
0b007901 0b004001 10000 100 51200 122742 12625 12495
0b011a01 0b012301 10000 100 204800 108204 27569 25371
0b002801 0b00df01 10000 100 1024 128658 12285 12329
0b00bf01 0b000901 10000 100 512000 88995 59013 55166
0b001701 0b007801 10000 100 204800 117639 31468 29411
0b00b601 0b00bd01 10000 100 512000 107134 51273 47086
0b006001 0b005901 10000 100 2048 151762 8330 8375
0b000601 0b005701 10000 100 1048576 56631 108114 100154
0b011901 0b00c801 10000 100 51200 159812 16672 16535
0b00c601 0b00f301 10000 100 512000 131415 55239 51126
0b00e901 0b003101 10000 100 1048576 86527 108036 100154
0b00c901 0b00c401 10000 100 51200 190444 13001 8455
0b00c501 0b007701 10000 100 2048 195519 12374 12415
0b00e701 0b004d01 10000 100 1024 201228 12340 12329
0b007401 0b004201 10000 100 1048576 119477 104323 96114
0b009c01 0b00d501 10000 100 20480 210365 14046 13959
0b00d701 0b012601 10000 100 102400 203947 21122 20827
0b005a01 0b00c401 10000 100 51200 208596 16674 16535
0b003701 0b00ac01 10000 100 2097152 22517 204295 188068
0b00a701 0b004e01 10000 100 2097152 25166 204240 188068
0b00d501 0b00b101 10000 100 10240 217390 13155 13101
0b004901 0b00f401 10000 100 5120 222453 12652 12672
0b012101 0b00f101 10000 100 102400 214390 21103 20827
0b009a01 0b002901 10000 100 204800 205562 30286 29411
0b00e001 0b00c101 10000 100 2097152 40449 200466 184028
0b007f01 0b005c01 10000 100 51200 237917 12778 12495
0b00b601 0b007b01 10000 100 512000 192950 59015 55166
0b005801 0b000101 10000 100 51200 237630 16669 16535
0b012c01 0b00e601 10000 100 512000 197216 59045 55166
0b00ca01 0b003c01 10000 100 512000 206086 60383 55166
0b011901 0b007a01 10000 100 512000 202709 63864 55166
0b00ec01 0b012201 10000 100 512000 199572 67805 55166
0b00b101 0b002801 10000 100 51200 255441 16695 16535
0b010c01 0b012501 10000 100 51200 264664 12625 12495
0b000901 0b00d801 10000 100 1048576 170165 108061 100154
0b004701 0b00b801 10000 100 10240 268578 13110 13101
0b012d01 0b013401 10000 100 2048 277283 8330 8375
0b004901 0b00fb01 10000 100 2048 274112 12414 12415
0b006401 0b00ca01 10000 100 51200 267474 20395 16535
0b004501 0b007601 10000 100 5120 279933 8596 8632
0b003f01 0b00b901 10000 100 2097152 85263 204218 188068
0b004701 0b011101 10000 100 5120 279470 12661 12672
0b00bc01 0b000801 10000 100 102400 272436 21122 20827
0b004401 0b012901 10000 100 102400 279473 21102 20827
0b000601 0b00ec01 10000 100 204800 271283 31458 29411
0b008901 0b00a101 10000 100 10240 298440 9816 9061
0b012b01 0b008b01 10000 100 51200 292645 16668 16535
0b008101 0b012f01 10000 100 512000 254584 59015 55166
0b00ad01 0b00fc01 10000 100 1024 305429 12475 12329
0b011101 0b009101 10000 100 102400 298054 21141 20827
0b008e01 0b00a801 10000 100 5120 311475 8628 8632
0b005301 0b00fd01 10000 100 51200 305927 16697 16535
0b00c601 0b009301 10000 100 102400 301481 21168 20827
0b001e01 0b009001 10000 100 2097152 129156 204243 188068
0b006f01 0b00d401 10000 100 2097152 128319 213347 188068
0b00fc01 0b013901 10000 100 2048 335232 12391 12415
0b00a401 0b00de01 10000 100 51200 332335 16722 16535
0b005101 0b010901 10000 100 2097152 147238 204285 188068
0b011401 0b00ca01 10000 100 2097152 138331 217770 188068
0b007101 0b00cb01 10000 100 51200 339589 16675 16535
0b009801 0b010601 10000 100 10240 345312 13471 13101
0b006b01 0b00ca01 10000 100 1024 348101 12328 12329
0b000301 0b011a01 10000 100 51200 363636 18840 16535
0b013601 0b005c01 10000 100 1024 375847 12376 12329
0b00d501 0b003901 10000 100 1024 377047 12332 12329
0b00ed01 0b011401 10000 100 102400 376815 21133 20827
0b00ef01 0b00a701 10000 100 1024 386320 12305 12329
0b00f501 0b00a301 10000 100 51200 388269 17154 16535
0b013e01 0b003301 10000 100 102400 384917 21129 20827
0b00f801 0b00ff01 10000 100 10240 402245 5432 5021
0b00e201 0b006801 10000 100 204800 374450 45002 29411
0b00dc01 0b004c01 10000 100 51200 411596 16667 16535
0b011801 0b013301 10000 100 2097152 218056 213875 184028
0b002701 0b003701 10000 100 1048576 235853 200471 96114
0b006101 0b008201 10000 100 2097152 223987 219448 188068
0b00b601 0b007e01 10000 100 10240 430891 13116 13101
0b004701 0b001b01 10000 100 1048576 315083 134134 100154
0b001301 0b011901 10000 100 5120 447537 13047 12672
0b00f101 0b008a01 10000 100 5120 449744 12662 12672
0b013101 0b002b01 10000 100 1048576 355933 110420 100154
0b00fb01 0b011201 10000 100 1048576 340609 127258 100154
0b003a01 0b002901 10000 100 512000 418491 55536 51126
0b005501 0b010901 10000 100 102400 439329 38548 20827
0b002e01 0b012601 10000 100 20480 464590 13995 13959
0b008501 0b00b901 10000 100 5120 471190 8606 8632
0b00d301 0b00c101 10000 100 204800 454994 26484 25371
0b000801 0b008701 10000 100 10240 469430 13121 13101
0b00a301 0b009601 10000 100 102400 452144 34875 16787
0b005501 0b011501 10000 100 512000 396726 96099 55166
0b008201 0b003d01 10000 100 1024 485694 12409 12329
0b008001 0b00ae01 10000 100 10240 489779 9134 9061
0b00b401 0b00d401 10000 100 512000 401411 101257 55166
0b004801 0b00e101 10000 100 102400 484473 21897 20827
0b00d001 0b001c01 10000 100 512000 450773 59032 55166
0b005701 0b00f101 10000 100 51200 503588 16728 16535
0b00ec01 0b00a101 10000 100 1024 513125 12604 12329
0b008601 0b003a01 10000 100 1048576 377824 148010 100154
0b00ea01 0b011a01 10000 100 512000 428790 98912 55166
0b00d101 0b00b001 10000 100 5242880 35430 492790 451803
0b010001 0b006901 10000 100 1048576 415524 114514 100154
0b00ff01 0b009701 10000 100 204800 503989 33346 29411
0b00f301 0b013b01 10000 100 20480 523496 14001 13959
0b00e901 0b013d01 10000 100 1048576 297300 244077 100154
0b00a301 0b009701 10000 100 102400 515944 34798 16787
0b009f01 0b00ea01 10000 100 1024 547576 12368 12329
0b007801 0b003701 10000 100 512000 472712 94846 55166
0b010601 0b00fd01 10000 100 204800 538247 30252 29411
0b001201 0b00ce01 10000 100 5242880 79202 492931 451803
0b008601 0b00b201 10000 100 102400 542605 30229 16787
0b012a01 0b002b01 10000 100 1048576 468873 108087 100154
0b005d01 0b00a201 10000 100 2097152 365453 213240 188068
0b011e01 0b008401 10000 100 10240 565895 13119 13101
0b008d01 0b013801 10000 100 10240 567601 13104 13101
0b00d901 0b00d301 10000 100 102400 563090 21951 12747
0b001501 0b00e801 10000 100 51200 556934 29171 16535
0b00b401 0b013601 10000 100 10240 575850 13914 13101
0b012f01 0b001901 10000 100 2097152 385739 204342 188068
0b003201 0b011801 10000 100 512000 537227 60384 55166
0b002701 0b00a001 10000 100 204800 560116 38327 29411
0b013101 0b002601 10000 100 1024 584899 19405 12329
0b011f01 0b001c01 10000 100 512000 546552 59014 55166
0b00a001 0b008101 10000 100 1024 598683 8310 8289
0b00e801 0b009201 10000 100 1024 595693 12353 12329
0b010201 0b00bb01 10000 100 102400 588477 21492 20827
0b00c501 0b00f101 10000 100 5120 603166 8667 8632
0b012c01 0b011201 10000 100 102400 596068 17775 16787
0b005801 0b012c01 10000 100 1048576 508720 110475 100154
0b00f301 0b009b01 10000 100 1024 609985 12317 12329
0b00f101 0b00dc01 10000 100 512000 519573 108807 51126
0b012f01 0b005901 10000 100 1024 616096 12364 12329
0b012201 0b00d601 10000 100 20480 615314 15668 13959
0b012801 0b008f01 10000 100 5120 617501 13815 12672
0b004b01 0b012301 10000 100 2097152 428153 206450 188068
0b011901 0b00ff01 10000 100 2097152 294157 342958 188068
0b001101 0b001b01 10000 100 2097152 404786 234413 179988
0b00cf01 0b012501 10000 100 1048576 538322 108330 100154
0b004301 0b000501 10000 100 512000 565219 82323 55166
0b00de01 0b004401 10000 100 204800 622911 30279 29411
0b003e01 0b001501 10000 100 102400 637989 17850 16787
0b00c401 0b003701 10000 100 2097152 242285 415983 188068
0b010401 0b00d601 10000 100 1048576 546620 111961 100154
0b010f01 0b010701 10000 100 5242880 74702 589702 443723
0b013301 0b013d01 10000 100 2097152 272779 393466 179988
0b00dc01 0b011301 10000 100 512000 566929 106991 55166
0b001601 0b011501 10000 100 2048 661683 12518 12415
0b00e301 0b00d501 10000 100 51200 661615 17042 12495
0b00ef01 0b00e601 10000 100 512000 630396 53048 47086
0b013901 0b00c601 10000 100 102400 655374 30002 20827
0b007501 0b000801 10000 100 10240 679461 13085 13101
0b00fe01 0b010001 10000 100 10240 678972 13890 13101
0b00d101 0b00f101 10000 100 1024 685668 8241 8289
0b000f01 0b001e01 10000 100 20480 683966 12509 9919
0b002101 0b004b01 10000 100 204800 667756 30295 29411
0b00ec01 0b011601 10000 100 1048576 487548 213306 100154
0b00ae01 0b00f501 10000 100 1048576 494427 215254 100154
0b006e01 0b00c601 10000 100 512000 589562 121515 55166
0b000101 0b011f01 10000 100 20480 704341 14178 13959
0b013101 0b00a901 10000 100 5120 709609 13178 12672
0b009001 0b004c01 10000 100 102400 705651 21131 20827
0b009d01 0b000801 10000 100 102400 709190 24511 20827
0b00cf01 0b010a01 10000 100 512000 675751 63451 55166
0b003201 0b00f301 10000 100 512000 669748 69861 55166
0b004101 0b012f01 10000 100 51200 718656 21055 16535
0b010101 0b00dd01 10000 100 204800 666616 73287 29411
0b00f901 0b00cd01 10000 100 1048576 498779 244508 96114
0b011c01 0b008e01 10000 100 5120 731774 12760 12672
0b007001 0b00bc01 10000 100 1048576 555113 194604 100154
0b00e701 0b00bf01 10000 100 2048 739932 12478 12415
0b007a01 0b00e801 10000 100 204800 686280 67088 29411
0b006301 0b009a01 10000 100 20480 738330 17909 13959
0b006d01 0b011f01 10000 100 102400 738773 21221 20827
0b00e001 0b002501 10000 100 20480 746527 15656 13959
0b002b01 0b009a01 10000 100 204800 730715 32417 29411
0b006901 0b002601 10000 100 10240 750318 14392 13101
0b002c01 0b00a401 10000 100 512000 663146 108550 55166
0b010001 0b003101 10000 100 204800 742847 31378 29411
0b005e01 0b007401 10000 100 5242880 259004 516011 447763
0b003901 0b00c901 10000 100 1048576 583926 193454 100154
0b006301 0b00d901 10000 100 5242880 271743 505975 451803
0b008901 0b00e201 10000 100 2097152 352511 429579 188068
0b009501 0b013101 10000 100 204800 735734 47096 29411
0b000f01 0b007501 10000 100 1048576 678449 111926 100154
0b007301 0b000a01 10000 100 2048 779942 12388 12415
0b009b01 0b003e01 10000 100 2048 781001 12553 12415
0b000701 0b011d01 10000 100 20480 781016 14065 13959
0b011e01 0b000f01 10000 100 102400 765702 29970 20827
0b008701 0b004b01 10000 100 51200 792663 16672 16535
0b00da01 0b011c01 10000 100 512000 751838 59885 55166
0b002001 0b008601 10000 100 10240 809380 13913 13101
0b00f201 0b008901 10000 100 102400 790663 38036 20827
0b00d201 0b00d701 10000 100 204800 793609 36305 21331
0b00b401 0b002501 10000 100 5242880 269869 564543 451803
0b004a01 0b00d501 10000 100 2097152 624271 214641 188068
0b00af01 0b00e601 10000 100 512000 786000 61525 55166
0b012201 0b00a301 10000 100 51200 833468 17029 16535
0b002d01 0b013d01 10000 100 102400 833427 21138 20827
0b007b01 0b004e01 10000 100 5242880 358447 497102 447763
0b00e301 0b007501 10000 100 204800 828570 31560 29411
0b002401 0b007f01 10000 100 51200 847320 18824 16535
0b00b201 0b012001 10000 100 2048 853906 12764 12415
0b008801 0b012101 10000 100 2097152 662207 205731 188068
0b00f601 0b011701 10000 100 10240 853427 15634 13101
0b007501 0b00d701 10000 100 1048576 720606 151259 100154
0b00f801 0b008101 10000 100 2097152 678010 204249 188068
0b007701 0b009a01 10000 100 512000 822250 61263 55166
0b00ba01 0b003c01 10000 100 5120 872012 12916 12672
0b002601 0b011201 10000 100 102400 869907 21936 20827
0b007a01 0b011a01 10000 100 5242880 92886 807179 451803
0b002601 0b008501 10000 100 10240 891305 13243 13101
0b004601 0b006201 10000 100 20480 895733 11076 9919
0b012201 0b00be01 10000 100 5120 895458 12707 12672
0b00d601 0b00e401 10000 100 1048576 701041 211093 96114
0b00b201 0b013f01 10000 100 5242880 143548 773018 451803
0b00a901 0b00fb01 10000 100 20480 905209 14382 13959
0b00d701 0b00a401 10000 100 51200 900451 20629 16535
0b00c201 0b00fa01 10000 100 102400 895921 25348 16787
0b003001 0b00ed01 10000 100 2048 910049 12390 12415
0b00a801 0b005f01 10000 100 512000 821665 101259 55166
0b002a01 0b011b01 10000 100 5120 913315 13163 12672
0b008701 0b006501 10000 100 10240 913713 13183 13101
0b004401 0b00b001 10000 100 204800 895827 31164 29411
0b00c401 0b007c01 10000 100 2048 917995 12501 12415
0b00bd01 0b012801 10000 100 1048576 814863 115881 100154
0b010101 0b00cf01 10000 100 2097152 508929 424529 188068
0b006601 0b009701 10000 100 102400 892753 40894 20827
0b004501 0b003d01 10000 100 5242880 443464 492879 451803
0b00e801 0b010f01 10000 100 5242880 9113 932565 451803
0b00eb01 0b00a901 10000 100 1048576 791510 155467 100154
0b001801 0b00d601 10000 100 2097152 738441 211878 188068
0b008d01 0b009001 10000 100 204800 924280 26494 25371
0b004c01 0b00e801 10000 100 2048 938330 13504 12415
0b00ac01 0b002101 10000 100 1048576 842547 114534 100154
0b006b01 0b00e801 10000 100 102400 936054 25797 20827
0b011c01 0b00a701 10000 100 204800 923795 47806 29411
0b00ef01 0b00c001 10000 100 204800 966582 26496 25371
0b011d01 0b000501 10000 100 10240 984068 13141 13101
0b001d01 0b000401 10000 100 2097152 811287 201291 184028
0b00b901 0b00ce01 10000 100 102400 993918 21693 20827
0b012a01 0b00c901 10000 100 2048 1007104 12634 12415
0b009501 0b00e001 10000 100 2048 1009415 12601 12415
0b00f301 0b013d01 10000 100 204800 995025 30280 29411
0b00ad01 0b00bc01 10000 100 512000 922724 106592 51126
0b013201 0b00fe01 10000 100 1024 1025057 12310 12329
0b009201 0b010d01 10000 100 5120 1026198 12744 12672
0b002901 0b006401 10000 100 102400 1021130 21431 20827
0b00b101 0b011a01 10000 100 51200 1026032 16836 16535
0b009a01 0b004a01 10000 100 10240 1029888 13539 13101
0b012001 0b000101 10000 100 2048 1032088 12439 12415
0b004901 0b001b01 10000 100 10240 1033040 13301 13101
0b00a201 0b00cc01 10000 100 5242880 439101 607847 451803
0b008701 0b002601 10000 100 10240 1040539 14132 13101
0b00a601 0b013701 10000 100 2097152 667935 396249 188068
0b00c101 0b011001 10000 100 102400 1040445 30092 20827
0b010f01 0b00bc01 10000 100 512000 981719 89929 55166
0b00ec01 0b002601 10000 100 5242880 236022 836389 451803
0b00b001 0b003f01 10000 100 512000 929772 145152 55166
0b003e01 0b00bd01 10000 100 2048 1065537 12386 12415
0b00a901 0b002501 10000 100 512000 1016720 61630 55166
0b00ee01 0b013501 10000 100 10485760 102632 977334 891367
0b00b801 0b007b01 10000 100 20480 1064134 16527 13959
0b003b01 0b007e01 10000 100 20480 1072830 14064 13959
0b000701 0b001c01 10000 100 20480 1080673 10043 9919
0b000d01 0b004001 10000 100 5120 1090365 13676 12672
0b003b01 0b004e01 10000 100 51200 1088570 16700 16535
0b00d001 0b00e901 10000 100 1048576 1001188 106558 96114
0b008101 0b001701 10000 100 20480 1095505 14047 13959
0b013301 0b00ff01 10000 100 204800 1069410 47750 29411
0b00a601 0b004001 10000 100 2048 1108695 12666 12415
0b006301 0b00f701 10000 100 5120 1109580 12740 12672
0b009f01 0b009e01 10000 100 512000 1009574 115071 47086
0b009301 0b006201 10000 100 20480 1110847 14122 13959
0b005701 0b00c401 10000 100 20480 1116171 15333 13959
0b00de01 0b00a901 10000 100 2097152 847943 289801 188068
0b001601 0b001901 10000 100 1048576 949354 194721 92074
0b000701 0b00a101 10000 100 204800 1105614 40970 29411
0b00f101 0b00d001 10000 100 5120 1138101 9035 8632
0b011b01 0b006e01 10000 100 1024 1135355 17061 12329
0b00bf01 0b00d301 10000 100 5242880 503816 650675 451803
0b012501 0b009f01 10000 100 102400 1135333 21417 20827
0b011401 0b007701 10000 100 204800 1127998 31273 29411
0b011301 0b008c01 10000 100 5120 1146490 13673 12672
0b010601 0b00e301 10000 100 512000 1055588 107666 55166
0b002c01 0b006d01 10000 100 512000 1109352 60272 55166
0b00c701 0b010201 10000 100 512000 1021221 155953 55166
0b003001 0b003e01 10000 100 512000 1129154 51281 47086
0b00d401 0b007201 10000 100 10485760 200670 980405 891367
0b00fd01 0b00dc01 10000 100 5120 1173018 9278 8632
0b011e01 0b008901 10000 100 5242880 669664 521369 451803
0b008e01 0b009101 10000 100 51200 1178671 12633 12495
0b00a301 0b002a01 10000 100 5242880 237158 961952 451803
0b011f01 0b00bc01 10000 100 10240 1186222 13174 13101
0b010e01 0b00c901 10000 100 512000 1095690 104325 55166
0b011e01 0b010c01 10000 100 2048 1194518 8455 8375
0b00e401 0b00fb01 10000 100 512000 1099455 103633 51126
0b00a801 0b011f01 10000 100 5120 1195771 13045 12672
0b010801 0b00e101 10000 100 1048576 1090994 118095 100154
0b012f01 0b00e701 10000 100 1048576 1012220 198622 100154
0b011401 0b003001 10000 100 1024 1201103 12332 12329
0b011001 0b00ea01 10000 100 2097152 1008692 206494 188068
0b00ea01 0b005701 10000 100 5120 1202932 12705 12672
0b010401 0b00d801 10000 100 20480 1200398 15690 13959
0b00f101 0b011b01 10000 100 5120 1209877 13229 12672
0b00f201 0b005601 10000 100 5242880 648680 574994 451803
0b000b01 0b005201 10000 100 1048576 939490 285902 100154
0b008b01 0b00a401 10000 100 2097152 806577 419028 184028
0b000301 0b00b901 10000 100 1048576 1120904 108107 100154
0b00c701 0b003901 10000 100 102400 1184968 46039 20827
0b00b301 0b000f01 10000 100 512000 1069260 165188 55166
0b00f001 0b002501 10000 100 5120 1222963 12842 12672
0b00a301 0b00da01 10000 100 10240 1221445 14803 13101
0b00bc01 0b00d501 10000 100 1048576 1128841 109852 100154
0b00c201 0b008c01 10000 100 51200 1223834 16744 16535
0b009301 0b002701 10000 100 51200 1223984 16697 16535
0b00b001 0b005201 10000 100 102400 1206955 38803 20827
0b010701 0b00fd01 10000 100 1048576 1132032 115437 100154
0b010701 0b003a01 10000 100 51200 1223881 25238 16535
0b005601 0b003a01 10000 100 512000 1076913 174721 55166
0b013c01 0b00a501 10000 100 2048 1239684 12538 12415
0b00e101 0b006801 10000 100 204800 1186680 66744 29411
0b004301 0b013101 10000 100 5242880 318040 935546 451803
0b00ad01 0b006601 10000 100 10485760 98908 1164103 891367
0b013e01 0b005001 10000 100 5242880 682676 581435 451803
0b010201 0b008601 10000 100 2097152 1056071 209653 188068
0b013501 0b00b701 10000 100 512000 1164185 103523 55166
0b004201 0b012301 10000 100 2097152 1061232 213232 188068
0b010b01 0b012301 10000 100 102400 1251443 23284 16787
0b006501 0b004601 10000 100 2097152 822875 455485 184028
0b005601 0b000701 10000 100 1048576 1002115 278701 100154
0b000b01 0b010301 10000 100 2097152 812692 468403 188068
0b007301 0b011b01 10000 100 20480 1265683 15660 13959
0b008301 0b002401 10000 100 204800 1254434 30283 29411
0b002301 0b00d301 10000 100 1024 1272684 12376 12329
0b011b01 0b000801 10000 100 1048576 1124737 162722 100154
0b011b01 0b00cb01 10000 100 512000 1183039 106537 55166
0b00c901 0b00a801 10000 100 102400 1261792 31408 20827
0b013001 0b007101 10000 100 10240 1275957 17627 13101
0b005401 0b011901 10000 100 1024 1284056 13360 12329
0b009b01 0b013e01 10000 100 512000 1197195 101258 55166
0b00c601 0b002d01 10000 100 2097152 1095126 214097 188068
0b002901 0b00a901 10000 100 2097152 1076588 235929 188068
0b005601 0b004e01 10000 100 512000 1172440 140757 51126
0b009c01 0b010d01 10000 100 1048576 1107349 208377 100154
0b00c801 0b005901 10000 100 2097152 1082375 235702 188068
0b00c301 0b004a01 10000 100 51200 1304044 17101 16535
0b00f201 0b002001 10000 100 10240 1310109 13174 13101
0b001201 0b003701 10000 100 51200 1311829 12783 12495
0b00ec01 0b004901 10000 100 5242880 690581 636648 451803
0b00be01 0b007c01 10000 100 1024 1317992 12308 12329
0b010601 0b001001 10000 100 51200 1312011 21019 16535
0b004b01 0b006c01 10000 100 51200 1325322 14801 12495
0b00d401 0b009801 10000 100 512000 1279579 64324 55166
0b00d301 0b011401 10000 100 10240 1332604 13950 13101
0b011601 0b00c301 10000 100 10485760 354461 996882 891367
0b00fd01 0b007101 10000 100 512000 1252379 105108 55166
0b007f01 0b00ad01 10000 100 102400 1336612 27963 20827
0b005a01 0b001601 10000 100 102400 1350768 21230 20827
0b005401 0b008101 10000 100 102400 1354525 23862 20827
0b007401 0b000701 10000 100 102400 1364144 27929 20827
0b004f01 0b00dd01 10000 100 5242880 696730 699579 451803
0b011201 0b000801 10000 100 5120 1385350 12710 12672
0b013f01 0b007201 10000 100 2097152 1182188 216775 188068
0b005201 0b002e01 10000 100 512000 1286845 112129 55166
0b004b01 0b007a01 10000 100 10240 1390051 10928 9061
0b002e01 0b00fd01 10000 100 204800 1375754 31735 29411
0b005801 0b004c01 10000 100 512000 1333301 78216 51126
0b00a001 0b009201 10000 100 102400 1394496 17505 16787
0b004f01 0b000d01 10000 100 5120 1404333 14075 12672
0b00b801 0b001901 10000 100 51200 1396866 21804 16535
0b009a01 0b002801 10000 100 1024 1406609 12552 12329
0b005601 0b007a01 10000 100 5242880 717618 709627 447763
0b013b01 0b001301 10000 100 5120 1418765 13261 12672
0b005b01 0b004d01 10000 100 512000 1314087 130351 51126
0b008b01 0b001f01 10000 100 512000 1338557 110106 55166
0b007901 0b013101 10000 100 1048576 1255756 198313 100154
0b008c01 0b002b01 10000 100 512000 1388516 67994 55166
0b00e601 0b000301 10000 100 204800 1410814 47811 29411
0b00aa01 0b002c01 10000 100 10485760 450260 1009900 891367
0b007301 0b007701 10000 100 102400 1451665 16720 12747
0b005c01 0b013f01 10000 100 5242880 363563 1105313 451803
0b003601 0b011701 10000 100 10485760 415135 1055926 891367
0b013b01 0b00fc01 10000 100 1048576 1271187 206348 100154
0b003f01 0b004e01 10000 100 204800 1434072 45535 29411
0b00ba01 0b001301 10000 100 10240 1467427 16236 13101
0b002501 0b009c01 10000 100 10485760 471483 1013629 891367
0b006e01 0b011401 10000 100 204800 1438225 47575 29411
0b001201 0b00e501 10000 100 10240 1473116 13185 13101
0b004201 0b000e01 10000 100 512000 1425430 61194 55166
0b013e01 0b00f901 10000 100 2097152 1121664 365279 188068
0b00f401 0b00dc01 10000 100 10485760 443556 1045307 887327
0b004b01 0b000101 10000 100 204800 1449704 43343 29411
0b000701 0b00ff01 10000 100 204800 1446831 47782 29411
0b00b901 0b012301 10000 100 1048576 1385167 109994 100154
0b001601 0b010f01 10000 100 10240 1483612 13823 13101
0b010f01 0b012901 10000 100 1024 1493542 8324 8289
0b000501 0b003301 10000 100 204800 1477877 26494 25371
0b00ba01 0b010401 10000 100 204800 1436016 70659 29411
0b010b01 0b011301 10000 100 10240 1503727 9296 9061
0b006901 0b00ad01 10000 100 10485760 267377 1249912 891367
0b002001 0b00da01 10000 100 1048576 1255142 264504 100154
0b007901 0b011801 10000 100 5242880 889199 631220 451803
0b006f01 0b013b01 10000 100 204800 1499710 32794 29411
0b000801 0b011301 10000 100 51200 1514032 20039 16535
0b000201 0b013501 10000 100 51200 1520043 17081 16535
0b000101 0b011701 10000 100 204800 1506642 31482 29411
0b000001 0b000c01 10000 100 5242880 779800 761183 443723
0b013d01 0b002501 10000 100 204800 1506691 34644 29411
0b003901 0b00ec01 10000 100 20480 1526900 14825 13959
0b00df01 0b002f01 10000 100 1048576 1435812 108404 100154
0b00a101 0b00a901 10000 100 51200 1535361 9277 8455
0b009a01 0b00f001 10000 100 512000 1402583 144366 55166
0b002a01 0b00c201 10000 100 2097152 1330329 216966 188068
0b008201 0b005901 10000 100 5120 1536391 12892 12672
0b011301 0b002a01 10000 100 204800 1488181 69103 29411
0b008401 0b012601 10000 100 204800 1514635 42986 29411
0b008001 0b013c01 10000 100 2048 1545457 12937 12415
0b005001 0b012601 10000 100 1048576 1381877 181860 100154
0b004101 0b011301 10000 100 10485760 240671 1323800 891367
0b007b01 0b004201 10000 100 1048576 1281215 283346 96114
0b009b01 0b00ff01 10000 100 1048576 1287018 279408 100154
0b00c101 0b007e01 10000 100 51200 1538050 30501 16535
0b001801 0b00a001 10000 100 51200 1549856 20548 16535
0b001001 0b002401 10000 100 512000 1501037 69501 51126
0b011701 0b003301 10000 100 10240 1557266 14309 13101
0b005001 0b008901 10000 100 1048576 1397903 178841 100154
0b008901 0b012e01 10000 100 2048 1568970 12508 12415
0b00c301 0b002801 10000 100 102400 1563319 21205 20827
0b007301 0b013101 10000 100 1024 1573710 12413 12329
0b009b01 0b010701 10000 100 1048576 1299688 288320 100154
0b007f01 0b004901 10000 100 1048576 1489634 106470 96114
0b000d01 0b011901 10000 100 10240 1583365 14258 13101
0b002001 0b004c01 10000 100 1048576 1345838 253499 100154
0b008a01 0b001501 10000 100 512000 1501528 101338 55166
0b00cf01 0b012a01 10000 100 512000 1547514 60144 55166
0b002001 0b00aa01 10000 100 10485760 34467 1578391 891367
0b00c001 0b011f01 10000 100 102400 1576649 37708 20827
0b00c001 0b001f01 10000 100 5242880 1017649 604204 451803
0b00ae01 0b012601 10000 100 2048 1615174 12383 12415
0b00b701 0b010701 10000 100 512000 1503465 128439 55166
0b008201 0b004601 10000 100 10485760 224465 1409029 891367
0b013b01 0b007001 10000 100 1024 1621180 12377 12329
0b001201 0b00ec01 10000 100 51200 1628083 16711 16535
0b00f801 0b00c101 10000 100 2048 1638254 8367 8375
0b00d601 0b001801 10000 100 51200 1629858 17129 16535
0b011601 0b004401 10000 100 2097152 1423954 231359 188068
0b00f001 0b003601 10000 100 5120 1642109 13704 12672
0b007401 0b003801 10000 100 2097152 1344177 316141 188068
0b004301 0b007b01 10000 100 5242880 727305 936301 447763
0b004701 0b004001 10000 100 2097152 1228925 434730 179988
0b00fa01 0b00d601 10000 100 1048576 1557528 106421 96114
0b000201 0b00eb01 10000 100 1048576 1554002 110484 100154
0b010001 0b00a301 10000 100 2048 1655039 12526 12415
0b00f201 0b009901 10000 100 512000 1556964 111845 55166
0b002f01 0b00d901 10000 100 20480 1656502 14144 13959
0b009001 0b00c801 10000 100 5120 1657751 13066 12672
0b012d01 0b00a701 10000 100 10240 1659001 13276 13101
0b012601 0b006401 10000 100 5242880 1132252 540417 451803
0b00d601 0b00e001 10000 100 51200 1664445 16821 12495
0b00a301 0b00e401 10000 100 2048 1670049 12798 12415
0b012f01 0b003001 10000 100 512000 1622858 60366 55166
0b007c01 0b009301 10000 100 2097152 1380446 306024 188068
0b007e01 0b013a01 10000 100 2097152 1304253 386705 188068
0b011701 0b00c401 10000 100 102400 1657739 34849 20827
0b013301 0b001f01 10000 100 5120 1681013 13169 12672
0b006d01 0b002001 10000 100 2097152 1458763 237180 188068
0b009101 0b004101 10000 100 2097152 1266809 435374 188068
0b010001 0b003a01 10000 100 1024 1689984 12808 12329
0b005501 0b011901 10000 100 10240 1693059 14573 13101
0b005e01 0b003301 10000 100 512000 1624447 85043 55166
0b013101 0b00e301 10000 100 10485760 635847 1079697 891367
0b011c01 0b002101 10000 100 102400 1692792 23692 20827
0b00b301 0b006b01 10000 100 10485760 657319 1059822 891367
0b003301 0b002901 10000 100 10240 1708717 9110 9061
0b013401 0b011601 10000 100 10485760 570411 1151146 887327
0b00f601 0b008f01 10000 100 10485760 301472 1429894 891367
0b00b901 0b009301 10000 100 2048 1729360 8378 8375
0b004201 0b00f901 10000 100 20480 1725912 14005 13959
0b007a01 0b00a001 10000 100 204800 1686123 57548 29411
0b00e901 0b00cf01 10000 100 512000 1651073 95976 51126
0b012c01 0b00e701 10000 100 102400 1720705 28610 20827
0b012601 0b007d01 10000 100 10240 1736862 13242 13101
0b007901 0b013501 10000 100 204800 1717963 35694 29411
0b001001 0b00f801 10000 100 20480 1750552 14015 13959
0b012201 0b001a01 10000 100 10240 1750735 14021 13101
0b012901 0b010a01 10000 100 204800 1739787 27532 25371
0b011801 0b009a01 10000 100 20480 1754317 14873 13959
0b010c01 0b003001 10000 100 10240 1756937 13205 13101
0b003901 0b00a701 10000 100 20480 1757246 15040 13959
0b012501 0b000401 10000 100 102400 1751034 25366 20827
0b012a01 0b009501 10000 100 51200 1755510 21085 16535
0b006301 0b00b701 10000 100 1048576 1476707 313590 100154
0b010201 0b00a001 10000 100 1048576 1570046 225364 100154
0b007c01 0b012701 10000 100 512000 1711704 84373 55166
0b010101 0b006501 10000 100 512000 1688767 108262 55166
0b001b01 0b00bd01 10000 100 51200 1783019 21131 16535
0b001e01 0b006801 10000 100 5242880 1095803 710512 451803
0b005f01 0b001701 10000 100 102400 1786882 21142 20827
0b007501 0b00f301 10000 100 512000 1767239 59156 55166
0b003901 0b002a01 10000 100 2097152 1415414 412436 184028
0b009a01 0b004c01 10000 100 1048576 1592302 240377 100154
0b00e201 0b000801 10000 100 51200 1816401 26700 16535
0b00ef01 0b00c201 10000 100 5120 1836912 8596 8632
0b011501 0b007501 10000 100 204800 1795256 50526 29411
0b00c101 0b008701 10000 100 2097152 1374821 479307 188068
0b00bd01 0b012a01 10000 100 512000 1791835 63496 55166
0b007c01 0b00f601 10000 100 20480 1840209 15412 13959
0b012a01 0b00de01 10000 100 2097152 1648427 209790 188068
0b00e001 0b011e01 10000 100 20480 1842932 15754 13959
0b00d601 0b001c01 10000 100 10240 1851715 13934 13101
0b009d01 0b001601 10000 100 102400 1828175 42496 20827
0b000001 0b011701 10000 100 5120 1857750 13136 12672
0b005a01 0b00c301 10000 100 204800 1840417 30549 29411
0b013e01 0b011f01 10000 100 5242880 1267986 603945 447763
0b000001 0b004701 10000 100 5242880 994536 879841 451803
0b005f01 0b00b701 10000 100 204800 1831034 51361 29411
0b00e901 0b007301 10000 100 51200 1864105 22692 16535
0b009201 0b010401 10000 100 102400 1874790 25413 20827
0b00c201 0b011601 10000 100 204800 1875226 30317 29411
0b00ba01 0b010701 10000 100 10240 1900343 16167 13101
0b00ce01 0b003901 10000 100 2048 1904948 12508 12415
0b008501 0b007c01 10000 100 204800 1893869 30759 29411
0b008401 0b00d501 10000 100 51200 1910800 16874 16535
0b00ba01 0b00f201 10000 100 512000 1777055 154807 55166
0b013201 0b005801 10000 100 102400 1903830 30074 20827
0b004c01 0b006501 10000 100 204800 1891469 43688 25371
0b00ec01 0b012001 10000 100 51200 1915952 24968 16535
0b000501 0b00ba01 10000 100 10240 1939657 13727 13101
0b007c01 0b011c01 10000 100 102400 1927766 26570 20827
0b00f001 0b004e01 10000 100 5242880 1351009 605754 451803
0b00f401 0b013001 10000 100 10240 1943903 13179 13101
0b003c01 0b00c001 10000 100 204800 1892880 67094 29411
0b00f101 0b00d301 10000 100 204800 1916114 46199 25371
0b010e01 0b008901 10000 100 2097152 1754193 208732 188068
0b004401 0b00a901 10000 100 102400 1943274 21171 20827
0b005501 0b00f801 10000 100 5120 1952762 13377 12672
0b012c01 0b003d01 10000 100 5120 1956081 12705 12672
0b011401 0b004301 10000 100 1048576 1696327 281806 100154
0b00b101 0b013a01 10000 100 1048576 1775888 208314 100154
0b003b01 0b003a01 10000 100 1048576 1579068 406659 92074
0b003301 0b00d001 10000 100 102400 1960523 29345 20827
0b005f01 0b010f01 10000 100 204800 1951300 46966 29411
0b007b01 0b003101 10000 100 5242880 924787 1073585 451803
0b001401 0b007901 10000 100 10240 1994233 14048 13101
0b00e201 0b00f001 10000 100 10485760 79362 1931927 887327
0b001501 0b006101 10000 100 51200 1978469 33591 16535
0b010701 0b00bb01 10000 100 1048576 1822690 191908 100154
0b009801 0b002a01 10000 100 10485760 101798 1925655 891367
0b001001 0b012401 10000 100 1048576 1859048 172200 100154
0b001501 0b011c01 10000 100 2097152 1468693 567634 188068
0b004301 0b007b01 10001 100 5242880 1239925 806825 447763
0b002501 0b007201 10000 100 1024 2038981 12316 12329
0b009a01 0b00f101 10000 100 5242880 1288358 764057 451803
0b009901 0b00d401 10000 100 2048 2038084 17201 12415
0b00e001 0b00aa01 10000 100 102400 2022060 34783 20827
0b008c01 0b007e01 10000 100 5242880 1533319 529122 451803
0b004301 0b009601 10000 100 20480 2046879 16173 13959
0b013301 0b00d601 10000 100 20480 2050181 16001 13959
0b013901 0b005801 10000 100 10240 2052613 14131 13101
0b00fd01 0b00bf01 10000 100 204800 2002514 65645 29411
0b00f701 0b00e001 10000 100 10485760 942020 1129128 887327
0b009b01 0b003801 10000 100 10485760 573572 1500095 891367
0b002401 0b003701 10000 100 204800 2030882 44150 25371
0b008d01 0b013201 10000 100 2048 2062783 12481 12415
0b002401 0b00f001 10000 100 20480 2061075 14767 13959
0b003901 0b00c201 10000 100 51200 2059806 17201 16535
0b005501 0b010701 10000 100 10485760 395847 1682244 891367
0b00bb01 0b010401 10000 100 1048576 1862123 216596 100154
0b00b301 0b009401 10000 100 2097152 1823495 258763 184028
0b005d01 0b002301 10000 100 51200 2063192 22950 16535
0b005701 0b00d401 10000 100 102400 2062613 25929 20827
0b001801 0b009901 10000 100 512000 1935014 157345 55166
0b00c901 0b00a501 10000 100 20000000 185204 1915812 1689040
0b009501 0b00e501 10000 100 51200 2076735 25583 16535
0b011701 0b004701 10000 100 51200 2086639 22641 16535
0b010a01 0b012d01 10000 100 5242880 732952 1378038 447763
0b00b801 0b00f001 10000 100 51200 2092612 20097 16535
0b010301 0b004401 10000 100 102400 2085750 34452 20827
0b00e401 0b00b401 10000 100 10240 2108286 14159 13101
0b002b01 0b009b01 10000 100 51200 2102254 21075 16535
0b007501 0b012f01 10000 100 5120 2110850 12654 12672
0b006b01 0b008601 10000 100 1048576 1992813 133049 100154
0b006601 0b00ba01 10000 100 5242880 820542 1306314 451803
0b000901 0b009601 10000 100 204800 2032547 101072 29411
0b011c01 0b007a01 10000 100 2048 2132619 12724 12415
0b000c01 0b009d01 10000 100 51200 2125432 21711 16535
0b00b801 0b003701 10000 100 204800 2098889 54047 29411
0b00bb01 0b009901 10000 100 1048576 1320968 834174 96114
0b004301 0b00fb01 10000 100 512000 2033581 121973 55166
0b011101 0b001801 10000 100 2048 2144388 12529 12415
0b005801 0b00aa01 10000 100 1048576 1839614 326142 100154
0b007b01 0b011f01 10000 100 1048576 1956249 210341 100154
0b006401 0b00b401 10000 100 20480 2150533 17527 13959
0b003601 0b00f901 10000 100 20480 2158833 15812 13959
0b008201 0b007501 10000 100 512000 2117793 59703 55166
0b005201 0b00a401 10000 100 2097152 1688066 491009 188068
0b00a201 0b00c501 10000 100 102400 2159415 21588 20827
0b010401 0b005801 10000 100 1048576 1971922 210560 100154
0b005b01 0b004901 10000 100 204800 2106848 81240 25371
0b008601 0b00aa01 10000 100 10485760 317083 1877636 887327
0b004101 0b002c01 10000 100 51200 2177721 17081 16535
0b001901 0b000401 10000 100 512000 2098252 98363 51126
0b011501 0b00d801 10000 100 5242880 1298724 907013 451803
0b010301 0b005801 10000 100 10485760 468030 1739009 891367
0b013701 0b012b01 10000 100 20000000 338110 1869251 1685000
0b004a01 0b00e201 10000 100 51200 2185943 25079 16535
0b008001 0b00e201 10001 100 204800 2118787 92507 29411
0b000d01 0b013601 10000 100 204800 2156780 56489 29411
0b011c01 0b00de01 10000 100 5120 2201541 13154 12672
0b000801 0b012a01 10000 100 204800 2185601 30651 29411
0b00c301 0b011301 10000 100 51200 2193890 23743 16535
0b002501 0b00a801 10000 100 51200 2203030 18941 16535
0b008901 0b009e01 10000 100 512000 2110157 113687 51126
0b006d01 0b009a01 10000 100 2097152 1935882 288247 188068
0b008001 0b00e201 10000 100 2097152 1610515 619201 188068
0b000e01 0b007e01 10000 100 20480 2215508 17583 13959
0b010001 0b007c01 10000 100 512000 2148465 84775 55166
0b003d01 0b013301 10000 100 10485760 1192230 1060585 891367
0b00e101 0b00b801 10000 100 512000 2043983 212547 55166
0b006001 0b012a01 10000 100 10240 2242724 13960 13101
0b00c901 0b000501 10000 100 51200 2242843 17140 16535
0b00d001 0b009d01 10000 100 5242880 1626712 633588 451803
0b008701 0b00fc01 10000 100 512000 2173580 88704 55166
0b00e401 0b00fa01 10000 100 20000000 314831 1949551 1685000
0b011401 0b00e301 10000 100 1024 2256538 12403 12329
0b006001 0b013d01 10000 100 5242880 1716394 555016 451803
0b000001 0b000f01 10000 100 5120 2276712 5053 4592
0b002501 0b008e01 10000 100 102400 2258033 26303 20827
0b00b901 0b011901 10000 100 51200 2265781 18982 16535
0b00a601 0b00bb01 10000 100 102400 2261054 25117 16787
0b007201 0b00e801 10000 100 5120 2275159 12833 12672
0b009b01 0b009501 10000 100 204800 2268862 24004 21331
0b010201 0b012c01 10000 100 5120 2292442 8606 8632
0b008301 0b00df01 10000 100 1024 2290251 12367 12329
0b000101 0b004f01 10000 100 20480 2285491 17904 13959
0b00e301 0b00ff01 10000 100 1048576 2198444 105164 96114
0b001701 0b012301 10000 100 51200 2289007 17864 16535
0b010301 0b003b01 10000 100 20480 2294115 15538 13959
0b008501 0b002801 10000 100 204800 2284950 31274 29411
0b008401 0b00a601 10000 100 10240 2307748 10191 9061
0b008001 0b010601 10000 100 5120 2304398 13744 12672
0b003201 0b007a01 10000 100 51200 2298143 21874 16535
0b004901 0b009b01 10000 100 5120 2307221 12868 12672
0b006d01 0b00fc01 10000 100 5120 2308170 13081 12672
0b013b01 0b004201 10000 100 102400 2290120 31373 20827
0b00ba01 0b00bb01 10000 100 5242880 1266331 1055550 443723
0b001f01 0b002f01 10000 100 2097152 1968882 361688 184028
0b00f401 0b006601 10000 100 512000 2239477 91373 55166
0b00a201 0b00fe01 10000 100 102400 2317506 21194 20827
0b002d01 0b006501 10000 100 10240 2332168 13891 13101
0b00e701 0b000801 10000 100 1024 2339247 12428 12329
0b00a801 0b00e401 10000 100 20480 2335971 17458 13959
0b00a701 0b00be01 10000 100 512000 2297524 56958 51126
0b013801 0b001c01 10000 100 10485760 1375946 980086 891367
0b00d401 0b00d901 10000 100 1048576 2250249 108741 92074
0b011e01 0b012701 10000 100 2097152 2146980 217858 184028
0b004b01 0b00f001 10000 100 51200 2343483 21958 16535
0b011b01 0b00cd01 10000 100 5120 2361316 13187 12672
0b009801 0b007101 10000 100 10485760 785121 1591175 891367
0b003501 0b00c701 10000 100 20000000 271151 2105768 1689040
0b003201 0b009201 10000 100 51200 2359798 21816 16535
0b009a01 0b003201 10000 100 10485760 227421 2158151 891367
0b004e01 0b010001 10000 100 1048576 2185639 200757 100154
0b003401 0b00c201 10000 100 512000 2280997 106771 55166
0b00b201 0b002901 10000 100 2048 2377864 12473 12415
0b008001 0b00a601 10000 100 10485760 775261 1618005 887327
0b004c01 0b008701 10000 100 10485760 1141541 1261733 891367
0b011601 0b005401 10000 100 512000 2294711 123497 55166
0b00cb01 0b004401 10000 100 512000 2347984 73648 55166
0b000c01 0b003901 10000 100 20000000 512661 1921010 1685000
0b00e501 0b011501 10000 100 20000000 512229 1929127 1689040
0b00ed01 0b002801 10000 100 512000 2347570 104728 55166
0b00b001 0b005d01 10000 100 10485760 780580 1678441 891367
0b00e101 0b011101 10000 100 2097152 1762064 698632 188068
0b012501 0b00bc01 10000 100 1048576 2226977 241347 100154
0b00d901 0b012e01 10000 100 20000000 611169 1860220 1689040
0b00b701 0b006101 10000 100 10485760 976225 1496829 891367
0b000301 0b001701 10000 100 2097152 2053039 421009 184028
0b009c01 0b010301 10000 100 1048576 2287461 194638 100154
0b009401 0b001301 10000 100 2097152 2186430 304952 188068
0b000801 0b004601 10000 100 512000 2374876 128041 55166
0b00ba01 0b00bf01 10000 100 10485760 949742 1562684 883287
0b002d01 0b007801 10000 100 2097152 2137665 380175 188068
0b003301 0b004e01 10000 100 5242880 1909775 619859 451803
0b011f01 0b012501 10000 100 2097152 2320885 217641 184028
0b007301 0b004001 10000 100 10485760 1090107 1459713 887327
0b00bc01 0b000d01 10000 100 1048576 2346897 212656 100154
0b002901 0b009e01 10000 100 2097152 2181972 391253 188068
0b013301 0b00e401 10000 100 20000000 245821 2335570 1689040
0b002901 0b003f01 10000 100 5242880 1908956 678404 447763
0b00c601 0b012201 10000 100 2097152 1637292 953285 188068
0b010101 0b002001 10000 100 1048576 2294023 306345 100154
0b001001 0b003101 10000 100 2097152 2233343 373016 184028
0b00a701 0b004601 10000 100 1048576 2358681 250731 100154
0b011901 0b000601 10000 100 20000000 350466 2261196 1689040
0b012501 0b009b01 10000 100 5242880 2014576 602209 451803
0b010001 0b003701 10000 100 2097152 2011206 607375 188068
0b005c01 0b00f001 10000 100 10485760 128172 2496196 891367
0b00b401 0b00a301 10000 100 5242880 2087028 540241 447763
0b002d01 0b00f301 10000 100 2097152 2368340 267610 188068
0b007a01 0b00e701 10000 100 20000000 277965 2367450 1689040
0b00ca01 0b009f01 10000 100 5242880 2011375 636143 451803
0b002101 0b007f01 10000 100 2097152 2096376 559641 188068
0b008901 0b002e01 10000 100 2097152 2200492 457416 188068
0b005601 0b010401 10000 100 5242880 2136362 527484 451803
0b002801 0b011301 10000 100 5242880 2114715 553963 451803
0b010e01 0b002601 10000 100 2097152 2113705 565449 188068
0b00a501 0b002601 10000 100 2097152 2258748 421879 188068
0b003101 0b00e201 10000 100 2097152 2290740 390489 188068
0b007001 0b007801 10000 100 20000000 475118 2240105 1680960
0b006c01 0b003701 10000 100 2097152 2154484 573836 188068
0b007601 0b001601 10000 100 5242880 2223072 509401 451803
0b00b101 0b005601 10000 100 1048576 2309720 425153 100154
0b003201 0b008d01 10000 100 10485760 1734976 1002856 891367
0b00b601 0b00c401 10000 100 20000000 470591 2273465 1689040
0b00fd01 0b012901 10000 100 5242880 1811562 942210 451803
0b001301 0b011401 10000 100 10485760 1254789 1499448 891367
0b00cd01 0b00e401 10000 100 1048576 2377385 391887 96114
0b002c01 0b005601 10000 100 2097152 2316134 453839 188068
0b007c01 0b00d801 10000 100 20000000 404406 2383118 1689040
0b007d01 0b00db01 10000 100 20000000 652510 2135213 1689040
0b00cb01 0b00bc01 10000 100 2097152 2158899 633619 188068
0b00a301 0b013401 10000 100 20000000 300010 2495451 1689040
0b010601 0b000f01 10000 100 10485760 1121552 1691126 891367
0b011a01 0b005801 10000 100 10485760 712472 2106193 891367
0b000901 0b003a01 10000 100 5242880 1126086 1694605 447763
0b00c801 0b00cf01 10000 100 10485760 1860691 966315 883287
0b009d01 0b012901 10000 100 5242880 1519144 1318358 451803
0b004a01 0b007301 10000 100 10485760 1820035 1021885 887327
0b006401 0b008001 10000 100 2097152 2311745 566666 188068
0b00d501 0b013a01 10000 100 10485760 1202205 1682384 891367
0b00e801 0b00dc01 10000 100 10485760 1878076 1035478 887327
0b010a01 0b013801 10000 100 2097152 2241727 691601 184028
0b011101 0b012101 10000 100 20000000 957475 1976360 1685000
0b006601 0b009e01 10000 100 10485760 794602 2139243 891367
0b000b01 0b003601 10000 100 20000000 541723 2394295 1685000
0b008a01 0b011b01 10000 100 20000000 474901 2468664 1689040
0b00a801 0b007f01 10000 100 20000000 801593 2142048 1689040
0b010101 0b00da01 10000 100 20000000 307281 2651846 1689040
0b012a01 0b00c901 10001 100 5242880 2044746 918520 451803
0b009f01 0b005d01 10000 100 10485760 497748 2484963 891367
0b011601 0b002301 10000 100 1048576 2288203 696685 100154
0b007b01 0b002e01 10000 100 10485760 849971 2160556 891367
0b00bf01 0b013901 10000 100 20000000 907662 2123321 1689040
0b00d001 0b000101 10000 100 5242880 2012078 1021722 451803
0b000d01 0b011401 10000 100 5242880 2338724 724775 451803
0b011701 0b004d01 10000 100 20000000 756115 2322133 1689040
0b009c01 0b010c01 10000 100 20000000 1053775 2037046 1689040
0b010a01 0b003c01 10000 100 10485760 526221 2588497 891367
0b010d01 0b004001 10000 100 5242880 1947940 1169756 451803
0b009501 0b013f01 10000 100 10485760 871070 2247199 891367
0b00b301 0b007d01 10000 100 10485760 2098450 1026393 891367
0b003401 0b000a01 10000 100 20000000 1171984 1956623 1685000
0b001b01 0b011601 10000 100 5242880 2223797 924371 451803
0b002201 0b00d001 10000 100 20000000 627408 2529269 1689040
0b001b01 0b00b201 10000 100 20000000 166785 3005210 1689040
0b00db01 0b00c301 10000 100 10485760 2171240 1002603 887327
0b010d01 0b004a01 10000 100 5242880 2056768 1122792 451803
0b00bb01 0b00c901 10000 100 20000000 293175 2927714 1689040
0b00e601 0b002601 10000 100 20000000 567402 2664277 1689040
0b001001 0b00f201 10000 100 10485760 2071866 1171872 891367
0b009401 0b011401 10000 100 10485760 541736 2703280 891367
0b00d101 0b004501 10000 100 10485760 1087559 2164099 891367
0b00f501 0b00fb01 10000 100 20000000 1295923 1965651 1680960
0b011c01 0b006801 10000 100 20000000 794704 2496821 1689040
0b009d01 0b007b01 10000 100 5242880 762665 2536524 451803
0b009701 0b003401 10000 100 5242880 1894342 1407294 451803
0b011301 0b000001 10000 100 20000000 445009 2864607 1689040
0b00ed01 0b004701 10000 100 10485760 1453939 1857964 891367
0b002301 0b00aa01 10000 100 10485760 2292441 1026650 891367
0b00c301 0b008301 10000 100 5242880 2009822 1323159 451803
0b00c101 0b00a001 10000 100 20000000 569867 2768521 1689040
0b000101 0b005101 10000 100 5242880 1967553 1370979 451803
0b001f01 0b008001 10000 100 20000000 538203 2830975 1689040
0b006601 0b004301 10000 100 10485760 1303274 2081907 887327
0b005501 0b00e201 10000 100 5242880 1519064 1868348 451803
0b010101 0b000201 10000 100 5242880 2117889 1275187 451803
0b007801 0b00f501 10000 100 20000000 47972 3346571 1689040
0b011001 0b002001 10000 100 10485760 1922211 1491032 891367
0b000101 0b008e01 10000 100 10485760 1962568 1473890 891367
0b00af01 0b004101 10000 100 20000000 1342901 2099374 1689040
0b008901 0b00bc01 10000 100 10485760 2139461 1308724 887327
0b00bd01 0b013d01 10000 100 10485760 2359700 1091093 891367
0b005e01 0b003201 10000 100 10485760 694070 2764967 891367
0b005901 0b00a401 10000 100 20000000 464490 3020366 1689040
0b006701 0b010001 10000 100 20000000 348200 3137270 1689040
0b010601 0b005601 10000 100 10485760 1901677 1584273 891367
0b001501 0b00cd01 10000 100 20000000 183837 3372267 1689040
0b000501 0b008801 10000 100 5242880 2275201 1285723 451803
0b00e701 0b013b01 10000 100 20000000 1516142 2047851 1689040
0b006201 0b00e201 10000 100 20000000 131446 3434377 1689040
0b003a01 0b001a01 10000 100 20000000 1475287 2092290 1685000
0b00fb01 0b003701 10000 100 10485760 2219731 1377683 891367
0b011b01 0b010001 10000 100 10485760 1940164 1663227 887327
0b004d01 0b008801 10000 100 10485760 797404 2837881 891367
0b010501 0b00a101 10000 100 20000000 115563 3525013 1689040
0b00a601 0b005101 10000 100 20000000 550161 3100619 1689040
0b00cd01 0b011901 10000 100 20000000 357621 3304062 1689040
0b005c01 0b00a801 10000 100 20000000 1165760 2553695 1689040
0b00c101 0b009801 10000 100 10485760 1809080 1920883 891367
0b00b801 0b002e01 10000 100 20000000 525877 3204294 1689040
0b009f01 0b006601 10000 100 20000000 719683 3079211 1689040
0b011001 0b00db01 10000 100 10485760 2309816 1496686 891367
0b009601 0b009001 10000 100 10485760 1340459 2475144 883287
0b004d01 0b00ef01 10000 100 5242880 1987197 1832078 451803
0b006101 0b00ee01 10000 100 20000000 1975937 1857261 1689040
0b004d01 0b005401 10000 100 10485760 854041 2981446 887327
0b00cd01 0b006f01 10000 100 10485760 1440209 2410301 891367
0b00ac01 0b005901 10000 100 10485760 2055856 1816447 891367
0b00f601 0b003a01 10000 100 20000000 683031 3197502 1689040
0b008001 0b002b01 10000 100 20000000 1416181 2470303 1689040
0b00e201 0b012001 10000 100 20000000 782917 3104842 1689040
0b001501 0b000101 10000 100 20000000 321356 3568861 1685000
0b005d01 0b00f901 10000 100 20000000 2035243 1861902 1689040
0b013c01 0b004801 10000 100 10485760 1361868 2535352 891367
0b006401 0b001901 10000 100 20000000 905458 3008564 1689040
0b010501 0b006301 10000 100 10485760 1360771 2573451 891367
0b006401 0b009201 10000 100 10485760 1950611 1992876 891367
0b007f01 0b004801 10000 100 5242880 1881141 2117212 447763
0b013b01 0b00a901 10000 100 20000000 2118132 1881892 1689040
0b000701 0b012201 10000 100 20000000 1157966 2853734 1689040
0b007e01 0b013701 10000 100 20000000 1926221 2086855 1689040
0b00c701 0b008301 10000 100 5242880 2189084 1844491 451803
0b001801 0b00a101 10000 100 20000000 1375188 2673315 1689040
0b004b01 0b003201 10000 100 20000000 1147257 2960929 1689040
0b003701 0b005401 10000 100 20000000 1245809 2872595 1689040
0b013601 0b001d01 10000 100 10485760 2223264 1900684 891367
0b006d01 0b001701 10000 100 20000000 2030723 2094232 1689040
0b00b601 0b005101 10000 100 10485760 884562 3240475 891367
0b012101 0b005b01 10000 100 20000000 2147390 2003654 1689040
0b00fd01 0b00cc01 10000 100 20000000 865043 3298274 1685000
0b011301 0b004301 10000 100 20000000 871784 3297659 1689040
0b012801 0b010f01 10000 100 20000000 83905 4091027 1685000
0b005701 0b004501 10000 100 20000000 1815456 2380306 1685000
0b003e01 0b000601 10000 100 20000000 1862743 2346471 1685000
0b000a01 0b008601 10000 100 20000000 2350824 1864002 1689040
0b009d01 0b00c601 10000 100 20000000 485537 3741554 1689040
0b002101 0b00ba01 10000 100 20000000 700421 3544867 1689040
0b003c01 0b005301 10000 100 20000000 1149864 3124834 1689040
0b00eb01 0b003001 10000 100 20000000 2283479 2023588 1689040
0b013501 0b00b001 10000 100 20000000 2326687 2007223 1689040
0b00e901 0b008801 10000 100 10485760 1588145 2746448 891367
0b00e101 0b00a401 10000 100 10485760 1395806 2942032 891367
0b009d01 0b005901 10000 100 10485760 2144141 2217310 891367
0b00ac01 0b009901 10000 100 20000000 1104759 3304959 1685000
0b000d01 0b002301 10000 100 20000000 508761 3936750 1685000
0b010301 0b009801 10000 100 20000000 1403841 3069329 1689040
0b010a01 0b004701 10000 100 10485760 2380478 2168377 891367
0b003b01 0b013601 10000 100 20000000 1907424 2655217 1689040
0b009601 0b012401 10000 100 20000000 867023 3718808 1689040
0b013601 0b000f01 10000 100 20000000 1070828 3534885 1689040
0b004701 0b003401 10000 100 20000000 2297286 2308957 1689040
0b00c701 0b00e801 10000 100 20000000 311926 4310212 1685000
0b00d101 0b001e01 10000 100 20000000 630997 4013783 1689040
0b007801 0b002501 10000 100 20000000 2310968 2365759 1689040
0b009001 0b004801 10000 100 20000000 1373829 3303046 1689040
0b00f201 0b008001 10000 100 20000000 1618152 3082186 1689040
0b003b01 0b008301 10000 100 10485760 1767015 2942308 891367
0b000e01 0b00e001 10000 100 20000000 1756413 2953443 1689040
0b00e101 0b006101 10000 100 20000000 181952 4536720 1689040
0b010a01 0b00b201 10000 100 20000000 456654 4269051 1689040
0b005101 0b005c01 10000 100 20000000 2041436 2812118 1680960
0b004601 0b012d01 10000 100 20000000 1401834 3472516 1689040
0b00e101 0b00f501 10000 100 20000000 277348 4601094 1685000
0b001d01 0b003501 10000 100 20000000 1429579 3477676 1685000
0b00ec01 0b00cb01 10000 100 20000000 1644075 3265908 1685000
0b012701 0b00c001 10000 100 20000000 1418533 3496029 1689040
0b000e01 0b00cc01 10000 100 20000000 954126 3963415 1689040
0b012701 0b000401 10000 100 20000000 1417414 3510480 1689040
0b002101 0b001401 10000 100 20000000 1916100 3030787 1685000
0b00b001 0b00b101 10000 100 20000000 2151510 2799146 1680960
0b010501 0b00b701 10000 100 20000000 854062 4101154 1689040
0b001d01 0b003b01 10000 100 20000000 1539819 3467789 1685000
0b00ca01 0b010101 10000 100 20000000 339116 4684559 1689040
0b004d01 0b012301 10000 100 20000000 1545102 3487677 1689040
0b000901 0b008801 10000 100 10485760 1714697 3348111 891367
0b000c01 0b012201 10000 100 20000000 2336107 2728716 1689040
0b002e01 0b000201 10000 100 20000000 1497812 3593840 1685000
0b00c701 0b00ac01 10000 100 10485760 2199927 2950283 891367
0b003c01 0b000d01 10000 100 20000000 1237318 3930903 1685000
0b009701 0b00f601 10000 100 20000000 1276156 3897271 1689040
0b011701 0b00e201 10000 100 20000000 1487947 3711385 1689040
0b009701 0b004601 10000 100 20000000 1235189 3971465 1689040
0b004601 0b009001 10000 100 20000000 1970350 3270674 1689040
0b002201 0b007901 10000 100 20000000 1685588 3625745 1689040
0b009601 0b00d601 10000 100 20000000 1874804 3461688 1689040
0b00c601 0b00cb01 10000 100 10485760 1472559 3878132 883287
0b00f101 0b00a601 10000 100 20000000 1906621 3483200 1689040
0b00f701 0b002301 10000 100 10485760 2302406 3107009 891367
0b00c701 0b00fc01 10000 100 20000000 911061 4509316 1685000
0b000901 0b013101 10000 100 20000000 541509 4889439 1689040
0b00f101 0b011e01 10000 100 20000000 1983771 3448071 1689040
0b009501 0b007901 10000 100 20000000 1355738 4079290 1689040
0b00dc01 0b009901 10000 100 20000000 2013861 3542235 1689040
0b006701 0b008301 10000 100 20000000 1704928 3853548 1689040
0b003001 0b010f01 10000 100 20000000 2364950 3196500 1689040
0b009501 0b00f001 10000 100 20000000 2285697 3307281 1689040
0b00dc01 0b00ed01 10000 100 20000000 2133039 3482298 1685000
0b00c501 0b000201 10000 100 20000000 1729234 3981328 1689040
0b000901 0b011b01 10000 100 20000000 1117259 4617211 1689040
0b00cd01 0b013101 10000 100 20000000 2312086 3473495 1689040
0b009201 0b005c01 10000 100 20000000 2219070 3651252 1689040
0b00b001 0b010101 10000 100 20000000 886191 5035379 1689040
0b012801 0b001e01 10000 100 20000000 500089 5446410 1689040
0b010d01 0b001e01 10000 100 20000000 405427 5669561 1689040
0b013a01 0b00b401 10000 100 20000000 1276346 4798708 1689040
0b012401 0b002301 10000 100 20000000 2355199 3750138 1689040
0b00f601 0b000d01 10000 100 20000000 1969067 4180885 1689040
0b006a01 0b00cb01 10000 100 20000000 1503793 4684934 1689040
0b000b01 0b010f01 10000 100 20000000 2092231 4247579 1689040
0b003a01 0b002301 10000 100 10485760 1804559 4553149 887327
0b013a01 0b00b701 10000 100 20000000 1254473 5108725 1689040
0b005b01 0b010101 10000 100 20000000 1342923 5177693 1689040
0b013a01 0b012001 10000 100 20000000 1910250 4687021 1685000
0b005b01 0b003301 10000 100 20000000 1651354 5017210 1689040
0b011801 0b000d01 10000 100 20000000 933181 5876652 1689040
0b005b01 0b010d01 10000 100 20000000 2095024 4832377 1689040
0b00c601 0b001301 10000 100 20000000 1297139 6103054 1689040
0b00c601 0b005a01 10000 100 20000000 1444261 6222761 1689040
0b00c601 0b009401 10000 100 20000000 1630174 6101516 1689040
