0b006701 0b006901 10000 100 1000 221 4086 4121
0b002701 0b002201 10000 100 1000 2493 4877 4121
0b005801 0b005101 10000 100 2000 3367 4127 4163
0b008901 0b002b01 10000 100 1000 550 8128 8161
0b005901 0b000501 10000 100 10000 420 8497 8539
0b001401 0b008a01 10000 100 20000 13 9056 8958
0b003f01 0b000801 10000 100 1000 1041 8128 8161
0b001401 0b008401 10000 100 10000 704 8626 8539
0b002901 0b002701 10000 100 100000 407 8965 8272
0b007101 0b009b01 10000 100 1000 1427 8133 8161
0b009d01 0b001701 10000 100 10000 703 8884 8539
0b004801 0b003f01 10000 100 5000 1338 8292 8329
0b002501 0b002901 10000 100 5000 5499 4437 4289
0b007201 0b002801 10000 100 2000 1873 8179 8203
0b005c01 0b009801 10000 100 5000 1982 8314 8329
0b005d01 0b006701 10000 100 1000 2341 8128 8161
0b008301 0b002701 10000 100 20000 883 9712 8958
0b006301 0b001d01 10000 100 20000 855 9789 8958
0b003501 0b008101 10000 100 20000 1785 8907 8958
0b005501 0b002801 10000 100 1000 3282 8128 8161
0b008601 0b004c01 10000 100 1000 3286 8140 8161
0b009e01 0b006301 10000 100 1000 3375 8128 8161
0b008901 0b009e01 10000 100 5000 3326 8292 8329
0b003e01 0b003b01 10000 100 1000 7545 4098 4121
0b003a01 0b009301 10000 100 10000 3305 8542 8539
0b009801 0b008001 10000 100 5000 3439 8498 8329
0b000201 0b005701 10000 100 1000 3845 8147 8161
0b007c01 0b008c01 10000 100 5000 3725 8312 8329
0b001c01 0b002101 10000 100 50000 1936 10137 10216
0b001e01 0b002e01 10000 100 5000 3856 8292 8329
0b000d01 0b000f01 10000 100 5000 7772 4422 4289
0b001b01 0b005e01 10000 100 5000 4066 8316 8329
0b005601 0b003c01 10000 100 50000 2364 10137 10216
0b007501 0b009d01 10000 100 50000 2419 10137 10216
0b002301 0b006401 10000 100 1000 4602 8134 8161
0b003b01 0b006001 10000 100 100000 655 12187 12312
0b003501 0b001c01 10000 100 10000 4439 8505 8539
0b003301 0b007101 10000 100 100000 1019 12213 12312
0b006801 0b006401 10000 100 5000 9095 4423 4289
0b006301 0b001b01 10000 100 100000 608 13007 12312
0b006f01 0b008001 10000 100 1000 5485 8135 8161
0b003701 0b003401 10000 100 200000 1530 12265 12464
0b003c01 0b004201 10000 100 10000 5515 8514 8539
0b000e01 0b006b01 10000 100 5000 5906 8320 8329
0b004c01 0b006501 10000 100 100000 2241 12193 12312
0b003e01 0b003701 10000 100 20000 9574 4903 4918
0b004401 0b007f01 10000 100 1000 6520 8167 8161
0b007401 0b003e01 10000 100 1000 6557 8134 8161
0b004601 0b006e01 10000 100 10000 5824 8957 8539
0b006501 0b002a01 10000 100 1000 6787 8130 8161
0b009301 0b000701 10000 100 20000 5267 9800 8958
0b006301 0b008c01 10000 100 5000 6784 8295 8329
0b009301 0b005601 10000 100 50000 4622 10993 10216
0b002d01 0b000701 10000 100 20000 6677 9031 8958
0b001201 0b007101 10000 100 5000 7419 8326 8329
0b002001 0b005c01 10000 100 1000 7637 8128 8161
0b007601 0b003001 10000 100 1000 7594 8173 8161
0b003f01 0b008d01 10000 100 20000 6950 8913 8958
0b003801 0b006001 10000 100 10000 7375 8502 8539
0b004101 0b003a01 10000 100 10000 7420 8515 8539
0b004e01 0b004701 10000 100 1000 11862 4087 4121
0b009601 0b004a01 10000 100 10000 7475 8535 8539
0b004601 0b006701 10000 100 100000 3268 12746 12312
0b000e01 0b005901 10000 100 5000 7628 8490 8329
0b007c01 0b009c01 10000 100 10000 7615 8511 8539
0b007801 0b006501 10000 100 20000 6523 9700 8958
0b006201 0b000901 10000 100 50000 5990 10368 10216
0b001001 0b003601 10000 100 10000 7568 8880 8539
0b009701 0b006a01 10000 100 2000 8119 8383 8203
0b003901 0b008b01 10000 100 20000 7704 8927 8958
0b005101 0b004701 10000 100 1000 8649 8152 8161
0b001f01 0b007101 10000 100 20000 8239 8926 8958
0b008f01 0b008601 10000 100 20000 11861 5378 4918
0b003e01 0b000c01 10000 100 200000 956 16340 16504
0b009001 0b002101 10000 100 100000 5411 12187 12312
0b003901 0b003a01 10000 100 5000 13614 4250 4289
0b007701 0b003801 10000 100 10000 8792 9282 8539
0b005e01 0b000e01 10000 100 5000 9540 8727 8329
0b007c01 0b006c01 10000 100 5000 10134 8292 8329
0b002101 0b009f01 10000 100 10000 10300 8517 8539
0b007701 0b009901 10000 100 20000 7972 10875 8958
0b003701 0b008201 10000 100 20000 9846 9022 8958
0b006801 0b004101 10000 100 100000 6521 12419 12312
0b008001 0b001101 10000 100 2000 10751 8255 8203
0b004701 0b006b01 10000 100 50000 8860 10147 10216
0b000201 0b007401 10000 100 1000 10915 8152 8161
0b004401 0b004001 10000 100 100000 10990 8180 8272
0b008901 0b000201 10000 100 1000 11076 8128 8161
0b001f01 0b008301 10000 100 1000 11247 8129 8161
0b003701 0b002101 10000 100 20000 10556 9045 8958
0b008701 0b001701 10000 100 5000 10610 9369 8329
0b008b01 0b009801 10000 100 5000 11743 8325 8329
0b004f01 0b001301 10000 100 20000 10651 9481 8958
0b007801 0b004601 10000 100 200000 1125 19077 16504
0b008f01 0b001f01 10000 100 100000 7886 12318 12312
0b001d01 0b005001 10000 100 100000 4643 15571 12312
0b004201 0b006901 10000 100 10000 11413 8878 8539
0b003b01 0b001201 10000 100 2000 12102 8196 8203
0b002601 0b001401 10000 100 1000 11839 8515 8161
0b009001 0b009c01 10000 100 5000 16370 4250 4289
0b003001 0b000901 10000 100 1000 13372 8216 8161
0b005d01 0b006601 10000 100 1000 13967 8279 8161
0b003301 0b003601 10000 100 5000 18068 4471 4289
0b003001 0b008201 10000 100 20000 12863 9766 8958
0b009e01 0b004e01 10000 100 20000 13013 9789 8958
0b008701 0b006401 10000 100 1000 14851 8144 8161
0b003a01 0b005201 10000 100 5000 14596 8697 8329
0b008e01 0b000101 10000 100 100000 8555 14893 12312
0b000d01 0b005a01 10000 100 5000 14843 8671 8329
0b001d01 0b002701 10000 100 100000 10454 13322 12312
0b009001 0b007f01 10000 100 20000 13913 9895 8958
0b000d01 0b009301 10000 100 10000 14770 9072 8539
0b003101 0b000601 10000 100 50000 10859 13357 10216
0b005f01 0b004601 10000 100 20000 15457 8907 8958
0b005201 0b000a01 10000 100 5000 15965 8611 8329
0b002f01 0b006701 10000 100 10000 16111 8522 8539
0b001a01 0b004301 10000 100 50000 13845 10798 10216
0b001301 0b009a01 10000 100 5000 16435 8344 8329
0b008101 0b000801 10000 100 2000 16580 8213 8203
0b006a01 0b001d01 10000 100 200000 4822 20016 16504
0b006e01 0b000101 10000 100 100000 9568 15274 12312
0b004e01 0b005301 10000 100 10000 14974 9872 8539
0b009b01 0b003d01 10000 100 200000 7661 17247 16504
0b002b01 0b008601 10000 100 20000 15724 9346 8958
0b000b01 0b004f01 10000 100 5000 17235 8292 8329
0b003101 0b009401 10000 100 50000 14684 10856 10216
0b007401 0b002901 10000 100 1000 17116 8503 8161
0b000601 0b009401 10000 100 50000 10449 15320 10216
0b001b01 0b005e01 10001 100 50000 12652 13324 10216
0b005f01 0b005901 10000 100 20000 21311 4865 4918
0b009a01 0b002a01 10000 100 20000 15028 11320 8958
0b009c01 0b004101 10000 100 2000 18218 8169 8203
0b003201 0b008801 10000 100 10000 16865 9554 8539
0b009601 0b003201 10000 100 5000 18165 8308 8329
0b005501 0b004401 10000 100 50000 16538 10334 10216
0b002201 0b005201 10000 100 100000 13074 13825 12312
0b008301 0b008101 10000 100 10000 22103 4856 4499
0b006a01 0b009501 10000 100 50000 15060 11923 10216
0b000a01 0b003201 10000 100 10000 16552 10565 8539
0b008601 0b003701 10000 100 200000 9612 17514 16504
0b004501 0b006e01 10000 100 1000 19014 8151 8161
0b004c01 0b003b01 10000 100 20000 18285 8925 8958
0b004901 0b003c01 10000 100 5000 18519 8876 8329
0b001701 0b001901 10000 100 20000 15081 12434 4918
0b004c01 0b001801 10000 100 1000 19470 8166 8161
0b003f01 0b002b01 10000 100 1000 19499 8147 8161
0b004701 0b006c01 10000 100 2000 19458 8202 8203
0b003901 0b004601 10000 100 2000 18879 8868 8203
0b009301 0b001b01 10000 100 10000 19215 8587 8539
0b006e01 0b001a01 10000 100 5000 19342 8474 8329
0b003001 0b005d01 10000 100 200000 10112 17929 16504
0b009901 0b004a01 10000 100 2000 19834 8253 8203
0b004b01 0b009301 10000 100 1000 19849 8254 8161
0b003001 0b007901 10000 100 20000 18391 9739 8958
0b008e01 0b003701 10000 100 50000 16984 11167 10216
0b006c01 0b008c01 10000 100 10000 19334 8891 8539
0b003e01 0b009e01 10000 100 100000 15363 12939 12312
0b008501 0b002e01 10000 100 50000 16170 12180 10216
0b009b01 0b003101 10000 100 20000 18671 9721 8958
0b002301 0b001501 10000 100 10000 19892 8524 8539
0b007801 0b000301 10000 100 200000 9293 19208 16504
0b003001 0b008301 10000 100 1000 20390 8128 8161
0b009301 0b006401 10000 100 2000 20331 8209 8203
0b009001 0b003101 10000 100 1000 20623 8142 8161
0b007801 0b001701 10000 100 50000 10174 18642 10216
0b001201 0b006d01 10000 100 10000 18424 10525 8539
0b008701 0b006601 10000 100 5000 20555 8487 8329
0b003701 0b000e01 10000 100 50000 18119 11035 10216
0b002701 0b007501 10000 100 1000 21044 8139 8161
0b004f01 0b000e01 10000 100 20000 19511 9675 8958
0b009f01 0b001b01 10000 100 1000 21099 8157 8161
0b003201 0b003f01 10000 100 5000 24932 4616 4289
0b001401 0b008c01 10000 100 1000 21028 8562 8161
0b005701 0b002c01 10000 100 200000 12980 16629 16504
0b008001 0b009f01 10000 100 20000 18924 10740 8958
0b001301 0b009301 10000 100 50000 17622 12067 10216
0b008f01 0b003501 10000 100 100000 14780 15019 12312
0b000e01 0b000a01 10000 100 200000 8508 21298 12464
0b004501 0b003801 10000 100 20000 20301 9721 8958
0b000a01 0b005401 10000 100 100000 17451 12613 12312
0b009801 0b007f01 10000 100 500000 91 29980 29080
0b008701 0b007901 10000 100 50000 19928 10421 10216
0b000b01 0b000601 10000 100 1000 19987 10369 4121
0b002b01 0b009301 10000 100 1000 22251 8161 8161
0b007601 0b009901 10000 100 500000 1084 29448 29080
0b000e01 0b000401 10000 100 200000 6965 23701 12464
0b002501 0b008401 10000 100 500000 1340 29380 29080
0b001601 0b002601 10000 100 20000 21301 9446 8958
0b007301 0b008401 10000 100 5000 22363 8611 8329
0b004001 0b008a01 10000 100 10000 16393 14736 8539
0b005201 0b004d01 10000 100 500000 1173 30046 29080
0b002d01 0b004a01 10000 100 100000 18903 12366 12312
0b001e01 0b005601 10000 100 10000 21666 9865 8539
0b000301 0b004e01 10000 100 5000 22080 9521 8329
0b000701 0b002701 10000 100 5000 23005 8697 8329
0b001301 0b004401 10000 100 50000 17881 13832 10216
0b007001 0b002401 10000 100 2000 23630 8211 8203
0b008001 0b002601 10000 100 1000 23715 8274 8161
0b008001 0b007401 10000 100 100000 14988 17155 12312
0b004601 0b003201 10000 100 20000 22394 9848 8958
0b008301 0b008a01 10000 100 10000 22094 10297 4499
0b005e01 0b007601 10000 100 20000 21064 11465 8958
0b003d01 0b007f01 10000 100 50000 22206 10325 10216
0b007d01 0b007c01 10000 100 10000 28160 4455 4499
0b006901 0b004601 10000 100 10000 23825 8900 8539
0b009a01 0b007001 10000 100 200000 5987 26745 16504
0b007101 0b001301 10000 100 200000 8219 24711 16504
0b001801 0b006101 10000 100 50000 18676 14311 10216
0b001401 0b007c01 10000 100 1000 25238 8183 8161
0b001f01 0b004801 10000 100 100000 18211 15254 12312
0b007c01 0b005f01 10000 100 10000 25084 8601 8539
0b007d01 0b008401 10000 100 50000 23459 10239 10216
0b008601 0b007b01 10000 100 2000 25547 8341 8203
0b008001 0b008801 10000 100 500000 4151 29762 25040
0b009d01 0b005701 10000 100 1000 24492 9586 8161
0b000101 0b001901 10000 100 10000 23956 10124 8539
0b007401 0b009201 10000 100 1000 26024 8219 8161
0b008b01 0b005b01 10000 100 1000 26153 8150 8161
0b005401 0b005b01 10000 100 20000 28593 5757 4918
0b001e01 0b002401 10000 100 50000 24147 10289 10216
0b006d01 0b000201 10000 100 1000 21506 13090 8161
0b002601 0b006c01 10000 100 1000 26483 8161 8161
0b002f01 0b009101 10000 100 50000 22453 12203 10216
0b004401 0b006001 10000 100 1000 26556 8155 8161
0b006601 0b008401 10000 100 20000 25586 9201 8958
0b009701 0b006201 10000 100 500000 2583 32327 29080
0b007001 0b004001 10000 100 2000 26722 8191 8203
0b001401 0b007101 10000 100 200000 18207 16718 16504
0b007601 0b000101 10001 100 10000 26016 8911 8539
0b007601 0b000101 10000 100 50000 24463 10601 10216
0b008e01 0b006801 10000 100 20000 24986 10162 8958
0b003801 0b008a01 10000 100 1000 21601 13652 8161
0b007701 0b008501 10000 100 5000 26774 8624 8329
0b003501 0b003101 10000 100 2000 31288 4254 4163
0b007c01 0b007301 10000 100 2000 31426 4129 4163
0b000d01 0b006b01 10000 100 50000 20968 14671 10216
0b009a01 0b009301 10000 100 200000 8255 27445 12464
0b009501 0b008b01 10000 100 100000 19183 16545 12312
0b002a01 0b002c01 10000 100 200000 23622 12245 12464
0b002f01 0b004901 10000 100 1000 28033 8128 8161
0b006801 0b006a01 10000 100 1000 32076 4123 4121
0b000001 0b000601 10000 100 200000 12640 23610 12464
0b002c01 0b001401 10000 100 5000 27920 8350 8329
0b001c01 0b004301 10000 100 1000 27483 8905 8161
0b008901 0b006201 10000 100 5000 24698 12174 8329
0b001c01 0b000601 10000 100 1000 21789 15128 8161
0b002801 0b004b01 10000 100 10000 27158 9840 8539
0b008501 0b002801 10000 100 50000 24876 12172 10216
0b008401 0b006a01 10000 100 500000 5548 31509 29080
0b006101 0b009501 10000 100 50000 24943 12215 10216
0b008201 0b006f01 10000 100 10000 28027 9175 8539
0b006f01 0b007001 10000 100 10000 28741 8503 8539
0b006a01 0b008801 10000 100 5000 28693 8571 8329
0b007401 0b002e01 10000 100 20000 28278 9008 8958
0b004e01 0b001001 10000 100 10000 27440 9963 8539
0b000601 0b006b01 10000 100 100000 22419 15071 12312
0b007501 0b008801 10000 100 20000 28465 9149 8958
0b007e01 0b005601 10000 100 20000 25117 12603 8958
0b006301 0b003401 10000 100 100000 21782 15981 12312
0b004f01 0b005e01 10000 100 2000 29881 8200 8203
0b007601 0b005001 10000 100 20000 28866 9235 8958
0b000001 0b008b01 10000 100 1000 30114 8139 8161
0b007501 0b007b01 10000 100 100000 30014 8245 8272
0b002701 0b004f01 10000 100 20000 28533 9732 8958
0b009f01 0b009d01 10000 100 5000 32300 5997 4289
0b004c01 0b002101 10000 100 50000 27498 10862 10216
0b008701 0b002201 10000 100 20000 28586 9802 8958
0b002801 0b004b01 10001 100 10000 28192 10197 8539
0b009401 0b006401 10000 100 2000 30240 8221 8203
0b000401 0b001201 10000 100 20000 24332 14152 8958
0b008d01 0b008b01 10000 100 1000 34426 4086 4121
0b008301 0b009e01 10000 100 5000 30256 8292 8329
0b007b01 0b004601 10000 100 20000 28167 10615 8958
0b006901 0b004b01 10000 100 20000 29028 9979 8958
0b001c01 0b003c01 10000 100 50000 27286 11866 10216
0b004d01 0b003401 10000 100 20000 24903 14316 8958
0b001201 0b001401 10000 100 2000 35553 4229 4163
0b001d01 0b002101 10000 100 50000 25413 14386 10216
0b009001 0b005501 10000 100 10000 30427 9578 8539
0b008801 0b003b01 10000 100 2000 31970 8215 8203
0b009301 0b009701 10000 100 100000 31566 8675 8272
0b003c01 0b007701 10000 100 1000 32085 8197 8161
0b005701 0b004b01 10000 100 1000 32233 8161 8161
0b001801 0b004b01 10000 100 1000 29275 11203 8161
0b005c01 0b001101 10000 100 1000 31934 8652 8161
0b006f01 0b004d01 10000 100 100000 24643 16002 12312
0b009801 0b009301 10000 100 10000 35801 4875 4499
0b005f01 0b004d01 10000 100 100000 24361 16492 12312
0b002601 0b004d01 10000 100 1000 30694 10166 8161
0b000001 0b000701 10000 100 1000 36906 4089 4121
0b000401 0b007c01 10000 100 5000 28377 12700 8329
0b000901 0b003901 10000 100 1000 33052 8128 8161
0b002001 0b003e01 10000 100 20000 30701 10533 8958
0b001101 0b004b01 10000 100 5000 31367 9990 8329
0b009101 0b005a01 10000 100 1000 27134 14301 8161
0b006701 0b001701 10000 100 200000 10092 31355 16504
0b000901 0b004e01 10000 100 500000 7642 33851 29080
0b009b01 0b002e01 10000 100 10000 32704 9035 8539
0b004d01 0b006401 10000 100 5000 33731 8386 8329
0b008301 0b000401 10000 100 100000 24646 17473 12312
0b001201 0b001301 10000 100 2000 37919 4266 4163
0b009501 0b001301 10000 100 200000 21538 20732 16504
0b007a01 0b003001 10000 100 20000 32999 9443 8958
0b003101 0b009501 10000 100 20000 30521 12006 8958
0b008101 0b001801 10000 100 20000 33052 9505 8958
0b000801 0b003f01 10000 100 100000 22628 20053 12312
0b003b01 0b008f01 10000 100 5000 29874 12869 8329
0b000101 0b005d01 10000 100 2000 31442 11330 8203
0b002501 0b006f01 10000 100 1000 34709 8175 8161
0b000701 0b005701 10000 100 5000 34510 8674 8329
0b006301 0b004d01 10000 100 20000 34114 9078 8958
0b003b01 0b005501 10000 100 10000 32778 10422 8539
0b007601 0b008901 10000 100 20000 33889 9437 8958
0b001001 0b003001 10000 100 1000 35250 8501 8161
0b007801 0b004601 10001 100 5000 31526 12244 8329
0b006301 0b008501 10000 100 5000 35433 8355 8329
0b002601 0b009f01 10000 100 20000 34069 9749 8958
0b001d01 0b001801 10000 100 200000 19635 24215 12464
0b004e01 0b006f01 10000 100 1000 35687 8178 8161
0b000901 0b005401 10000 100 5000 35712 8311 8329
0b006e01 0b003601 10000 100 500000 12501 31622 29080
0b009001 0b001e01 10000 100 200000 20924 23429 16504
0b004d01 0b003d01 10000 100 20000 34426 9945 8958
0b004e01 0b003d01 10000 100 1000 34570 9884 8161
0b001001 0b004601 10000 100 50000 26241 18289 10216
0b004501 0b005f01 10000 100 10000 32461 12110 8539
0b004c01 0b007101 10000 100 1000 36579 8128 8161
0b004601 0b001001 10000 100 50000 32205 12524 10216
0b008e01 0b000101 10001 100 5000 36379 8361 8329
0b000401 0b009201 10000 100 50000 30135 14777 10216
0b001a01 0b005f01 10000 100 1000 35263 9740 8161
0b008c01 0b009201 10000 100 50000 34688 10361 10216
0b005a01 0b003c01 10000 100 1000 36291 8761 8161
0b002f01 0b008c01 10000 100 5000 36729 8350 8329
0b009501 0b007c01 10000 100 1000 36960 8163 8161
0b001301 0b002c01 10000 100 20000 35729 9399 8958
0b000001 0b002301 10000 100 200000 16121 29037 16504
0b003501 0b004101 10000 100 200000 20717 24514 16504
0b009c01 0b000f01 10000 100 10000 19171 26152 8539
0b001501 0b004601 10000 100 200000 24726 20788 16504
0b004701 0b002c01 10000 100 50000 31965 13563 10216
0b000601 0b005001 10001 100 5000 35573 9959 8329
0b008201 0b003e01 10000 100 1000 36541 9051 8161
0b002001 0b001401 10000 100 10000 37040 8598 8539
0b007c01 0b009301 10000 100 100000 33168 12736 12312
0b009101 0b000701 10000 100 10000 29137 16910 8539
0b005a01 0b008a01 10000 100 5000 32194 13991 8329
0b008201 0b004601 10000 100 50000 30298 15933 10216
0b002901 0b005f01 10000 100 20000 37243 9296 8958
0b005901 0b001201 10000 100 10000 37964 8650 8539
0b007e01 0b002901 10000 100 10000 37777 8940 8539
0b008801 0b001501 10000 100 1000 37771 9054 8161
0b001f01 0b001e01 10000 100 1000 37805 9140 4121
0b007f01 0b002d01 10000 100 50000 32689 14333 10216
0b009901 0b009801 10000 100 200000 34552 12597 12464
0b003601 0b007a01 10000 100 2000 39097 8214 8203
0b000901 0b004701 10000 100 10000 36603 10774 8539
0b002d01 0b004c01 10000 100 20000 37676 9760 8958
0b002201 0b002c01 10000 100 1000 43434 4125 4121
0b003201 0b004301 10000 100 100000 22286 25414 12312
0b001b01 0b003c01 10000 100 500000 11355 36378 29080
0b006c01 0b005101 10000 100 20000 38327 9459 8958
0b007d01 0b002901 10000 100 1000 39687 8170 8161
0b001e01 0b002401 10001 100 200000 30494 17600 16504
0b001201 0b003501 10000 100 100000 31743 16438 12312
0b005201 0b005b01 10000 100 10000 43566 4618 4499
0b007101 0b008101 10000 100 100000 35812 12489 12312
0b004001 0b009101 10000 100 500000 10285 38074 29080
0b005201 0b002501 10000 100 1000 40031 8335 8161
0b007401 0b009001 10000 100 100000 34722 13789 12312
0b007101 0b002301 10000 100 500000 5508 43185 29080
0b005a01 0b005c01 10000 100 1000 44542 4171 4121
0b002c01 0b008d01 10000 100 5000 40412 8369 8329
0b006801 0b003001 10000 100 200000 30663 18131 16504
0b003a01 0b008501 10000 100 5000 40491 8458 8329
0b001f01 0b003401 10000 100 10000 30630 18470 8539
0b008d01 0b007301 10000 100 1000 41040 8130 8161
0b001601 0b002401 10000 100 20000 34152 15121 8958
0b003501 0b005601 10000 100 200000 20892 28625 16504
0b003301 0b003b01 10000 100 1000 42256 7310 4121
0b005101 0b008501 10000 100 20000 40148 9450 8958
0b005801 0b005501 10000 100 20000 43946 5671 4918
0b008a01 0b005701 10000 100 500000 3167 46565 29080
0b009b01 0b001901 10000 100 20000 32984 16799 8958
0b002901 0b002301 10000 100 20000 38235 11555 4918
0b002601 0b007f01 10000 100 50000 35525 14279 10216
0b003101 0b003e01 10000 100 1000 45654 4151 4121
0b004301 0b003301 10000 100 20000 36467 13343 8958
0b002201 0b000f01 10000 100 20000 21698 28122 8958
0b006601 0b001801 10000 100 20000 40530 9339 8958
0b002601 0b008301 10000 100 50000 35731 14148 10216
0b007701 0b001701 10000 100 500000 65 49966 29080
0b008201 0b001601 10000 100 5000 39160 11088 8329
0b005b01 0b004c01 10000 100 1000 42067 8278 8161
0b004501 0b009401 10000 100 100000 29366 21046 12312
0b005c01 0b008d01 10000 100 10000 42006 8541 8539
0b003401 0b005201 10000 100 5000 41165 9509 8329
0b004101 0b006e01 10000 100 2000 42524 8171 8203
0b006e01 0b006f01 10000 100 100000 41210 9579 8272
0b007f01 0b009001 10000 100 20000 40246 10624 8958
0b003701 0b004e01 10000 100 200000 31962 18983 16504
0b008a01 0b001601 10000 100 200000 16425 34552 16504
0b001001 0b007e01 10000 100 500000 5081 45908 29080
0b002901 0b002f01 10000 100 20000 46017 5261 4918
0b008701 0b003e01 10000 100 1000 43233 8286 8161
0b000601 0b004c01 10000 100 20000 41816 9793 8958
0b001701 0b000701 10000 100 1000 29756 22320 8161
0b008a01 0b006a01 10000 100 5000 39915 12164 8329
0b000401 0b006901 10000 100 20000 41624 10680 8958
0b002001 0b005601 10000 100 5000 41643 10680 8329
0b000001 0b009a01 10000 100 1000 40188 12221 8161
0b000001 0b008b01 10001 100 20000 42935 9541 8958
0b000c01 0b007101 10000 100 100000 37133 15354 12312
0b006801 0b009601 10000 100 1000 44507 8138 8161
0b005201 0b004c01 10000 100 5000 44188 8609 8329
0b003901 0b001c01 10000 100 1000 44669 8152 8161
0b002d01 0b003e01 10000 100 500000 23361 29611 29080
0b001c01 0b008601 10000 100 1000 44259 8765 8161
0b002901 0b004701 10000 100 5000 44525 8516 8329
0b008701 0b006f01 10000 100 200000 26855 26212 16504
0b008701 0b006501 10000 100 100000 31322 21919 12312
0b004601 0b000101 10000 100 200000 29350 24245 16504
0b002401 0b000901 10000 100 100000 30068 23536 12312
0b003201 0b007d01 10000 100 10000 44450 9378 8539
0b000901 0b004201 10000 100 2000 45775 8291 8203
0b003801 0b001e01 10000 100 2000 45992 8213 8203
0b006101 0b008701 10000 100 5000 45557 8673 8329
0b008b01 0b002201 10000 100 20000 44907 9427 8958
0b006101 0b002601 10000 100 1000 46246 8177 8161
0b007601 0b006d01 10000 100 100000 30263 24160 12312
0b000901 0b008901 10000 100 10000 45428 9056 8539
0b002401 0b004b01 10000 100 500000 2085 52439 29080
0b001f01 0b008601 10000 100 100000 29356 25204 12312
0b000701 0b000d01 10000 100 1000 50558 4150 4121
0b001201 0b009801 10000 100 20000 44428 10295 8958
0b001a01 0b000601 10000 100 100000 38564 16376 12312
0b009901 0b009001 10000 100 5000 50640 4418 4289
0b007d01 0b009101 10000 100 1000 38396 16810 8161
0b004d01 0b007f01 10000 100 100000 35910 19348 12312
0b009c01 0b000f01 10001 100 5000 24183 31318 8329
0b006201 0b008701 10000 100 2000 39770 15751 8203
0b006b01 0b004001 10000 100 5000 46814 8870 8329
0b005e01 0b005c01 10000 100 200000 17095 38625 12464
0b002301 0b008601 10000 100 1000 39494 16338 8161
0b003201 0b004c01 10000 100 200000 29325 26532 16504
0b002801 0b007201 10000 100 1000 46901 8970 8161
0b006d01 0b009f01 10000 100 5000 38556 17325 8329
0b003f01 0b005401 10000 100 50000 42629 13357 10216
0b009c01 0b002d01 10000 100 20000 44948 11044 8958
0b000701 0b001d01 10000 100 500000 6195 49916 29080
0b008901 0b009801 10000 100 50000 38851 17304 10216
0b009b01 0b005901 10000 100 5000 47320 8883 8329
0b009601 0b004c01 10000 100 50000 44177 12127 10216
0b005d01 0b005401 10000 100 100000 41273 15060 8272
0b006d01 0b005201 10000 100 10000 39060 17513 8539
0b009a01 0b008801 10000 100 5000 40343 16287 8329
0b004701 0b002301 10000 100 2000 40301 16409 8203
0b005a01 0b003401 10000 100 2000 46943 9829 8203
0b002801 0b001501 10000 100 200000 23673 33105 16504
0b000d01 0b004501 10000 100 20000 45710 11195 8958
0b008601 0b004c01 10001 100 1000 48439 8471 8161
0b007601 0b003401 10000 100 20000 45806 11142 8958
0b001301 0b004701 10000 100 2000 48792 8225 8203
0b002d01 0b002801 10000 100 20000 52135 4922 4918
0b000101 0b004401 10000 100 200000 36882 20430 16504
0b008a01 0b002101 10000 100 5000 46919 10397 8329
0b005a01 0b009901 10000 100 20000 45679 11648 8958
0b006401 0b004301 10000 100 20000 46905 10429 8958
0b001001 0b004701 10000 100 500000 11272 46080 29080
0b002801 0b006d01 10000 100 2000 39629 17819 8203
0b000501 0b002a01 10000 100 20000 45808 11664 8958
0b004b01 0b006d01 10000 100 500000 6282 51438 29080
0b009d01 0b004a01 10000 100 100000 32120 25635 12312
0b000401 0b001801 10000 100 100000 36203 21647 12312
0b005701 0b009d01 10000 100 200000 23210 34731 16504
0b005e01 0b007d01 10000 100 50000 36999 20992 10216
0b004f01 0b008201 10000 100 1000 49793 8217 8161
0b000a01 0b004f01 10000 100 100000 35370 23001 12312
0b003701 0b000b01 10000 100 20000 48910 9469 8958
0b003301 0b008f01 10000 100 100000 27653 31045 12312
0b005c01 0b009f01 10000 100 50000 46166 12578 10216
0b001601 0b002701 10000 100 1000 47333 11527 8161
0b001c01 0b001b01 10000 100 20000 53996 4865 4918
0b001d01 0b006901 10000 100 10000 50095 8837 8539
0b000701 0b004301 10000 100 20000 46974 12015 8958
0b009001 0b003601 10000 100 1000 50752 8282 8161
0b006f01 0b000701 10000 100 20000 50138 8971 8958
0b003201 0b004601 10000 100 5000 49765 9370 8329
0b004001 0b002301 10000 100 200000 33854 25284 16504
0b009a01 0b004301 10000 100 200000 13500 45748 16504
0b006501 0b001a01 10000 100 20000 44602 14725 8958
0b002401 0b008a01 10000 100 500000 3407 55926 29080
0b009201 0b001901 10000 100 500000 18184 41193 29080
0b007201 0b005b01 10000 100 1000 46870 12685 8161
0b009b01 0b003101 10001 100 1000 51448 8144 8161
0b009101 0b006301 10000 100 2000 45454 14328 8203
0b003301 0b000c01 10000 100 100000 32872 26992 12312
0b008901 0b000501 10000 100 1000 51601 8294 8161
0b003701 0b000001 10000 100 200000 38210 21771 16504
0b001901 0b008701 10000 100 20000 44085 15918 8958
0b008301 0b004801 10000 100 10000 50759 9318 8539
0b005b01 0b007901 10000 100 50000 38737 21549 10216
0b008401 0b000a01 10000 100 200000 28970 31444 16504
0b006a01 0b002501 10000 100 1000 52299 8139 8161
0b004601 0b008901 10000 100 2000 52120 8531 8203
0b009201 0b002101 10000 100 5000 52648 8374 8329
0b008501 0b006d01 10000 100 500000 13908 47114 29080
0b004f01 0b009201 10000 100 100000 48274 12799 12312
0b004001 0b001401 10000 100 20000 48341 12846 8958
0b002701 0b003301 10000 100 500000 23834 37407 29080
0b002601 0b004a01 10000 100 20000 51442 10039 8958
0b004101 0b006101 10000 100 1000 53449 8151 8161
0b004a01 0b002001 10000 100 200000 31576 30195 16504
0b005a01 0b001401 10000 100 20000 51219 10555 8958
0b000a01 0b004b01 10000 100 50000 40263 21580 10216
0b008001 0b003b01 10000 100 1000 53405 8451 8161
0b001901 0b002a01 10000 100 5000 48028 13871 8329
0b007201 0b002501 10000 100 200000 38683 23231 16504
0b003001 0b005101 10000 100 2000 53589 8344 8203
0b000101 0b003e01 10000 100 2000 53466 8517 8203
0b004b01 0b005201 10000 100 500000 14742 47361 29080
0b009001 0b004801 10000 100 5000 53536 8595 8329
0b002301 0b008201 10000 100 10000 53250 8924 8539
0b008201 0b007901 10000 100 100000 37073 25106 12312
0b007f01 0b008801 10000 100 10000 52901 9401 8539
0b004901 0b006d01 10000 100 2000 46777 15528 8203
0b001001 0b007d01 10000 100 50000 51029 11295 10216
0b000c01 0b008101 10000 100 20000 52877 9490 8958
0b004e01 0b000e01 10000 100 10000 47430 15049 8539
0b008001 0b002001 10000 100 200000 37311 25571 16504
0b009a01 0b007901 10000 100 200000 23042 40069 16504
0b009301 0b007201 10000 100 100000 46085 17091 12312
0b003e01 0b008801 10000 100 50000 49226 14101 10216
0b005f01 0b006501 10000 100 50000 45913 17431 10216
0b000a01 0b006101 10000 100 100000 42902 20471 12312
0b004a01 0b002501 10000 100 200000 33341 30061 16504
0b008001 0b003701 10000 100 10000 53589 10076 8539
0b003801 0b008701 10000 100 1000 55541 8129 8161
0b009f01 0b006d01 10000 100 10000 52524 11190 8539
0b002e01 0b008301 10000 100 20000 53196 10561 8958
0b001801 0b007401 10000 100 500000 14525 49420 29080
0b005501 0b000e01 10000 100 200000 35951 28050 16504
0b009c01 0b007d01 10000 100 1000 55770 8237 8161
0b006301 0b002301 10000 100 20000 46964 17235 8958
0b000001 0b002701 10000 100 5000 55561 8694 8329
0b001f01 0b002c01 10000 100 1000 54838 9469 8161
0b001d01 0b008f01 10000 100 50000 36355 28219 10216
0b004d01 0b000601 10000 100 500000 11592 53272 29080
0b008c01 0b000901 10000 100 20000 43919 21004 8958
0b009001 0b004c01 10000 100 20000 54406 10548 8958
0b003601 0b009b01 10000 100 10000 56165 8863 8539
0b005401 0b009801 10000 100 5000 56415 8793 8329
0b008b01 0b005f01 10000 100 2000 56409 8850 8203
0b003401 0b001601 10000 100 100000 41921 23359 12312
0b007101 0b009401 10000 100 20000 56566 8948 8958
0b001f01 0b002301 10000 100 200000 33570 32116 16504
0b004a01 0b006401 10000 100 20000 55189 10553 8958
0b005401 0b006301 10000 100 5000 56087 9655 8329
0b001501 0b000001 10000 100 5000 57389 8442 8329
0b000701 0b004601 10000 100 1000 57385 8480 8161
0b001c01 0b007201 10000 100 200000 45072 20824 16504
0b009b01 0b000201 10000 100 500000 32835 33086 29080
0b002401 0b002901 10000 100 2000 61835 4147 4163
0b001801 0b006501 10000 100 5000 51236 14857 8329
0b000a01 0b001f01 10000 100 200000 30944 35331 16504
0b006601 0b007b01 10000 100 10000 56603 9821 8539
0b002a01 0b008d01 10000 100 50000 52224 14237 10216
0b006a01 0b000301 10000 100 20000 51982 14527 8958
0b003101 0b009e01 10000 100 200000 39726 26814 16504
0b000e01 0b003d01 10000 100 1000 57572 9028 8161
0b005601 0b000901 10000 100 1000 58179 8467 8161
0b009101 0b000801 10000 100 5000 51672 15112 8329
0b009501 0b005301 10000 100 50000 48194 18659 10216
0b005801 0b003f01 10000 100 100000 47764 19185 12312
0b007901 0b007b01 10000 100 1000 50365 16637 4121
0b009901 0b009401 10000 100 2000 62937 4146 4163
0b003e01 0b004901 10000 100 1000 58882 8244 8161
0b003e01 0b007b01 10000 100 100000 49029 18114 12312
0b000d01 0b005601 10000 100 100000 46075 21093 12312
0b007f01 0b008a01 10001 100 5000 58186 8988 8329
0b007e01 0b004a01 10000 100 200000 42438 24779 16504
0b002101 0b007101 10000 100 100000 55040 12218 12312
0b005e01 0b001f01 10000 100 100000 33567 33814 12312
0b006901 0b009a01 10000 100 200000 30802 36649 16504
0b009001 0b000101 10000 100 1000 59257 8210 8161
0b004501 0b001501 10000 100 1000 57165 10325 8161
0b001701 0b004b01 10000 100 10000 49465 18129 8539
0b008d01 0b005201 10000 100 100000 49703 17919 12312
0b004601 0b007501 10000 100 1000 57008 10697 8161
0b006d01 0b001d01 10000 100 10000 58772 8954 8539
0b000101 0b008e01 10000 100 5000 59379 8348 8329
0b008201 0b009e01 10000 100 10000 47748 20029 8539
0b002301 0b005401 10000 100 500000 25750 42227 29080
0b009301 0b003201 10000 100 200000 50727 17271 16504
0b004c01 0b002101 10001 100 20000 58119 9923 8958
0b004501 0b009601 10000 100 100000 50801 17317 12312
0b005e01 0b001701 10000 100 5000 48465 19664 8329
0b002a01 0b008d01 10001 100 1000 60031 8160 8161
0b000101 0b000e01 10000 100 5000 64237 4252 4289
0b009101 0b003c01 10000 100 10000 52798 15714 8539
0b008c01 0b008901 10000 100 10000 54859 13692 4499
0b008401 0b000e01 10000 100 500000 25141 43467 29080
0b007f01 0b004e01 10000 100 10000 59347 9500 8539
0b000501 0b007401 10000 100 5000 59992 8927 8329
0b001201 0b007401 10000 100 1000 59882 9039 8161
0b005701 0b009201 10000 100 10000 48405 20529 8539
0b007601 0b007b01 10000 100 2000 64785 4182 4163
0b001b01 0b005b01 10000 100 1000 59862 9126 8161
0b004201 0b009201 10000 100 20000 59906 9135 8958
0b005301 0b002101 10000 100 2000 50181 18871 8203
0b003201 0b008b01 10000 100 10000 60325 8866 8539
0b004501 0b000601 10000 100 20000 52826 16533 8958
0b007a01 0b005b01 10000 100 2000 61061 8343 8203
0b004b01 0b000b01 10000 100 1000 61364 8146 8161
0b003d01 0b005601 10000 100 5000 57808 12053 8329
0b001101 0b002001 10000 100 100000 45485 24380 12312
0b002001 0b008201 10000 100 2000 61857 8191 8203
0b002e01 0b003001 10000 100 200000 44649 25732 16504
0b005601 0b003801 10000 100 1000 61461 8967 8161
0b009201 0b006301 10000 100 200000 53109 17434 16504
0b003301 0b007801 10000 100 1000 48864 21761 8161
0b006a01 0b008a01 10000 100 1000 61492 9140 8161
0b002201 0b007001 10000 100 20000 58673 12042 8958
0b009201 0b000101 10000 100 10000 62266 8519 8539
0b007e01 0b006501 10000 100 5000 53961 16825 8329
0b007001 0b008c01 10000 100 20000 52827 17988 8958
0b001001 0b000401 10000 100 1000 62799 8158 8161
0b006201 0b003f01 10000 100 5000 53765 17386 8329
0b004901 0b005901 10000 100 500000 35101 36089 29080
0b000101 0b001201 10000 100 100000 51140 20175 12312
0b008301 0b001c01 10000 100 1000 63451 8160 8161
0b008e01 0b009e01 10000 100 100000 46202 25442 12312
0b003a01 0b007e01 10000 100 1000 62925 8741 8161
0b005a01 0b006501 10000 100 20000 52740 18935 8958
0b002c01 0b002b01 10000 100 50000 61223 10473 6176
0b001201 0b004901 10000 100 200000 44838 26863 16504
0b008801 0b004901 10000 100 1000 63631 8128 8161
0b007f01 0b004d01 10000 100 1000 63075 8739 8161
0b005f01 0b004c01 10000 100 100000 57643 14237 12312
0b002001 0b001301 10000 100 20000 60357 11885 8958
0b002301 0b007c01 10000 100 2000 64013 8269 8203
0b009e01 0b005601 10000 100 1000 54747 17589 8161
0b007c01 0b006101 10000 100 2000 64070 8350 8203
0b003a01 0b002c01 10000 100 100000 56019 16467 12312
0b005801 0b001601 10000 100 500000 30205 42316 29080
0b007d01 0b005501 10000 100 5000 61773 10793 8329
0b004201 0b005301 10000 100 500000 11259 61478 29080
0b007201 0b003b01 10000 100 1000 64632 8153 8161
0b005001 0b006601 10000 100 1000 49387 23535 8161
0b009301 0b008801 10000 100 1000 64499 8462 8161
0b000001 0b002801 10000 100 100000 50407 22647 12312
0b003e01 0b008701 10000 100 200000 49373 23879 16504
0b001501 0b009601 10000 100 50000 61784 11521 10216
0b001d01 0b001701 10000 100 500000 18422 55136 25040
0b006001 0b003001 10000 100 10000 65063 8572 8539
0b009c01 0b006e01 10000 100 5000 65410 8361 8329
0b008301 0b007f01 10000 100 200000 48685 25162 16504
0b000401 0b001901 10000 100 1000 57807 16118 8161
0b001701 0b003e01 10000 100 50000 56445 17563 10216
0b008b01 0b000801 10000 100 20000 65144 8968 8958
0b002401 0b009e01 10000 100 1000 55977 18715 8161
0b005c01 0b001c01 10000 100 20000 65025 9747 8958
0b005601 0b007e01 10000 100 50000 55787 19233 10216
0b005e01 0b007901 10000 100 50000 39422 35748 10216
0b002d01 0b003401 10000 100 10000 60340 14866 8539
0b003501 0b001601 10000 100 20000 64291 10939 8958
0b008001 0b000801 10000 100 10000 65936 9353 8539
0b004101 0b002701 10000 100 10000 66456 8885 8539
0b005301 0b005401 10000 100 1000 62257 13118 4121
0b006a01 0b004901 10000 100 100000 55196 20377 12312
0b008e01 0b003501 10000 100 1000 67461 8144 8161
0b008701 0b005201 10000 100 100000 61816 13896 12312
0b002b01 0b001201 10000 100 20000 66730 8983 8958
0b003501 0b002301 10000 100 20000 65533 10201 8958
0b009a01 0b006301 10000 100 20000 54600 21138 8958
0b009201 0b000b01 10000 100 1000 67847 8176 8161
0b009a01 0b006f01 10000 100 1000 56543 19607 8161
0b002601 0b001501 10000 100 20000 65835 10453 8958
0b001701 0b002e01 10000 100 2000 66787 9521 8203
0b006201 0b000301 10000 100 500000 22246 54166 29080
0b000301 0b007c01 10000 100 500000 26605 49971 29080
0b006901 0b009b01 10000 100 1000000 6017 70876 50040
0b001601 0b004301 10000 100 10000 66184 10719 8539
0b000701 0b000201 10000 100 1000 73094 4110 4121
0b001801 0b006201 10000 100 500000 17279 59968 29080
0b001101 0b000301 10000 100 200000 33818 43575 16504
0b006101 0b007801 10000 100 500000 36955 40495 29080
0b008e01 0b005901 10000 100 1000 69449 8186 8161
0b005301 0b001501 10000 100 50000 56524 21117 10216
0b008501 0b007301 10000 100 20000 64173 13497 8958
0b007301 0b003901 10000 100 20000 66976 10869 8958
0b004701 0b000201 10000 100 20000 68678 9361 8958
0b001001 0b003e01 10000 100 10000 65905 12230 8539
0b000801 0b000a01 10000 100 500000 19706 58480 25040
0b007e01 0b007301 10000 100 20000 70376 7835 4918
0b009401 0b005401 10000 100 200000 61123 17145 16504
0b008601 0b009301 10000 100 500000 47197 31142 29080
0b001301 0b006801 10000 100 10000 67569 10807 8539
0b002a01 0b003c01 10000 100 200000 51894 26569 16504
0b002101 0b005001 10000 100 2000 54164 24326 8203
0b005301 0b001301 10000 100 1000 60235 18449 8161
0b004e01 0b002c01 10000 100 1000 64204 14495 8161
0b002d01 0b005101 10000 100 200000 62262 16476 16504
0b001f01 0b003a01 10000 100 20000 64263 14631 8958
0b006a01 0b004401 10000 100 200000 53021 25898 16504
0b005d01 0b000501 10000 100 10000 70072 8849 8539
0b004701 0b009e01 10000 100 1000 63166 15914 8161
0b000101 0b007f01 10000 100 10000 70173 8958 8539
0b007101 0b000901 10000 100 50000 67616 11755 10216
0b008601 0b006101 10000 100 1000 68912 10499 8161
0b002201 0b005d01 10000 100 10000 70335 9291 8539
0b008601 0b005501 10000 100 10000 69625 10007 8539
0b006f01 0b002201 10000 100 200000 59587 20231 16504
0b007601 0b007b01 10001 100 5000 74934 4892 4289
0b005b01 0b000f01 10000 100 500000 3198 76673 29080
0b008301 0b008901 10000 100 500000 46076 33873 25040
0b005101 0b001801 10000 100 20000 69246 10760 8958
0b009d01 0b004c01 10000 100 100000 47924 32101 12312
0b006601 0b006201 10000 100 1000 70581 9457 4121
0b004d01 0b002101 10000 100 10000 70491 9580 8539
0b009501 0b009901 10000 100 1000 76036 4170 4121
0b002c01 0b002b01 10001 100 100000 71991 8353 8272
0b008901 0b005c01 10000 100 500000 24459 55940 29080
0b006d01 0b004801 10000 100 1000 68402 12282 8161
0b000701 0b007101 10000 100 50000 66178 14561 10216
0b005f01 0b008f01 10000 100 100000 46004 34740 12312
0b005b01 0b000801 10000 100 20000 70950 9808 8958
0b000701 0b002101 10000 100 100000 62414 18357 12312
0b004301 0b005301 10000 100 10000 62036 18771 8539
0b001701 0b009501 10000 100 1000 71221 9646 8161
0b009101 0b004e01 10000 100 200000 46993 34031 16504
0b007e01 0b000501 10000 100 1000 72894 8158 8161
0b006401 0b002c01 10000 100 500000 48208 32980 29080
0b005c01 0b009601 10000 100 50000 67014 14623 10216
0b004a01 0b004401 10000 100 100000 65864 15787 8272
0b000001 0b001a01 10000 100 1000 73428 8412 8161
0b004901 0b008901 10000 100 2000 73011 8838 8203
0b000701 0b001a01 10000 100 1000000 4408 77521 50040
0b002901 0b007201 10000 100 5000 70565 11413 8329
0b001c01 0b009d01 10000 100 1000 57098 25013 8161
0b005801 0b001b01 10000 100 200000 53111 29085 16504
0b007a01 0b001401 10000 100 100000 62459 19874 12312
0b000401 0b001b01 10000 100 5000 73951 8425 8329
0b004201 0b002b01 10000 100 1000 74234 8153 8161
0b005801 0b007001 10000 100 200000 53724 28730 16504
0b004101 0b003f01 10000 100 200000 65394 17099 16504
0b009501 0b002d01 10000 100 10000 69585 12966 8539
0b002901 0b008f01 10000 100 1000 52081 30514 8161
0b004501 0b006601 10000 100 1000000 14022 68585 50040
0b000801 0b009e01 10000 100 200000 34500 48112 16504
0b003a01 0b006a01 10000 100 20000 72913 9732 8958
0b001001 0b007901 10000 100 100000 54435 28330 12312
0b000601 0b001201 10000 100 1000 74599 8227 8161
0b007001 0b009101 10000 100 500000 29202 53644 29080
0b007f01 0b002201 10001 100 10000 72257 10628 8539
0b002101 0b009701 10000 100 1000 74760 8128 8161
0b000f01 0b005701 10000 100 1000 49417 33564 8161
0b005b01 0b006b01 10000 100 1000000 24339 58844 50040
0b008501 0b003d01 10000 100 50000 57557 25706 10216
0b003a01 0b000f01 10000 100 50000 44920 38382 10216
0b002601 0b008601 10000 100 50000 71377 11927 10216
0b005701 0b009601 10000 100 500000 26340 57289 29080
0b004f01 0b000301 10000 100 5000 74042 9927 8329
0b002601 0b003d01 10000 100 50000 63264 20772 10216
0b007001 0b005401 10000 100 10000 74566 9491 8539
0b006e01 0b002701 10000 100 1000 76024 8234 8161
0b001501 0b002601 10000 100 20000 75150 9374 8958
0b001c01 0b008501 10000 100 10000 76045 8578 8539
0b009f01 0b006601 10000 100 10000 74920 9798 8539
0b006401 0b001d01 10000 100 1000 76552 8172 8161
0b005601 0b005201 10000 100 1000 74726 10016 4121
0b000401 0b007201 10000 100 1000 76566 8195 8161
0b005901 0b001701 10000 100 10000 74901 9904 8539
0b002c01 0b009d01 10000 100 50000 52568 32314 10216
0b007c01 0b004501 10000 100 500000 54025 30947 29080
0b009901 0b004901 10000 100 20000 75728 9463 8958
0b001101 0b007801 10000 100 20000 73380 11925 8958
0b005901 0b002901 10000 100 200000 65086 20341 16504
0b006c01 0b008501 10000 100 1000 77317 8152 8161
0b007001 0b004a01 10000 100 100000 62713 22797 12312
0b001701 0b006101 10000 100 100000 67807 17723 12312
0b008501 0b008401 10000 100 1000 81668 4122 4121
0b001201 0b003201 10000 100 20000 75333 10505 8958
0b004601 0b007d01 10000 100 20000 70774 15079 8958
0b000a01 0b000001 10000 100 10000 78246 8303 4499
0b007301 0b005801 10000 100 20000 72369 14413 8958
0b004201 0b007e01 10000 100 1000 78675 8139 8161
0b002401 0b007001 10000 100 1000 78706 8148 8161
0b000f01 0b007d01 10000 100 1000 56169 30708 8161
0b008c01 0b008e01 10000 100 10000 71324 15674 4499
0b000201 0b003201 10000 100 2000 78685 8335 8203
0b008301 0b000801 10000 100 5000 78503 8537 8329
0b007e01 0b005c01 10000 100 200000 61256 25940 16504
0b004201 0b004601 10000 100 20000 80942 6397 4918
0b009e01 0b008501 10000 100 20000 76904 10449 8958
0b001101 0b000d01 10000 100 5000 78541 8855 8329
0b009201 0b009801 10000 100 500000 62824 24626 25040
0b001e01 0b006b01 10000 100 20000 77722 9773 8958
0b002801 0b000e01 10000 100 1000 79262 8268 8161
0b007901 0b008901 10000 100 1000 59868 27674 8161
0b008701 0b005901 10000 100 2000 79276 8283 8203
0b006f01 0b008b01 10000 100 5000 79333 8322 8329
0b005f01 0b004601 10001 100 5000 78469 9283 8329
0b006d01 0b005f01 10000 100 20000 77417 10341 8958
0b008701 0b001c01 10000 100 100000 72450 15363 12312
0b007d01 0b000501 10000 100 20000 71003 16826 8958
0b009c01 0b003301 10000 100 100000 53334 34512 12312
0b004e01 0b000201 10000 100 2000 79455 8585 8203
0b007b01 0b008201 10000 100 5000 79722 8462 8329
0b008801 0b001c01 10000 100 10000 78297 9900 8539
0b002e01 0b007f01 10000 100 1000 79376 8859 8161
0b000f01 0b006d01 10000 100 100000 48532 39923 12312
0b000001 0b004701 10000 100 500000 50326 38279 29080
0b001201 0b004301 10000 100 200000 63176 25496 16504
0b000401 0b007601 10000 100 5000 79078 9614 8329
0b007e01 0b006701 10000 100 500000 36860 51840 29080
0b008b01 0b007901 10000 100 1000 62483 26284 8161
0b005a01 0b004301 10000 100 1000 80656 8166 8161
0b004701 0b007e01 10000 100 20000 80093 9095 8958
0b001701 0b004101 10000 100 20000 78885 10388 8958
0b004a01 0b001301 10000 100 100000 71693 17904 12312
0b003a01 0b003901 10000 100 10000 85282 4707 4499
0b005101 0b006401 10000 100 1000 81811 8189 8161
0b002601 0b008c01 10000 100 1000000 14849 75453 50040
0b009701 0b002001 10000 100 1000 82153 8168 8161
0b002b01 0b005801 10000 100 1000 80855 9500 8161
0b001801 0b005a01 10000 100 5000 81762 8769 8329
0b003101 0b001c01 10000 100 2000 82342 8197 8203
0b005e01 0b008601 10000 100 500000 6400 84248 29080
0b007201 0b005c01 10000 100 10000 79388 11320 8539
0b001401 0b009b01 10000 100 200000 70066 20739 16504
0b005601 0b002101 10000 100 10000 72305 18554 8539
0b001a01 0b001001 10000 100 100000 77202 13918 8272
0b009701 0b000401 10000 100 1000 83075 8230 8161
0b000001 0b005801 10000 100 100000 74689 16704 12312
0b009e01 0b000a01 10000 100 20000 73957 17509 8958
0b007801 0b004201 10000 100 2000 83003 8614 8203
0b001901 0b001301 10000 100 1000 81769 9896 4121
0b008a01 0b002801 10000 100 10000 70626 21218 8539
0b004601 0b009801 10000 100 10000 83404 8571 8539
0b007201 0b000a01 10000 100 100000 70347 21703 12312
0b005e01 0b003101 10000 100 500000 6764 85289 29080
0b000501 0b003001 10000 100 5000 83037 9061 8329
0b008901 0b004e01 10000 100 10000 83258 9254 8539
0b004c01 0b005001 10000 100 10000 62680 29925 8539
0b002801 0b005a01 10000 100 100000 72188 20472 12312
0b005401 0b004701 10000 100 1000 84435 8240 8161
0b004c01 0b001601 10000 100 200000 61341 31466 16504
0b009c01 0b001201 10000 100 1000 79537 13395 8161
0b006c01 0b006a01 10000 100 50000 86036 6904 6176
0b007001 0b003201 10000 100 200000 66291 26747 16504
0b001e01 0b001701 10000 100 200000 74720 18361 12464
0b003901 0b000401 10000 100 5000 84715 8432 8329
0b002101 0b004f01 10000 100 20000 83533 9802 8958
0b007f01 0b007a01 10000 100 5000 88498 4866 4289
0b002701 0b003001 10000 100 5000 85024 8545 8329
0b002901 0b001201 10000 100 20000 84101 9522 8958
0b006001 0b008801 10000 100 100000 80548 13171 12312
0b003901 0b009801 10000 100 1000 85579 8176 8161
0b007c01 0b006b01 10000 100 20000 84137 9627 8958
0b002701 0b008b01 10000 100 20000 84561 9221 8958
0b004301 0b006401 10000 100 10000 83047 11009 8539
0b009801 0b009401 10000 100 20000 88929 5275 4918
0b006d01 0b007c01 10000 100 1000 86225 8128 8161
0b001601 0b001901 10000 100 500000 26769 67618 25040
0b007b01 0b009301 10000 100 1000 82834 11685 8161
0b000901 0b004301 10000 100 1000 86477 8169 8161
0b009201 0b004f01 10000 100 1000 85857 8797 8161
0b008801 0b005401 10000 100 5000 86193 8492 8329
0b004401 0b007a01 10000 100 50000 84526 10223 10216
0b004901 0b009101 10000 100 10000 68922 25847 8539
0b007901 0b003801 10000 100 100000 51232 43584 12312
0b002d01 0b006601 10000 100 1000 86697 8136 8161
0b005a01 0b008c01 10000 100 500000 42476 52365 29080
0b009101 0b004d01 10000 100 5000 74717 20167 8329
0b008301 0b001901 10000 100 1000 86735 8212 8161
0b007d01 0b009b01 10000 100 2000 76363 18808 8203
0b000101 0b005001 10000 100 20000 64641 30678 8958
0b006301 0b009b01 10000 100 2000 85415 9975 8203
0b007701 0b007e01 10000 100 20000 89075 6479 4918
0b002a01 0b001001 10000 100 10000 86753 8847 8539
0b001d01 0b007b01 10000 100 5000 86936 8834 8329
0b003901 0b009d01 10000 100 200000 58046 37888 16504
0b009101 0b008801 10000 100 500000 34966 60987 29080
0b003d01 0b007d01 10000 100 20000 79169 17054 8958
0b001001 0b008c01 10000 100 10000 81920 14310 8539
0b006101 0b007501 10000 100 1000 76694 19653 8161
0b001501 0b005501 10000 100 50000 83358 13020 10216
0b003601 0b007801 10000 100 200000 71166 25258 16504
0b001301 0b002901 10000 100 10000 81313 15128 8539
0b006901 0b004c01 10000 100 500000 47904 48542 29080
0b007a01 0b003d01 10000 100 500000 35759 60692 29080
0b006a01 0b001a01 10000 100 100000 82338 14254 12312
0b000a01 0b009401 10000 100 100000 81170 15528 12312
0b001c01 0b000701 10000 100 1000 88822 8128 8161
0b009401 0b001c01 10000 100 10000 88487 8532 8539
0b007c01 0b002601 10000 100 20000 84016 13108 8958
0b008001 0b002501 10000 100 1000 88925 8211 8161
0b003301 0b009d01 10000 100 200000 29482 67747 16504
0b009901 0b004101 10000 100 1000 85430 11802 8161
0b000f01 0b009001 10000 100 200000 43247 54012 16504
0b001d01 0b004901 10000 100 100000 79483 17854 12312
0b001401 0b004f01 10000 100 50000 85397 12075 10216
0b009b01 0b001e01 10000 100 1000 89260 8294 8161
0b008c01 0b000c01 10000 100 2000 89279 8287 8203
0b008901 0b002801 10000 100 1000 89453 8205 8161
0b001d01 0b009301 10000 100 20000 84852 12848 8958
0b003101 0b006b01 10000 100 2000 89550 8189 8203
0b003a01 0b002f01 10000 100 200000 77332 20429 16504
0b002901 0b007d01 10000 100 5000 82293 15563 8329
0b001d01 0b008e01 10000 100 10000 88355 9509 8539
0b006201 0b004f01 10000 100 1000 79733 18206 8161
0b007001 0b003c01 10000 100 1000 88354 9594 8161
0b001d01 0b006c01 10000 100 500000 63660 34452 29080
0b003a01 0b006101 10000 100 200000 68157 30126 16504
0b004101 0b001b01 10000 100 1000 90159 8159 8161
0b004601 0b001d01 10000 100 10000 89581 8790 8539
0b009401 0b007401 10000 100 20000 87649 10889 8958
0b006301 0b008201 10000 100 200000 75329 23545 16504
0b001a01 0b007e01 10000 100 1000 90972 8201 8161
0b007d01 0b008901 10000 100 2000 86992 12249 8203
0b006501 0b002101 10000 100 20000 69864 29455 8958
0b009801 0b009101 10000 100 20000 83231 16120 4918
0b003501 0b006701 10000 100 500000 55316 44061 29080
0b004f01 0b000901 10000 100 50000 84395 14996 10216
0b007401 0b002b01 10000 100 5000 88898 10568 8329
0b000501 0b008e01 10000 100 100000 74773 24710 12312
0b008401 0b001801 10000 100 1000 91332 8201 8161
0b009e01 0b008901 10000 100 1000 90951 8739 8161
0b008a01 0b001e01 10000 100 2000 80727 19058 8203
0b001b01 0b001701 10000 100 100000 85406 14576 8272
0b009101 0b001c01 10000 100 10000 79178 21141 8539
0b005d01 0b004f01 10000 100 5000 89629 10736 8329
0b005001 0b001601 10000 100 50000 61753 38667 10216
0b006a01 0b000f01 10000 100 100000 57158 43426 12312
0b006801 0b007501 10000 100 100000 72059 28531 12312
0b008a01 0b002501 10000 100 100000 60315 40381 12312
0b007e01 0b001401 10000 100 5000 91156 9584 8329
0b002001 0b005901 10000 100 200000 80411 20335 16504
0b004501 0b002401 10000 100 10000 92171 8593 8539
0b007b01 0b006c01 10000 100 20000 92079 9052 8958
0b004701 0b000801 10000 100 5000 92637 8685 8329
0b002601 0b008101 10000 100 50000 90507 10949 10216
0b006c01 0b005901 10000 100 5000 92436 9119 8329
0b004c01 0b006101 10000 100 200000 67087 34524 16504
0b003401 0b009101 10000 100 100000 50710 51044 12312
0b006d01 0b003d01 10000 100 1000000 26769 75018 50040
0b006001 0b005b01 10000 100 20000 88550 13254 8958
0b003401 0b005501 10000 100 5000 83394 18446 8329
0b001401 0b001701 10000 100 5000 95355 6545 4289
0b004101 0b002701 10001 100 200000 85440 16479 16504
0b006501 0b006901 10000 100 20000 78163 23765 4918
0b006301 0b001d01 10001 100 200000 76881 25090 16504
0b005a01 0b002f01 10000 100 10000 90391 11685 8539
0b003c01 0b007801 10000 100 200000 81409 20825 16504
0b002801 0b005d01 10000 100 20000 91837 10494 8958
0b007f01 0b000201 10000 100 100000 80106 22258 12312
0b003f01 0b003a01 10000 100 5000 97985 4436 4289
0b001a01 0b008901 10000 100 1000 94289 8318 8161
0b005101 0b004a01 10000 100 5000 93944 8767 8329
0b007901 0b007501 10000 100 500000 25820 76899 25040
0b006e01 0b000901 10000 100 1000 91662 11171 8161
0b005f01 0b004c01 10001 100 2000 93856 9041 8203
0b000a01 0b007101 10000 100 20000 85991 16989 8958
0b004201 0b001301 10000 100 10000 89147 14011 8539
0b001e01 0b004f01 10000 100 200000 79844 23404 16504
0b007301 0b009a01 10000 100 1000 80524 22865 8161
0b004b01 0b007501 10000 100 1000 80348 23076 8161
0b002101 0b001701 10000 100 100000 84997 18582 12312
0b000401 0b007901 10000 100 500000 33585 70081 29080
0b006301 0b006801 10000 100 5000 94687 9055 4289
0b003c01 0b003401 10000 100 10000 86193 17619 4499
0b006c01 0b005401 10000 100 10000 95410 8746 8539
0b009901 0b002101 10000 100 100000 81441 22729 12312
0b004401 0b006b01 10000 100 50000 93998 10226 10216
0b006501 0b006101 10000 100 200000 58152 46107 12464
0b005501 0b009301 10000 100 500000 72543 31835 29080
0b006701 0b004d01 10000 100 500000 51005 53523 29080
0b007901 0b005001 10000 100 20000 54471 50100 8958
0b009401 0b002b01 10000 100 5000 96152 8428 8329
0b008d01 0b001501 10000 100 20000 93252 11433 8958
0b002201 0b006801 10000 100 200000 74456 30272 16504
0b006401 0b002b01 10000 100 10000 95991 8755 8539
0b003d01 0b005a01 10000 100 2000 95522 9228 8203
0b002401 0b007201 10000 100 5000 96008 8754 8329
0b002601 0b007801 10000 100 1000 96642 8158 8161
0b006701 0b005401 10000 100 50000 89890 15073 10216
0b008f01 0b004901 10000 100 20000 77556 27423 8958
0b000a01 0b009d01 10000 100 50000 71790 33216 10216
0b007701 0b008401 10000 100 5000 91867 13161 8329
0b002301 0b002e01 10000 100 1000000 58831 46277 46000
0b004901 0b003401 10000 100 500000 48635 56482 29080
0b002501 0b007301 10000 100 500000 64619 40618 29080
0b003901 0b000c01 10000 100 5000 96865 8392 8329
0b006f01 0b004c01 10000 100 100000 91791 13561 12312
0b001f01 0b005a01 10000 100 1000 86468 18894 8161
0b004c01 0b002201 10000 100 100000 84425 20980 12312
0b009501 0b006101 10000 100 10000 96885 8616 8539
0b001001 0b004501 10000 100 10000 96959 8551 8539
0b008701 0b005901 10001 100 100000 86809 18741 12312
0b006601 0b009c01 10000 100 1000 92283 13277 8161
0b003901 0b007001 10000 100 5000 97426 8373 8329
0b009401 0b009301 10000 100 1000 101464 4356 4121
0b002501 0b006a01 10000 100 1000 97658 8166 8161
0b002001 0b002501 10000 100 5000 101589 4254 4289
0b008e01 0b001601 10000 100 1000 97672 8236 8161
0b007e01 0b001801 10000 100 1000 97426 8564 8161
0b009d01 0b005b01 10000 100 20000 76028 30032 8958
0b002f01 0b009c01 10000 100 1000 92720 13348 8161
0b000601 0b003601 10000 100 20000 87570 18515 8958
0b001c01 0b006601 10000 100 20000 96902 9218 8958
0b004801 0b007301 10000 100 5000 91589 14645 8329
0b007701 0b009901 10001 100 20000 92292 14065 8958
0b005e01 0b003401 10000 100 5000 86193 20174 8329
0b002c01 0b009a01 10000 100 10000 87795 18730 8539
0b006501 0b009101 10000 100 100000 55673 51011 12312
0b004001 0b000d01 10000 100 1000 93724 12973 8161
0b009a01 0b007201 10000 100 10000 89016 17740 8539
0b007a01 0b009d01 10000 100 1000 75952 30849 8161
0b009301 0b007701 10001 100 1000 97447 9377 8161
0b003f01 0b001801 10000 100 500000 66815 40086 29080
0b008d01 0b008c01 10000 100 10000 101417 5830 4499
0b002801 0b005e01 10000 100 1000000 14596 92695 50040
0b004d01 0b006b01 10000 100 10000 93122 14254 8539
0b001b01 0b005501 10000 100 5000 98768 8680 8329
0b001c01 0b009b01 10000 100 1000 99361 8167 8161
0b000801 0b003c01 10000 100 500000 66728 40810 29080
0b002d01 0b001801 10000 100 1000 99393 8153 8161
0b004a01 0b001701 10000 100 20000 97980 9588 8958
0b002101 0b007601 10000 100 50000 93764 13894 10216
0b009001 0b006501 10000 100 200000 64281 43381 16504
0b003501 0b000101 10000 100 5000 99564 8450 8329
0b009c01 0b007201 10000 100 1000 95651 12393 8161
0b007501 0b006e01 10000 100 20000 86962 21141 8958
0b006901 0b003701 10000 100 5000 91711 16556 8329
0b001801 0b004901 10000 100 200000 78521 29842 16504
0b005001 0b004801 10000 100 200000 57141 51295 16504
0b006401 0b005c01 10000 100 500000 71905 36604 29080
0b009301 0b007701 10000 100 50000 96238 12477 10216
0b005801 0b006901 10000 100 20000 96812 12010 8958
0b000d01 0b009501 10000 100 1000000 14525 94322 50040
0b001001 0b003101 10000 100 10000 100206 8792 8539
0b005a01 0b002f01 10001 100 20000 96344 12701 8958
0b007001 0b003101 10000 100 10000 100329 8849 8539
0b006401 0b000b01 10000 100 1000 94145 15113 8161
0b008c01 0b000a01 10000 100 500000 51364 57933 29080
0b004c01 0b002a01 10000 100 20000 98541 10846 8958
0b000d01 0b009f01 10000 100 50000 97135 12511 10216
0b006201 0b009601 10000 100 10000 85728 23957 8539
0b006e01 0b004001 10000 100 50000 92354 17631 10216
0b000d01 0b009a01 10000 100 500000 37409 72595 29080
0b001001 0b007901 10001 100 50000 76700 33505 10216
0b001801 0b004001 10000 100 100000 84375 25854 12312
0b007f01 0b008a01 10000 100 1000000 8011 102458 50040
0b001a01 0b004d01 10000 100 100000 84936 25553 12312
0b007901 0b003f01 10000 100 5000 81986 28528 8329
0b005101 0b006f01 10000 100 100000 92208 18313 12312
0b007601 0b003a01 10000 100 20000 99107 11681 8958
0b002b01 0b002101 10000 100 20000 105234 5668 4918
0b008701 0b000601 10000 100 200000 84511 26467 16504
0b002201 0b001001 10000 100 10000 101449 9547 8539
0b007301 0b007001 10000 100 2000 107010 4174 4163
0b002601 0b005f01 10000 100 5000 102705 8501 8329
0b009401 0b001b01 10000 100 10000 102810 8663 8539
0b007101 0b008a01 10000 100 20000 77333 34145 8958
0b008d01 0b002901 10000 100 200000 79159 32372 16504
0b008101 0b007901 10000 100 10000 82918 28733 8539
0b006c01 0b009e01 10000 100 50000 99717 11973 10216
0b002001 0b003201 10000 100 2000 103551 8196 8203
0b008c01 0b002a01 10000 100 20000 100628 11190 8958
0b004501 0b001801 10000 100 20000 102684 9172 8958
0b007f01 0b002201 10000 100 1000000 17867 94064 50040
0b008901 0b008001 10001 100 5000 107081 4959 4289
0b009201 0b003501 10000 100 10000 103464 8617 8539
0b005b01 0b009201 10000 100 100000 99543 12623 12312
0b000901 0b009301 10000 100 2000 103913 8399 8203
0b002601 0b001101 10000 100 10000 102908 9552 8539
0b004001 0b001301 10000 100 10000 96998 15500 8539
0b009e01 0b001201 10000 100 1000 101682 10906 8161
0b008d01 0b008201 10000 100 100000 99258 13348 8272
0b007601 0b005801 10000 100 200000 79472 33179 16504
0b008e01 0b002d01 10000 100 2000 104358 8295 8203
0b000901 0b006f01 10000 100 1000 104476 8210 8161
0b003901 0b000e01 10000 100 1000 100462 12381 8161
0b004c01 0b001101 10000 100 50000 98434 14510 10216
0b003101 0b006901 10000 100 20000 104084 8995 8958
0b009101 0b000601 10000 100 200000 86921 26180 16504
0b004701 0b007101 10000 100 20000 88480 24627 8958
0b005d01 0b005201 10000 100 5000 108474 4755 4289
0b006201 0b000b01 10000 100 5000 86564 26698 8329
0b009901 0b007201 10000 100 10000 103540 9750 8539
0b007b01 0b008001 10000 100 10000 101723 11591 8539
0b006901 0b005001 10000 100 200000 57740 55596 16504
0b004501 0b003401 10000 100 20000 97378 15975 8958
0b008d01 0b001d01 10000 100 200000 80793 33141 16504
0b003e01 0b006e01 10000 100 500000 79670 34280 29080
0b008301 0b006301 10000 100 100000 99457 14532 12312
0b006601 0b002801 10000 100 20000 105062 9037 8958
0b009301 0b007701 10002 100 20000 102052 12051 8958
0b001601 0b008801 10000 100 10000 104511 9643 8539
0b001b01 0b009001 10000 100 5000 100436 13952 8329
0b007101 0b005d01 10000 100 10000 95829 18580 8539
0b001d01 0b009201 10000 100 5000 106176 8389 8329
0b005801 0b008b01 10000 100 10000 102711 11871 8539
0b001701 0b002801 10000 100 1000 106533 8165 8161
0b008801 0b003401 10000 100 50000 95762 19002 10216
0b001601 0b001101 10000 100 5000 109682 5098 4289
0b000b01 0b006201 10000 100 20000 82743 32067 8958
0b008201 0b003b01 10000 100 10000 105546 9364 8539
0b001c01 0b009f01 10000 100 100000 101033 14039 12312
0b002501 0b003c01 10000 100 10000 106298 8796 8539
0b001301 0b008c01 10000 100 1000 102314 12805 8161
0b004b01 0b005701 10000 100 500000 43561 71588 29080
0b009c01 0b007101 10000 100 200000 78186 37048 16504
0b003401 0b006501 10000 100 200000 48039 67220 16504
0b005001 0b009f01 10000 100 5000 80871 34750 8329
0b005301 0b000c01 10000 100 2000 97602 18137 8203
0b006701 0b007301 10000 100 1000 107468 8330 8161
0b002d01 0b001f01 10000 100 5000 95862 19956 8329
0b008a01 0b009c01 10000 100 500000 25539 90311 29080
0b001301 0b004901 10000 100 100000 95974 19974 12312
0b008401 0b003f01 10000 100 50000 103844 12212 10216
0b007801 0b008f01 10001 100 1000 91748 24344 8161
0b006201 0b008501 10000 100 50000 90823 25368 10216
0b008201 0b000f01 10000 100 1000 91060 25328 8161
0b002d01 0b008f01 10000 100 1000 92433 24243 8161
0b004701 0b000701 10000 100 200000 89549 27175 16504
0b002b01 0b008d01 10000 100 100000 102745 14005 12312
0b009e01 0b000401 10000 100 20000 103574 13412 8958
0b008301 0b009701 10000 100 5000 108703 8334 8329
0b005a01 0b007701 10000 100 5000 100130 16920 8329
0b009a01 0b008701 10000 100 100000 93717 23388 12312
0b001c01 0b007101 10000 100 1000 98317 18946 8161
0b009a01 0b008801 10001 100 100000 94236 23088 12312
0b001801 0b002301 10000 100 100000 100192 17135 12312
0b007301 0b004701 10000 100 5000 108005 9352 8329
0b009201 0b004601 10000 100 50000 106115 11244 10216
0b008401 0b006201 10000 100 2000 94587 23050 8203
0b003501 0b009201 10000 100 1000 107348 10641 8161
0b008801 0b008c01 10000 100 20000 112960 5076 4918
0b009901 0b003c01 10000 100 20000 105930 12442 8958
0b003a01 0b003e01 10000 100 5000 112545 5864 4289
0b002001 0b001301 10001 100 2000 105607 12841 8203
0b002501 0b003901 10000 100 1000 107353 11583 8161
0b001301 0b004001 10000 100 10000 103457 15490 8539
0b000d01 0b002a01 10000 100 500000 65906 53100 29080
0b006101 0b002d01 10000 100 10000 109559 9454 8539
0b000801 0b008f01 10000 100 500000 28037 91160 29080
0b003c01 0b000401 10000 100 5000 109568 9631 8329
0b002e01 0b005301 10000 100 1000000 28824 90650 50040
0b005001 0b003301 10000 100 5000 61851 57634 8329
0b006101 0b007301 10000 100 5000 110299 9514 8329
0b006901 0b004a01 10000 100 100000 103838 16006 12312
0b007701 0b006201 10000 100 1000000 20430 99454 50040
0b006001 0b008e01 10000 100 2000 111688 8200 8203
0b002801 0b000701 10000 100 1000 109012 10946 8161
0b008801 0b009e01 10000 100 1000000 38466 81601 50040
0b001a01 0b008a01 10000 100 20000 101779 18325 8958
0b006201 0b002201 10000 100 10000 95932 24215 8539
0b009801 0b009c01 10000 100 1000 113735 6976 4121
0b008501 0b000101 10000 100 10000 109059 11967 8539
0b007f01 0b004a01 10000 100 50000 106490 14564 10216
0b003201 0b005001 10000 100 1000000 9237 111842 50040
0b004601 0b009e01 10000 100 2000 112727 8401 8203
0b009d01 0b003101 10000 100 1000 104722 16669 8161
0b003b01 0b003601 10000 100 1000000 62481 59040 46000
0b009001 0b007b01 10000 100 2000 99754 21820 8203
0b004b01 0b006d01 10001 100 5000 113212 8509 8329
0b008601 0b003a01 10000 100 200000 92272 29522 16504
0b003601 0b007201 10000 100 20000 106427 15556 8958
0b000901 0b005801 10000 100 200000 97726 24265 16504
0b006b01 0b009a01 10000 100 2000 111837 10313 8203
0b007601 0b002901 10000 100 1000 114000 8188 8161
0b003601 0b003701 10000 100 200000 91235 30971 12464
0b008c01 0b004d01 10000 100 200000 96455 25800 16504
0b001201 0b009c01 10000 100 1000000 30448 91820 50040
0b008401 0b001301 10000 100 1000000 51259 71035 50040
0b004b01 0b002801 10000 100 20000 113203 9140 8958
0b000e01 0b006001 10000 100 10000 109066 13441 8539
0b000101 0b009101 10000 100 500000 65490 57061 29080
0b006501 0b005001 10000 100 1000 78974 43790 8161
0b002201 0b000d01 10000 100 200000 88534 34278 16504
0b004701 0b001d01 10000 100 5000 114019 8851 8329
0b008201 0b008901 10000 100 200000 103879 19070 12464
0b006301 0b007b01 10000 100 10000 109628 13411 8539
0b000301 0b005f01 10000 100 20000 108405 14649 8958
0b008001 0b001201 10000 100 50000 107446 15714 10216
0b006d01 0b003101 10000 100 10000 114549 8719 8539
0b004f01 0b006b01 10000 100 5000 114791 8499 8329
0b008e01 0b009801 10000 100 50000 108505 14879 10216
0b001401 0b001d01 10000 100 20000 118174 5332 4918
0b000701 0b002601 10000 100 50000 109049 14544 10216
0b005d01 0b001601 10000 100 2000 115156 8438 8203
0b003e01 0b003d01 10000 100 2000 118689 5001 4163
0b001101 0b001201 10000 100 50000 109405 14409 6176
0b006d01 0b001801 10000 100 2000 115614 8210 8203
0b009901 0b004a01 10001 100 500000 63595 60739 29080
0b002e01 0b008101 10000 100 20000 115372 9123 8958
0b003501 0b003c01 10000 100 1000 120488 4144 4121
0b009801 0b004701 10000 100 20000 112726 11909 8958
0b000001 0b007501 10000 100 50000 95083 29596 10216
0b000e01 0b004101 10000 100 200000 79043 45943 16504
0b004901 0b004a01 10000 100 5000 120886 4293 4289
0b008301 0b000b01 10000 100 500000 76780 48445 29080
0b001001 0b002f01 10000 100 2000 117038 8229 8203
0b003d01 0b007d01 10001 100 2000 111311 14095 8203
0b004801 0b001601 10000 100 20000 116150 9330 8958
0b004501 0b005101 10000 100 1000 117471 8140 8161
0b001201 0b000f01 10000 100 2000 106797 18937 8203
0b008e01 0b009301 10000 100 500000 93280 32593 29080
0b005101 0b007301 10000 100 5000 115106 10865 8329
0b007701 0b003d01 10000 100 100000 107603 18408 12312
0b007301 0b005c01 10000 100 100000 110569 15557 12312
0b008c01 0b000d01 10000 100 100000 112397 13744 12312
0b009c01 0b004401 10000 100 2000 117722 8440 8203
0b004501 0b001d01 10000 100 1000 118038 8169 8161
0b003a01 0b006a01 10001 100 50000 110760 15505 10216
0b002101 0b005e01 10000 100 500000 84008 42279 29080
0b006101 0b002e01 10000 100 200000 101273 25119 16504
0b001e01 0b009101 10000 100 50000 98431 27970 10216
0b001c01 0b005301 10000 100 10000 110884 15604 8539
0b003701 0b004901 10000 100 20000 105556 21093 8958
0b004f01 0b005101 10000 100 5000 118328 8480 8329
0b009f01 0b009301 10000 100 50000 121065 6117 6176
0b005301 0b006d01 10000 100 2000 114153 13039 8203
0b009b01 0b006001 10000 100 100000 100761 26663 12312
0b004f01 0b005f01 10000 100 1000 119333 8164 8161
0b009801 0b002401 10000 100 200000 103463 24044 16504
0b006601 0b004701 10000 100 1000 118856 8673 8161
0b004e01 0b008501 10000 100 20000 117351 10191 8958
0b003001 0b004c01 10000 100 50000 111447 16115 10216
0b002e01 0b009501 10000 100 10000 118785 8798 8539
0b006601 0b006001 10000 100 20000 121978 5684 4918
0b004701 0b007e01 10001 100 50000 112530 15307 10216
0b009101 0b002701 10000 100 2000 116084 11830 8203
0b009501 0b000f01 10000 100 1000 109718 18252 8161
0b005301 0b007101 10000 100 500000 61061 66954 29080
0b004701 0b002b01 10000 100 200000 102195 25899 16504
0b007d01 0b005a01 10000 100 10000 105774 22435 8539
0b004001 0b009801 10000 100 10000 115157 13228 8539
0b003b01 0b003e01 10000 100 100000 120428 8243 8272
0b000601 0b005e01 10000 100 5000 115532 13151 8329
0b007701 0b009d01 10000 100 2000 107147 21560 8203
0b009701 0b002301 10000 100 100000 111674 17037 12312
0b002801 0b007001 10000 100 1000 120604 8152 8161
0b006a01 0b006101 10000 100 10000 122556 6262 4499
0b000f01 0b009901 10000 100 500000 23533 105292 29080
0b004a01 0b005e01 10000 100 20000 115150 13799 8958
0b000301 0b008801 10000 100 200000 73895 55236 16504
0b005301 0b002f01 10000 100 5000 117148 12096 8329
0b005301 0b006501 10000 100 20000 108174 21203 8958
0b006e01 0b007301 10000 100 100000 109445 20036 12312
0b006801 0b009501 10000 100 20000 117904 11769 8958
0b000301 0b003801 10000 100 1000 121499 8246 8161
0b006001 0b002001 10000 100 200000 112960 17037 16504
0b000101 0b007501 10000 100 1000 100656 29359 8161
0b001501 0b006901 10000 100 1000 121616 8412 8161
0b001401 0b002701 10000 100 20000 119723 10316 8958
0b003501 0b004e01 10000 100 2000 122047 8235 8203
0b002801 0b005d01 10001 100 10000 121467 8845 8539
0b006601 0b007d01 10000 100 10000 113877 16535 8539
0b009401 0b006901 10000 100 5000 122148 8372 8329
0b006f01 0b008e01 10000 100 1000 122358 8193 8161
0b006b01 0b005e01 10000 100 200000 102035 28578 16504
0b008d01 0b005501 10000 100 50000 119536 11103 10216
0b007a01 0b005001 10000 100 20000 105812 24906 8958
0b007001 0b009d01 10000 100 100000 107752 23005 12312
0b003001 0b008201 10001 100 50000 120219 10599 10216
0b008301 0b003501 10000 100 100000 114521 16309 12312
0b005701 0b009101 10000 100 1000 112404 18541 8161
0b008201 0b003101 10000 100 1000 122831 8168 8161
0b002201 0b006201 10000 100 5000 111566 19491 8329
0b007201 0b000b01 10000 100 1000 110367 20693 8161
0b001c01 0b004b01 10000 100 20000 122158 8945 8958
0b007501 0b000b01 10000 100 100000 92695 38744 12312
0b008101 0b005201 10000 100 2000 123190 8287 8203
0b006801 0b000c01 10000 100 50000 110877 20680 10216
0b004a01 0b009401 10000 100 1000 123447 8137 8161
0b004401 0b005c01 10000 100 200000 113381 18344 16504
0b003801 0b000001 10000 100 200000 103255 28505 16504
0b003601 0b009001 10000 100 1000 111992 19870 8161
0b009401 0b004d01 10000 100 50000 115801 16100 10216
0b006b01 0b007101 10000 100 500000 71989 59974 29080
0b001101 0b002601 10000 100 1000 123778 8260 8161
0b006401 0b009f01 10000 100 5000 123866 8392 8329
0b008601 0b000201 10000 100 100000 115739 16679 12312
0b008e01 0b000901 10000 100 1000 124274 8200 8161
0b001501 0b003d01 10000 100 50000 118320 14222 10216
0b003f01 0b009101 10000 100 20000 123090 9496 8958
0b005101 0b006401 10001 100 200000 98632 34029 16504
0b005001 0b008a01 10000 100 10000 108882 24431 8539
0b006701 0b003801 10000 100 1000 125118 8230 8161
0b007001 0b002701 10000 100 50000 122405 11016 10216
0b008501 0b005001 10000 100 1000 112168 21370 8161
0b002e01 0b007e01 10000 100 50000 119428 14238 10216
0b005f01 0b009901 10000 100 20000 123169 10498 8958
0b007a01 0b003301 10000 100 500000 38630 95039 29080
0b009001 0b008501 10000 100 5000 115812 18044 8329
0b007501 0b008a01 10000 100 500000 58797 75313 29080
0b008f01 0b004201 10000 100 20000 100884 33331 8958
0b004301 0b008c01 10000 100 1000 126150 8201 8161
0b006501 0b008601 10000 100 200000 104099 30651 16504
0b009201 0b001d01 10000 100 1000 126603 8153 8161
0b000301 0b000501 10000 100 50000 118258 16564 6176
0b005301 0b002601 10000 100 1000 124467 10365 8161
0b009c01 0b006401 10000 100 50000 122683 12246 10216
0b000d01 0b006d01 10000 100 1000 126901 8187 8161
0b003401 0b004a01 10000 100 500000 50594 84600 29080
0b004501 0b003e01 10000 100 20000 125470 9748 8958
0b006701 0b000d01 10000 100 500000 66841 68571 29080
0b007501 0b007b01 10001 100 200000 99639 35793 12464
0b000c01 0b007201 10000 100 500000 82291 53261 29080
0b001b01 0b008d01 10000 100 5000 122382 13273 8329
0b009d01 0b007001 10000 100 200000 102855 32820 16504
0b007b01 0b002c01 10000 100 20000 126123 9583 8958
0b007f01 0b008c01 10000 100 10000 126236 9676 8539
0b006b01 0b003101 10000 100 5000 127832 8433 8329
0b004701 0b005d01 10000 100 50000 123726 12579 10216
0b001f01 0b000a01 10000 100 20000 110991 25435 8958
0b004b01 0b004601 10000 100 1000 132122 4319 4121
0b005001 0b008b01 10000 100 200000 105097 31994 16504
0b000d01 0b009701 10000 100 50000 126560 10561 10216
0b008601 0b000d01 10000 100 10000 128134 9036 8539
0b003201 0b004a01 10000 100 1000 129139 8159 8161
0b007b01 0b008401 10000 100 20000 127713 9591 8958
0b006e01 0b000401 10000 100 10000 116477 20908 8539
0b008201 0b002201 10000 100 5000 128710 8707 8329
0b009e01 0b007301 10000 100 1000000 54542 83045 50040
0b008a01 0b004601 10000 100 2000 125848 11752 8203
0b008a01 0b002101 10001 100 2000 128428 9176 8203
0b000101 0b001c01 10000 100 2000 128313 9348 8203
0b005201 0b007601 10000 100 1000 129586 8184 8161
0b005601 0b005201 10001 100 1000 110810 27049 4121
0b007d01 0b004901 10000 100 20000 120571 17319 8958
0b005c01 0b007501 10000 100 1000000 46012 91883 50040
0b008601 0b008a01 10000 100 50000 128655 9314 6176
0b008901 0b005a01 10000 100 100000 103742 34247 12312
0b000301 0b001e01 10000 100 5000 117438 20692 8329
0b006e01 0b009501 10000 100 1000 129975 8173 8161
0b004101 0b002101 10000 100 1000 129548 8658 8161
0b006f01 0b009201 10000 100 50000 122887 15367 10216
0b006101 0b001601 10000 100 1000 130185 8205 8161
0b000f01 0b009701 10000 100 5000 115041 23368 8329
0b000101 0b008f01 10000 100 50000 102519 35911 10216
0b006e01 0b000101 10001 100 100000 118037 20612 12312
0b003701 0b006b01 10000 100 10000 123714 14965 8539
0b003f01 0b008b01 10000 100 50000 127758 10953 10216
0b000c01 0b004901 10000 100 5000 126557 12295 8329
0b001b01 0b003b01 10000 100 10000 125397 13480 8539
0b006a01 0b004901 10001 100 100000 121960 17096 12312
0b005701 0b009c01 10000 100 5000 123833 15486 8329
0b000c01 0b004601 10000 100 200000 116428 23015 16504
0b006201 0b006701 10000 100 1000 126873 12628 4121
0b002001 0b007e01 10000 100 20000 123975 15613 8958
0b005e01 0b002901 10000 100 500000 44756 95236 29080
0b000801 0b003f01 10001 100 5000 119940 20155 8329
0b004201 0b001b01 10000 100 1000 127613 12640 8161
0b006801 0b002001 10000 100 1000 129066 11268 8161
0b001801 0b000c01 10000 100 1000000 61578 78807 50040
0b003b01 0b001e01 10000 100 200000 103032 37729 16504
0b000801 0b005501 10000 100 200000 113365 27401 16504
0b006b01 0b008301 10000 100 1000 132618 8157 8161
0b004d01 0b000401 10000 100 50000 125590 15303 10216
0b004501 0b001b01 10000 100 100000 123245 17848 12312
0b000c01 0b008a01 10000 100 1000 131629 9497 8161
0b008d01 0b002601 10000 100 2000 132888 8240 8203
0b009901 0b002501 10000 100 50000 126929 14259 10216
0b009801 0b009401 10001 100 10000 131263 9992 4499
0b004301 0b007d01 10000 100 1000000 43161 98157 50040
0b006101 0b002b01 10000 100 50000 128047 13280 10216
0b006f01 0b001501 10000 100 10000 132434 8954 8539
0b006301 0b008201 10001 100 1000 133178 8241 8161
0b004f01 0b000d01 10000 100 2000 133198 8229 8203
0b004d01 0b003701 10000 100 1000 125762 15766 8161
0b000d01 0b000c01 10000 100 5000 134575 7159 4289
0b006701 0b004a01 10000 100 50000 130555 11184 10216
0b002601 0b001a01 10000 100 200000 119269 22684 16504
0b007001 0b006f01 10000 100 5000 133415 8579 8329
0b007301 0b003a01 10000 100 20000 131612 10460 8958
0b001201 0b007701 10000 100 100000 118518 23570 12312
0b007e01 0b008c01 10000 100 1000 123568 18652 8161
0b001101 0b004d01 10000 100 1000 134032 8269 8161
0b008601 0b003801 10000 100 2000 133560 8782 8203
0b002401 0b009f01 10000 100 500000 76463 65886 29080
0b001b01 0b009801 10001 100 1000 127376 15057 8161
0b006101 0b006d01 10000 100 20000 137231 5683 4918
0b004e01 0b004201 10000 100 2000 138775 4179 4163
0b009601 0b009701 10000 100 10000 135561 7402 4499
0b007601 0b000d01 10000 100 2000 134596 8438 8203
0b008201 0b007001 10000 100 50000 129209 13951 10216
0b007101 0b007601 10000 100 20000 127608 16228 4918
0b003c01 0b009001 10000 100 500000 92814 51082 29080
0b004101 0b007101 10000 100 10000 125651 18266 8539
0b002601 0b005501 10000 100 1000 135735 8194 8161
0b001e01 0b002701 10000 100 2000 125057 18937 8203
0b009201 0b001e01 10000 100 5000 124480 19545 8329
0b000601 0b008701 10000 100 1000 134399 9660 8161
0b000501 0b005001 10000 100 1000 126749 17460 8161
0b007901 0b005701 10000 100 1000 88295 56160 8161
0b001201 0b004501 10000 100 20000 133427 11054 8958
0b008101 0b008c01 10000 100 20000 139335 5183 4918
0b009c01 0b007d01 10001 100 20000 131659 12873 8958
0b006a01 0b008f01 10001 100 10000 113096 31966 8539
0b003601 0b008101 10000 100 5000 133862 11293 8329
0b009f01 0b005501 10000 100 1000 137016 8149 8161
0b006501 0b009001 10000 100 5000 114751 30446 8329
0b006601 0b007501 10000 100 20000 125298 20029 8958
0b008801 0b002401 10000 100 100000 129182 16201 12312
0b006b01 0b001301 10000 100 2000 130252 15177 8203
0b000c01 0b003d01 10000 100 5000 125558 19911 8329
0b004201 0b006501 10000 100 10000 127697 17799 8539
0b000701 0b009501 10000 100 50000 131349 14513 10216
0b008501 0b005301 10000 100 500000 46126 99749 29080
0b002001 0b009401 10000 100 20000 134255 11866 8958
0b004201 0b007e01 10001 100 50000 124918 21346 10216
0b001101 0b001a01 10000 100 500000 62803 83504 25040
0b003e01 0b003901 10000 100 5000 141833 4650 4289
0b000101 0b006c01 10000 100 50000 130474 16120 10216
0b001801 0b004b01 10001 100 10000 138105 8561 8539
0b000b01 0b008401 10000 100 20000 113674 32996 8958
0b003e01 0b005a01 10000 100 5000 127954 18732 8329
0b008d01 0b003301 10000 100 500000 48532 98182 29080
0b007501 0b009301 10000 100 1000 135137 11622 8161
0b004501 0b005401 10000 100 50000 135419 11375 10216
0b005101 0b001b01 10000 100 2000 134289 12608 8203
0b009801 0b001301 10000 100 100000 121660 25296 12312
0b004901 0b001801 10000 100 1000 138835 8165 8161
0b002f01 0b006401 10000 100 10000 138476 8628 8539
0b009901 0b000801 10000 100 10000 125837 21762 8539
0b000c01 0b007901 10000 100 20000 99160 48450 8958
0b005b01 0b002001 10000 100 1000 139409 8222 8161
0b007a01 0b000a01 10000 100 500000 100062 47590 29080
0b000a01 0b007901 10000 100 200000 88970 58707 16504
0b009c01 0b007b01 10000 100 1000 138112 9916 8161
0b000f01 0b008901 10000 100 200000 107293 40911 16504
0b006b01 0b004701 10000 100 50000 133132 15083 10216
0b008201 0b007d01 10000 100 2000 138906 9395 8203
0b001801 0b000a01 10000 100 10000 129156 19146 8539
0b007601 0b002301 10000 100 500000 85764 62559 29080
0b004b01 0b001501 10000 100 10000 137661 10812 8539
0b001501 0b006101 10000 100 10000 138536 10035 8539
0b009f01 0b003601 10000 100 200000 125873 22746 16504
0b001801 0b009401 10000 100 10000 136359 12261 8539
0b006201 0b008101 10000 100 2000 130295 18384 8203
0b003f01 0b001301 10000 100 100000 123682 25058 12312
0b007201 0b008b01 10000 100 50000 136243 12507 10216
0b008a01 0b002501 10001 100 200000 103399 45367 16504
0b006401 0b006601 10000 100 20000 142736 6045 4918
0b005301 0b003e01 10000 100 100000 136431 12482 12312
0b000101 0b007e01 10000 100 1000 127715 21225 8161
0b005101 0b003301 10000 100 1000 116069 32936 8161
0b007e01 0b004001 10000 100 1000000 76207 72876 50040
0b005b01 0b006f01 10000 100 5000 140421 8710 8329
0b006701 0b001b01 10000 100 1000 136357 12778 8161
0b009201 0b008301 10000 100 1000 138690 10498 8161
0b005e01 0b002901 10001 100 500000 54521 94807 29080
0b005901 0b000d01 10000 100 1000 141230 8170 8161
0b000201 0b000001 10000 100 50000 128185 21246 6176
0b007001 0b005001 10001 100 5000 130313 19191 8329
0b006201 0b002101 10000 100 5000 130020 19501 8329
0b004001 0b000701 10000 100 100000 133563 15967 12312
0b002901 0b005101 10000 100 100000 133088 16463 12312
0b005901 0b007b01 10000 100 200000 127176 22480 16504
0b001e01 0b001401 10000 100 5000 136978 12725 4289
0b007301 0b001d01 10000 100 20000 136579 13159 8958
0b004301 0b006501 10000 100 1000000 38891 110918 50040
0b007f01 0b001401 10000 100 20000 139464 10437 8958
0b004d01 0b006501 10000 100 20000 126536 23448 8958
0b003401 0b008b01 10000 100 20000 139395 10658 8958
0b008d01 0b004001 10000 100 1000 141927 8204 8161
0b004101 0b008e01 10000 100 50000 136535 13651 10216
0b005e01 0b000201 10000 100 20000 135047 15227 8958
0b005901 0b002a01 10000 100 100000 134172 16133 12312
0b006801 0b002d01 10000 100 100000 126701 23795 12312
0b007101 0b005d01 10001 100 20000 128784 21871 8958
0b004c01 0b001901 10000 100 1000 127410 23267 8161
0b007201 0b001a01 10000 100 200000 123325 27534 16504
0b008201 0b005901 10000 100 10000 141466 9418 8539
0b008d01 0b007201 10000 100 5000 139414 11474 8329
0b009f01 0b006a01 10000 100 2000 140982 9972 8203
0b007201 0b006001 10000 100 10000 142101 8967 8539
0b004e01 0b003401 10000 100 2000000 12882 138220 91960
0b008301 0b009b01 10000 100 200000 114358 36841 16504
0b004101 0b000601 10000 100 1000 143032 8186 8161
0b004301 0b003501 10000 100 20000 142248 9039 8958
0b006001 0b005501 10000 100 100000 131473 19853 12312
0b001701 0b009601 10000 100 5000 142530 8809 8329
0b005a01 0b009001 10000 100 1000 122616 28835 8161
0b005701 0b007f01 10000 100 1000 134165 17292 8161
0b002701 0b006601 10000 100 200000 121695 29776 16504
0b003301 0b002801 10000 100 20000 114368 37164 8958
0b009a01 0b006e01 10000 100 100000 132998 18536 12312
0b003001 0b004c01 10001 100 20000 135506 16089 8958
0b003f01 0b002401 10000 100 200000 131050 20702 16504
0b003f01 0b005001 10000 100 1000 128173 23635 8161
0b002d01 0b009d01 10000 100 20000 135423 16459 8958
0b001201 0b001401 10001 100 50000 141864 10213 6176
0b005101 0b007701 10000 100 10000 136515 15591 8539
0b009901 0b001301 10000 100 500000 77408 74722 29080
0b004c01 0b002301 10000 100 5000 135992 16169 8329
0b004401 0b009c01 10000 100 1000 140647 11577 8161
0b001301 0b007d01 10000 100 1000000 59701 92611 50040
0b002b01 0b004d01 10000 100 2000 144220 8206 8203
0b006301 0b007e01 10000 100 1000 132008 20425 8161
0b009c01 0b001101 10000 100 50000 138071 14486 10216
0b003c01 0b003201 10000 100 10000 147731 4838 4499
0b003501 0b004f01 10000 100 100000 136405 16420 12312
0b005101 0b004e01 10000 100 20000 140993 11858 8958
0b005d01 0b002801 10000 100 1000 144732 8242 8161
0b009e01 0b000b01 10000 100 5000 134572 18430 8329
0b005901 0b003001 10000 100 20000 144081 8931 8958
0b004201 0b005401 10000 100 20000 139695 13351 8958
0b006001 0b005401 10000 100 10000 139134 14061 8539
0b000801 0b001b01 10000 100 10000 139127 14210 8539
0b002201 0b009501 10000 100 100000 132533 20857 12312
0b004701 0b007001 10000 100 50000 141246 12150 10216
0b001d01 0b009d01 10000 100 100000 134265 19249 12312
0b007401 0b002401 10000 100 200000 95453 58063 16504
0b009701 0b006c01 10000 100 100000 133068 20536 12312
0b009e01 0b009c01 10000 100 2000 149442 4220 4163
0b008c01 0b008001 10000 100 1000 148843 4821 4121
0b001401 0b008d01 10000 100 1000 145465 8286 8161
0b001701 0b007701 10000 100 1000000 92505 61368 50040
0b004d01 0b006601 10000 100 1000 145637 8242 8161
0b000001 0b006001 10000 100 1000 139898 14057 8161
0b003601 0b002a01 10000 100 10000 143396 10634 8539
0b000e01 0b003301 10000 100 500000 45537 108603 29080
0b001b01 0b001f01 10000 100 1000000 63863 90310 46000
0b005301 0b008c01 10000 100 20000 144993 9189 8958
0b004e01 0b000701 10000 100 10000 142015 12171 8539
0b004c01 0b006201 10000 100 10000 129039 25375 8539
0b003b01 0b004801 10000 100 10000 145458 8984 8539
0b000901 0b008901 10001 100 100000 136672 17924 12312
0b000a01 0b009e01 10000 100 10000 132944 21723 8539
0b000b01 0b009c01 10000 100 500000 71183 83596 29080
0b001f01 0b009201 10000 100 20000 129247 25646 8958
0b002401 0b009a01 10000 100 1000 139444 15947 8161
0b000301 0b000f01 10000 100 5000 136748 18687 4289
0b008801 0b006001 10000 100 50000 142856 12617 10216
0b002701 0b000c01 10000 100 500000 109579 45993 29080
0b007301 0b003501 10000 100 50000 144654 11275 10216
0b001401 0b008201 10000 100 200000 135350 20625 16504
0b008d01 0b000d01 10000 100 20000 134824 21222 8958
0b009601 0b006101 10000 100 20000 140306 15824 8958
0b007e01 0b006301 10000 100 10000 143999 12298 8539
0b006201 0b005b01 10000 100 200000 124639 31717 16504
0b003a01 0b001701 10000 100 50000 140788 15635 10216
0b004401 0b003f01 10000 100 100000 135213 21299 12312
0b008201 0b003701 10000 100 2000000 24692 131826 91960
0b003001 0b005401 10000 100 100000 135715 20850 12312
0b000801 0b007801 10000 100 5000 139616 17027 8329
0b002e01 0b001b01 10000 100 20000 142463 14258 8958
0b005a01 0b001801 10000 100 1000 139908 16916 8161
0b000b01 0b006a01 10000 100 500000 72120 84710 29080
0b004601 0b002201 10000 100 10000 137655 19196 8539
0b009e01 0b000301 10000 100 2000 147538 9320 8203
0b009101 0b008601 10000 100 10000 147961 8912 8539
0b009c01 0b005b01 10000 100 10000 147610 9273 8539
0b007101 0b009601 10000 100 200000 123346 33691 16504
0b001a01 0b007d01 10000 100 100000 131767 25287 12312
0b005601 0b006501 10000 100 50000 105726 51550 10216
0b009f01 0b002a01 10000 100 20000 146708 10685 8958
0b008301 0b001401 10000 100 20000 147197 10274 8958
0b003501 0b004b01 10000 100 10000 149022 8530 8539
0b005601 0b002401 10000 100 200000 76706 80871 16504
0b004e01 0b008601 10000 100 1000 148967 8625 8161
0b009701 0b006c01 10001 100 50000 140576 17043 10216
0b009201 0b008c01 10000 100 10000 148381 9296 8539
0b008101 0b004c01 10000 100 2000 142955 14811 8203
0b000401 0b001901 10001 100 1000 134909 23039 8161
0b001401 0b009901 10000 100 20000 148086 9869 8958
0b005301 0b008601 10000 100 5000 148888 9073 8329
0b007501 0b007a01 10000 100 200000 136918 21076 12464
0b005401 0b008701 10000 100 10000 143565 14448 8539
0b000501 0b001701 10000 100 1000000 22405 135714 50040
0b002b01 0b003901 10000 100 10000 149049 9264 8539
0b006201 0b000901 10001 100 10000 135954 22431 8539
0b006601 0b007e01 10000 100 500000 112912 45672 29080
0b006001 0b003901 10000 100 200000 134589 24080 16504
0b000c01 0b001001 10000 100 20000 148843 9860 8958
0b009401 0b005701 10000 100 5000 131611 27341 8329
0b004e01 0b004401 10000 100 200000 140457 18518 12464
0b002701 0b001f01 10000 100 200000 114577 44418 16504
0b005c01 0b001901 10001 100 200000 118748 40482 16504
0b002e01 0b007801 10000 100 5000 142361 17077 8329
0b008501 0b004301 10000 100 10000 146612 12871 8539
0b000c01 0b006201 10000 100 100000 133656 25856 12312
0b000701 0b000a01 10000 100 10000 138309 21267 4499
0b008b01 0b006d01 10000 100 20000 147515 12156 8958
0b007e01 0b004801 10000 100 20000 147521 12247 8958
0b008501 0b000901 10000 100 20000 144508 15366 8958
0b000601 0b008b01 10000 100 200000 122677 37246 16504
0b001501 0b005701 10000 100 1000000 48606 111343 50040
0b002901 0b008c01 10000 100 50000 148409 11545 10216
0b005801 0b009301 10000 100 100000 124584 35749 12312
0b001f01 0b004a01 10000 100 1000 141913 18431 8161
0b000a01 0b002b01 10000 100 100000 128808 31676 12312
0b000b01 0b001f01 10000 100 20000 123775 36734 8958
0b000f01 0b007501 10000 100 200000 96306 64211 16504
0b001f01 0b005301 10000 100 2000 142174 18358 8203
0b008601 0b006a01 10000 100 1000000 90680 69967 50040
0b004301 0b003301 10001 100 50000 116374 44274 10216
0b005401 0b005801 10000 100 1000000 47438 113218 46000
0b002c01 0b004301 10000 100 100000 138345 22429 12312
0b006901 0b002d01 10000 100 20000 148337 12519 8958
0b005a01 0b008a01 10001 100 20000 145128 15754 8958
0b005c01 0b007c01 10000 100 50000 147594 13400 10216
0b001101 0b009e01 10000 100 5000 149120 12046 8329
0b007d01 0b007201 10000 100 500000 114625 46736 25040
0b007701 0b000e01 10000 100 1000000 67809 93592 50040
0b005501 0b005a01 10000 100 1000000 92327 69248 46000
0b004601 0b001d01 10001 100 2000 141034 20619 8203
0b000e01 0b003e01 10000 100 1000 146623 15104 8161
0b009201 0b004801 10000 100 50000 150273 11737 10216
0b003d01 0b000f01 10000 100 20000 138594 23474 8958
0b000501 0b003c01 10000 100 20000 148917 13265 8958
0b009a01 0b004501 10000 100 10000 146080 16175 8539
0b003501 0b004401 10000 100 1000000 102893 59498 50040
0b005e01 0b004001 10000 100 100000 136911 25549 12312
0b000f01 0b001601 10000 100 5000 138694 23987 8329
0b008901 0b008001 10000 100 1000000 41408 121461 46000
0b005f01 0b004b01 10000 100 5000 141144 21891 8329
0b004401 0b009801 10000 100 100000 134114 28967 12312
0b005401 0b000401 10000 100 2000000 9721 153529 91960
0b000601 0b005001 10000 100 1000000 32741 130578 50040
0b005f01 0b003d01 10000 100 500000 102882 60573 29080
0b000b01 0b001b01 10000 100 200000 110613 52892 16504
0b005e01 0b003601 10000 100 500000 73275 90515 29080
0b005e01 0b002c01 10000 100 100000 136806 27242 12312
0b009801 0b005701 10000 100 50000 131934 32120 10216
0b003101 0b007801 10000 100 500000 115800 48325 29080
0b007e01 0b004301 10000 100 100000 142907 21260 12312
0b007501 0b009601 10000 100 500000 105587 58629 29080
0b009701 0b005a01 10000 100 5000 147986 16275 8329
0b005201 0b008e01 10000 100 200000 126023 38292 16504
0b000e01 0b001301 10000 100 50000 124623 40057 10216
0b006e01 0b003a01 10000 100 1000000 102956 61771 50040
0b009801 0b005401 10000 100 20000 139919 24930 8958
0b002401 0b004801 10000 100 200000 109743 55117 16504
0b000b01 0b000101 10000 100 500000 86209 78834 25040
0b003601 0b009801 10000 100 500000 105368 59757 29080
0b008401 0b008e01 10000 100 200000 140364 24832 12464
0b002101 0b000a01 10000 100 20000 131984 33348 8958
0b005d01 0b006801 10000 100 200000 118099 47251 16504
0b007d01 0b007901 10000 100 500000 60519 104927 25040
0b004201 0b008f01 10000 100 1000000 12510 152961 50040
0b002501 0b005501 10000 100 200000 140456 25123 16504
0b001c01 0b008d01 10000 100 200000 135188 30440 16504
0b005001 0b001a01 10000 100 5000 147676 18112 8329
0b007901 0b005001 10001 100 10000 121499 44867 8539
0b005201 0b001f01 10000 100 1000 149153 17309 8161
0b008501 0b006e01 10000 100 500000 52714 113969 29080
0b001001 0b004601 10001 100 200000 133666 33114 16504
0b004201 0b009801 10000 100 1000 146674 20473 8161
0b001601 0b008001 10000 100 1000000 21769 145465 50040
0b006101 0b006801 10000 100 2000000 49016 118353 87920
0b004c01 0b003f01 10000 100 50000 148812 18601 10216
0b004a01 0b001701 10001 100 200000 141885 25618 16504
0b008e01 0b007401 10000 100 200000 118740 48772 16504
0b006701 0b007901 10000 100 200000 101873 65641 16504
0b005301 0b006201 10000 100 1000 146131 21437 8161
0b005801 0b002901 10000 100 20000 138984 28646 8958
0b000501 0b002f01 10000 100 1000 148044 20143 8161
0b009001 0b009301 10000 100 100000 132043 37080 8272
0b007b01 0b000301 10000 100 100000 142195 27108 12312
0b007801 0b001d01 10000 100 500000 96067 73437 29080
0b008901 0b001901 10000 100 1000000 30636 138943 50040
0b008e01 0b005e01 10000 100 500000 128682 41670 29080
0b000201 0b004c01 10000 100 500000 69904 100609 29080
0b001901 0b005d01 10000 100 1000 144089 26486 8161
0b007d01 0b008e01 10000 100 1000000 67310 103680 50040
0b001901 0b007b01 10000 100 1000000 69606 101403 50040
0b009001 0b005001 10000 100 50000 131810 39421 10216
0b009001 0b007901 10000 100 200000 86897 84555 16504
0b008a01 0b009c01 10001 100 100000 146240 25225 12312
0b003c01 0b009401 10000 100 200000 143396 28207 16504
0b000601 0b005901 10000 100 500000 89331 82290 29080
0b004d01 0b008001 10000 100 200000 138810 32908 16504
0b008401 0b001b01 10000 100 200000 147012 24971 16504
0b007f01 0b008f01 10000 100 20000 132812 39678 8958
0b003401 0b000901 10000 100 1000000 45196 127724 50040
0b002701 0b006201 10000 100 10000 149583 23444 8539
0b009901 0b007e01 10000 100 200000 148299 24899 16504
0b001f01 0b001301 10000 100 500000 118621 55029 25040
0b009301 0b002401 10000 100 500000 138560 35419 29080
0b009801 0b007401 10000 100 20000 132069 42086 8958
0b001601 0b001401 10000 100 500000 80805 93472 25040
0b006301 0b004101 10000 100 100000 149113 25218 12312
0b002c01 0b000a01 10000 100 500000 119719 55099 29080
0b007b01 0b001901 10000 100 10000 148109 27036 8539
0b007e01 0b008601 10000 100 200000 141830 33318 16504
0b000101 0b001d01 10000 100 100000 145971 29392 12312
0b003401 0b002d01 10000 100 1000000 47580 127884 50040
0b008b01 0b003301 10000 100 200000 111239 64264 16504
0b009d01 0b000a01 10000 100 1000000 34528 141054 50040
0b005201 0b000701 10000 100 1000000 102126 73475 50040
0b007401 0b002e01 10001 100 100000 116735 59082 12312
0b006401 0b006201 10000 100 100000 150293 25622 8272
0b005f01 0b002301 10000 100 200000 127940 47996 16504
0b001201 0b002601 10000 100 1000000 85080 90953 50040
0b001c01 0b001901 10000 100 200000 133683 42401 12464
0b007901 0b004401 10000 100 2000 149349 27546 8203
0b006201 0b008801 10000 100 100000 148626 28409 12312
0b001901 0b004301 10000 100 50000 150309 26855 10216
0b009501 0b000001 10000 100 200000 143294 33919 16504
0b001801 0b003301 10000 100 1000 144760 32477 8161
0b002501 0b002301 10000 100 200000 150215 27959 12464
0b008a01 0b003301 10000 100 500000 48767 129409 29080
0b000301 0b003301 10000 100 200000 102095 76491 16504
0b009901 0b002c01 10000 100 1000000 86897 91911 50040
0b003101 0b008f01 10000 100 10000 141359 38144 8539
0b001901 0b005601 10000 100 500000 73941 105708 29080
0b000401 0b007101 10000 100 500000 110895 69131 29080
0b006701 0b002301 10000 100 500000 138580 41483 29080
0b008901 0b004101 10000 100 500000 107875 72280 29080
0b005e01 0b000501 10000 100 500000 92721 88539 29080
0b004701 0b006201 10000 100 1000000 71369 109918 50040
0b000d01 0b007401 10000 100 10000 139489 42071 8539
0b007f01 0b006301 10000 100 500000 136376 45368 29080
0b006f01 0b005801 10000 100 5000 149529 32271 8329
0b009401 0b006e01 10000 100 200000 146288 35592 16504
0b001301 0b006701 10000 100 500000 146988 34930 29080
0b001c01 0b007301 10000 100 500000 138188 43800 29080
0b006b01 0b007701 10000 100 200000 134930 47176 16504
0b000501 0b009401 10000 100 200000 125971 56170 16504
0b002b01 0b000e01 10000 100 500000 135174 47058 29080
0b004b01 0b002101 10000 100 500000 127669 54707 29080
0b000801 0b002d01 10000 100 500000 113054 69753 29080
0b006801 0b002201 10000 100 1000000 110822 72006 50040
0b003301 0b007901 10000 100 20000 148247 34945 8958
0b008701 0b007101 10000 100 100000 144078 39533 12312
0b006b01 0b005001 10000 100 1000000 46128 137887 50040
0b003101 0b000f01 10000 100 200000 132297 51959 16504
0b009e01 0b004e01 10001 100 500000 148173 36297 29080
0b006601 0b001601 10000 100 500000 135845 48715 29080
0b007401 0b006201 10000 100 1000 134031 50583 8161
0b000001 0b003a01 10000 100 200000 150341 35938 16504
0b007101 0b009d01 10000 100 100000 142251 44219 12312
0b001101 0b008e01 10000 100 200000 137567 49022 16504
0b009a01 0b001901 10000 100 5000 149931 36975 8329
0b006001 0b008f01 10000 100 200000 128967 58675 16504
0b000301 0b008701 10000 100 500000 77835 109817 29080
0b003e01 0b001b01 10000 100 1000000 109480 78614 50040
0b000201 0b008101 10000 100 1000000 44571 143544 50040
0b009601 0b003601 10000 100 100000 147386 40933 12312
0b007801 0b008f01 10000 100 1000000 26225 162169 50040
0b007201 0b004601 10000 100 500000 132456 56334 29080
0b001c01 0b007401 10000 100 10000 144808 44152 8539
0b000301 0b009101 10000 100 1000000 25495 163756 50040
0b009b01 0b001c01 10000 100 100000 131815 57843 12312
0b008b01 0b006101 10000 100 200000 148044 41620 16504
0b000001 0b003101 10000 100 200000 149760 40723 16504
0b007001 0b005401 10001 100 500000 138937 51726 29080
0b008e01 0b006d01 10000 100 500000 149951 40946 29080
0b000001 0b009e01 10000 100 500000 144198 47050 29080
0b004301 0b001101 10000 100 500000 146516 44801 29080
0b001a01 0b005301 10000 100 1000000 74101 117331 50040
0b007901 0b005601 10000 100 1000000 18210 173437 50040
0b005f01 0b006301 10000 100 200000 147863 43839 16504
0b001a01 0b002701 10000 100 500000 118581 73411 29080
0b001101 0b001d01 10000 100 500000 103060 88937 25040
0b000101 0b006d01 10000 100 500000 119552 72629 29080
0b007401 0b009801 10000 100 50000 130795 61392 10216
0b004f01 0b006201 10000 100 1000000 81951 110834 50040
0b002201 0b009a01 10000 100 500000 127507 66045 29080
0b007f01 0b009c01 10000 100 500000 142857 51542 29080
0b009b01 0b007701 10000 100 100000 135436 59588 12312
0b009501 0b009401 10000 100 1000000 130767 64397 46000
0b009001 0b000701 10000 100 500000 76142 119290 29080
0b005601 0b006f01 10000 100 200000 112934 83186 16504
0b007001 0b005b01 10000 100 200000 146637 50060 16504
0b008001 0b006201 10000 100 200000 147304 50182 16504
0b005d01 0b007901 10000 100 1000000 41899 155736 50040
0b003a01 0b001401 10000 100 1000000 117512 80648 50040
0b009c01 0b000001 10000 100 1000000 104184 94210 50040
0b006a01 0b008f01 10000 100 500000 96287 102742 29080
0b008b01 0b007001 10000 100 500000 112087 87178 29080
0b002a01 0b001f01 10000 100 2000000 32431 167458 91960
0b009b01 0b006d01 10000 100 100000 140421 59638 12312
0b007801 0b008901 10000 100 500000 134978 65101 29080
0b004601 0b004c01 10000 100 1000000 126601 74425 46000
0b003301 0b000101 10000 100 1000000 67118 134256 50040
0b008b01 0b005301 10000 100 500000 120430 81645 29080
0b007401 0b002a01 10000 100 200000 125596 78158 16504
0b009101 0b003301 10000 100 1000000 79651 124312 50040
0b008001 0b004001 10000 100 500000 109929 94977 29080
0b008a01 0b004f01 10000 100 1000000 41969 162985 50040
0b002201 0b005701 10000 100 2000000 42342 162629 91960
0b000f01 0b007601 10000 100 50000 146121 59286 10216
0b001201 0b009101 10000 100 1000000 111352 95201 50040
0b007e01 0b008601 10001 100 500000 149197 57429 29080
0b001601 0b008601 10000 100 1000000 33961 174218 50040
0b004d01 0b000301 10000 100 2000000 36822 171702 91960
0b004d01 0b007801 10000 100 1000000 107357 101965 50040
0b008201 0b005801 10000 100 500000 115673 94152 29080
0b007001 0b005001 10000 100 1000000 128023 81923 50040
0b008f01 0b009a01 10000 100 1000000 24406 186065 50040
0b001601 0b007c01 10000 100 500000 109229 101310 29080
0b005c01 0b001901 10000 100 1000000 108498 102456 50040
0b008a01 0b008601 10000 100 1000000 53348 157828 46000
0b008201 0b009901 10000 100 1000000 149297 62125 50040
0b000501 0b006601 10000 100 1000000 53944 159766 50040
0b008901 0b000701 10000 100 1000000 135274 79866 50040
0b008c01 0b007601 10000 100 500000 141396 74020 29080
0b009b01 0b000e01 10000 100 1000000 63419 152397 50040
0b008b01 0b004501 10000 100 1000000 108119 108366 50040
0b002501 0b004901 10000 100 1000000 142289 74844 50040
0b009601 0b004d01 10000 100 1000000 74468 142876 50040
0b007801 0b007401 10000 100 1000000 72402 146059 46000
0b006b01 0b009501 10000 100 500000 134859 85283 29080
0b005c01 0b005801 10000 100 500000 143793 78485 25040
0b005001 0b006001 10000 100 500000 131578 90979 29080
0b004c01 0b007101 10001 100 500000 126286 96828 29080
0b003a01 0b007601 10000 100 1000000 100519 123472 50040
0b006301 0b007f01 10000 100 1000000 95186 130129 50040
0b001101 0b004801 10000 100 2000000 9215 216568 91960
0b007401 0b004801 10000 100 1000000 60844 165041 50040
0b008501 0b005a01 10000 100 1000000 36229 191017 50040
0b004c01 0b002601 10000 100 1000000 114423 113027 50040
0b000301 0b007901 10000 100 1000000 75598 152132 50040
0b006401 0b005f01 10000 100 500000 140233 87707 29080
0b002601 0b005601 10000 100 500000 141118 87239 29080
0b008f01 0b008701 10000 100 2000000 16214 212389 87920
0b000101 0b008d01 10000 100 500000 145827 83529 29080
0b000301 0b003601 10000 100 1000000 84652 145011 50040
0b005601 0b005a01 10000 100 1000000 23054 206642 46000
0b001a01 0b000b01 10000 100 1000000 86474 143664 50040
0b004a01 0b005b01 10000 100 500000 149486 80723 29080
0b009701 0b007401 10000 100 500000 118338 112309 29080
0b004901 0b008301 10000 100 2000000 124742 106403 91960
0b006001 0b007601 10000 100 500000 150051 81959 29080
0b006701 0b007401 10000 100 1000000 61245 170862 50040
0b009001 0b008901 10000 100 500000 107405 128110 29080
0b006b01 0b009d01 10000 100 500000 148272 87259 29080
0b003201 0b005801 10000 100 1000000 108905 126732 50040
0b007401 0b008501 10000 100 500000 134238 102480 29080
0b000f01 0b008501 10000 100 1000000 103392 134034 50040
0b008a01 0b006901 10000 100 1000000 121368 116547 50040
0b002c01 0b000b01 10000 100 1000000 120076 117878 50040
0b007401 0b006b01 10000 100 500000 142936 95081 29080
0b006301 0b001601 10000 100 1000000 109662 129974 50040
0b005d01 0b005f01 10000 100 500000 135758 104142 25040
0b007e01 0b005b01 10000 100 500000 149555 90519 29080
0b008d01 0b002101 10000 100 1000000 141884 99983 50040
0b005601 0b005b01 10000 100 1000000 22699 221077 46000
0b007601 0b005601 10000 100 500000 122797 121749 29080
0b006b01 0b002701 10000 100 1000000 137014 107935 50040
0b009401 0b002801 10000 100 2000000 125610 119361 91960
0b008601 0b006401 10000 100 2000000 147436 104970 91960
0b000201 0b008a01 10000 100 1000000 96501 156620 50040
0b006f01 0b005f01 10000 100 1000000 122219 132317 50040
0b001401 0b007b01 10000 100 2000000 142003 112793 91960
0b005b01 0b001e01 10000 100 1000000 111541 143285 50040
0b001501 0b007401 10000 100 1000000 93074 162006 50040
0b006801 0b009b01 10000 100 500000 142344 112756 29080
0b000e01 0b009001 10000 100 1000000 71290 184342 50040
0b009701 0b006f01 10000 100 2000000 109866 146194 91960
0b005001 0b000101 10000 100 1000000 108582 147656 50040
0b002401 0b007b01 10000 100 500000 143010 113772 29080
0b003e01 0b005f01 10000 100 1000000 134219 124537 50040
0b001b01 0b009801 10000 100 2000000 98125 160805 91960
0b005601 0b009001 10000 100 1000000 33330 225956 50040
0b004c01 0b001e01 10000 100 2000000 51319 210552 91960
0b000e01 0b000601 10000 100 1000000 98439 163859 46000
0b005601 0b005401 10000 100 1000000 69517 192954 46000
0b009b01 0b003701 10000 100 1000000 76665 186224 50040
0b007801 0b007101 10000 100 1000000 145579 117613 46000
0b005101 0b005b01 10000 100 1000000 138109 125309 46000
0b000e01 0b002901 10000 100 1000000 97021 168943 50040
0b000201 0b004301 10000 100 2000000 26784 240477 91960
0b001101 0b000b01 10000 100 2000000 35495 232429 91960
0b000201 0b001c01 10000 100 1000000 136494 133473 50040
0b008501 0b008c01 10000 100 1000000 60541 209680 46000
0b008001 0b002f01 10000 100 2000000 33204 237250 91960
0b005601 0b005d01 10000 100 1000000 99929 170995 46000
0b002401 0b003c01 10000 100 1000000 84320 187099 50040
0b006301 0b008501 10001 100 2000000 89197 182576 91960
0b009601 0b002001 10000 100 500000 125913 146904 29080
0b005101 0b000f01 10000 100 2000000 6746 266297 91960
0b009601 0b008f01 10000 100 500000 126722 147254 29080
0b005001 0b000201 10000 100 1000000 131559 143241 50040
0b009b01 0b009001 10000 100 500000 129283 147972 25040
0b003701 0b001101 10000 100 2000000 97640 179660 91960
0b009601 0b004801 10000 100 500000 132237 145336 29080
0b005101 0b007501 10000 100 2000000 68147 211439 91960
0b006901 0b002101 10000 100 2000000 135324 145171 91960
0b005f01 0b005601 10000 100 2000000 65788 215012 87920
0b005b01 0b002a01 10000 100 2000000 118930 162564 91960
0b001d01 0b008f01 10001 100 2000000 113123 169836 91960
0b009001 0b005601 10000 100 1000000 78815 205285 50040
0b009001 0b006901 10000 100 1000000 115098 171576 50040
0b000b01 0b008701 10000 100 2000000 143809 146200 91960
0b000501 0b000e01 10000 100 1000000 147011 143792 46000
0b003b01 0b006501 10000 100 1000000 135505 155464 50040
0b000501 0b008001 10000 100 1000000 137623 153422 50040
0b000e01 0b009b01 10000 100 1000000 81319 212391 50040
0b002401 0b007801 10000 100 1000000 99396 199754 50040
0b006601 0b001e01 10000 100 2000000 143189 156439 91960
0b002601 0b007601 10000 100 2000000 143503 156539 91960
0b002401 0b006b01 10000 100 1000000 118405 185937 50040
0b000501 0b000001 10000 100 2000000 56174 249307 87920
0b001901 0b006501 10000 100 1000000 123857 185448 50040
0b003f01 0b006501 10000 100 1000000 146506 162967 50040
0b001f01 0b006501 10000 100 2000000 29932 288662 91960
0b005d01 0b001901 10000 100 2000000 98014 222101 91960
0b008501 0b004601 10000 100 1000000 133552 187731 50040
0b005d01 0b004c01 10000 100 2000000 101219 220833 91960
0b001d01 0b009b01 10000 100 1000000 144348 177788 50040
0b008501 0b009201 10000 100 1000000 142425 181778 50040
0b002801 0b009a01 10000 100 5000000 24692 309564 217720
0b009601 0b008c01 10000 100 1000000 126711 209656 50040
0b008501 0b000801 10000 100 2000000 70443 276917 91960
0b002401 0b009201 10000 100 2000000 102068 245587 91960
0b001601 0b006f01 10000 100 2000000 140994 207111 91960
0b009b01 0b007401 10000 100 1000000 136411 214054 50040
0b008001 0b001f01 10000 100 2000000 131762 232492 91960
0b000901 0b009b01 10000 100 2000000 102390 263192 91960
0b006501 0b000f01 10000 100 2000000 21550 345096 91960
0b007601 0b004601 10000 100 5000000 39528 339565 217720
0b003701 0b008a01 10000 100 5000000 63846 326286 217720
0b009601 0b009c01 10000 100 2000000 119495 290074 87920
0b000601 0b009001 10000 100 5000000 86627 330139 217720
0b002901 0b007101 10000 100 5000000 112473 305553 217720
0b004a01 0b000f01 10000 100 5000000 6571 415917 217720
0b005001 0b007e01 10000 100 5000000 86563 345303 217720
0b008001 0b007f01 10000 100 5000000 58215 398084 217720
0b001601 0b004901 10000 100 5000000 123974 343810 217720
0b007401 0b009b01 10000 100 5000000 63869 428280 217720
0b008701 0b009d01 10000 100 5000000 34027 459744 217720
0b009001 0b009d01 10000 100 5000000 23803 480307 213680
0b009601 0b005801 10000 100 5000000 108664 421264 217720
0b000101 0b003801 10000 100 5000000 125871 458883 217720
0b000101 0b009801 10000 100 5000000 136493 452361 217720
