0b004001 0b000101 10000 100 5000000 2000000000 109077728 431440
0b002001 0b000101 10000 100 5000000 2000000000 110392006 427400
0b002501 0b000101 10000 100 5000000 2000000000 111748438 427400
0b003f01 0b000101 10000 100 5000000 2000000000 112400530 427400
0b003801 0b000101 10000 100 5000000 2000000000 112797934 427400
0b003001 0b000101 10000 100 5000000 2000000000 113020954 427400
0b003a01 0b000101 10000 100 5000000 2000000000 113116882 427400
0b003201 0b000101 10000 100 5000000 2000000000 113273374 427400
0b002e01 0b000101 10000 100 5000000 2000000000 113414746 427400
0b003901 0b000101 10000 100 5000000 2000000000 113501098 427400
0b003501 0b000101 10000 100 5000000 2000000000 113507734 427400
0b003c01 0b000101 10000 100 5000000 2000000000 113559982 427400
0b003b01 0b000101 10000 100 5000000 2000000000 113714206 427400
0b003701 0b000101 10000 100 5000000 2000000000 113823826 427400
0b003d01 0b000101 10000 100 5000000 2000000000 113888422 427400
0b001301 0b000101 10000 100 5000000 2000000000 113924962 427400
0b002d01 0b000101 10000 100 5000000 2000000000 114045082 427400
0b002c01 0b000101 10000 100 5000000 2000000000 114054910 427400
0b003e01 0b000101 10000 100 5000000 2000000000 114075910 427400
0b002401 0b000101 10000 100 5000000 2000000000 114160162 427400
0b001b01 0b000101 10000 100 5000000 2000000000 114257602 427400
0b001401 0b000101 10000 100 5000000 2000000000 114260794 427400
0b001c01 0b000101 10000 100 5000000 2000000000 114307330 427400
0b001f01 0b000101 10000 100 5000000 2000000000 114336478 427400
0b002101 0b000101 10000 100 5000000 2000000000 114423838 427400
0b001e01 0b000101 10000 100 5000000 2000000000 114463150 427400
0b002b01 0b000101 10000 100 5000000 2000000000 114550594 427400
0b003101 0b000101 10000 100 5000000 2000000000 114567394 427400
0b001d01 0b000101 10000 100 5000000 2000000000 114601582 427400
0b002f01 0b000101 10000 100 5000000 2000000000 114723466 427400
0b002901 0b000101 10000 100 5000000 2000000000 114764206 427400
0b001501 0b000101 10000 100 5000000 2000000000 114782434 427400
0b001801 0b000101 10000 100 5000000 2000000000 114902134 427400
0b003601 0b000101 10000 100 5000000 2000000000 115120534 427400
0b001901 0b000101 10000 100 5000000 2000000000 115254934 427400
0b001201 0b000101 10000 100 5000000 2000000000 115261906 427400
0b001a01 0b000101 10000 100 5000000 2000000000 115302814 427400
0b002801 0b000101 10000 100 5000000 2000000000 117946042 427400
0b002201 0b000101 10000 100 5000000 2000000000 118138318 427400
0b002301 0b000101 10000 100 5000000 2000000000 118217110 427400
0b001101 0b000101 10000 100 5000000 2000000000 118730770 427400
0b002701 0b000101 10000 100 5000000 2000000000 118968322 427400
0b002601 0b000101 10000 100 5000000 2000000000 118997470 427400
0b001001 0b000101 10000 100 5000000 2000000000 119171182 427400
0b001701 0b000101 10000 100 5000000 2000000000 119860402 427400
0b003301 0b000101 10000 100 5000000 2000000000 120127522 427400
0b001601 0b000101 10000 100 5000000 2000000000 120263434 427400
0b002a01 0b000101 10000 100 5000000 2000000000 120264610 427400
0b003401 0b000101 10000 100 5000000 2000000000 120567010 427400
0b000f01 0b000101 10000 100 5000000 2000000000 121585272 423360
0b000901 0b000101 10000 100 5000000 2000000000 122700288 423360
0b000a01 0b000101 10000 100 5000000 2000000000 123119868 423360
0b000801 0b000101 10000 100 5000000 2000000000 123234948 423360
0b000601 0b000101 10000 100 5000000 2000000000 123356748 423360
0b000c01 0b000101 10000 100 5000000 2000000000 123442848 423360
0b000d01 0b000101 10000 100 5000000 2000000000 123681324 423360
0b000701 0b000101 10000 100 5000000 2000000000 123759780 423360
0b000501 0b000101 10000 100 5000000 2000000000 123847896 423360
0b000e01 0b000101 10000 100 5000000 2000000000 124042356 423360
0b000b01 0b000101 10000 100 5000000 2000000000 124111404 423360
0b000001 0b000101 10003 100 10000000 2000000000 153000852 842560
0b000001 0b000101 10004 100 10000000 2000000000 153393636 842560
0b000001 0b000101 10001 100 10000000 2000000000 153936528 842560
0b000001 0b000101 10006 100 10000000 2000000000 154521168 842560
0b000001 0b000101 10005 100 10000000 2000000000 154809540 842560
0b000001 0b000101 10002 100 10000000 2000000000 155131008 842560
0b000001 0b000101 10000 100 10000000 2000000000 155522952 842560
0b004901 0b000101 10000 100 10000000 2000000000 183953060 850640
0b005401 0b000101 10000 100 10000000 2000000000 185120660 850640
0b00d401 0b000101 10000 100 10000000 2000000000 185170556 850640
0b00d901 0b000101 10000 100 10000000 2000000000 185798876 850640
0b008b01 0b000101 10000 100 10000000 2000000000 185916812 850640
0b007f01 0b000101 10000 100 10000000 2000000000 186103292 850640
0b004801 0b000101 10000 100 10000000 2000000000 186380744 850640
0b00a601 0b000101 10000 100 10000000 2000000000 186511784 850640
0b00be01 0b000101 10000 100 10000000 2000000000 186794780 850640
0b007a01 0b000101 10000 100 10000000 2000000000 186839720 850640
0b008e01 0b000101 10000 100 10000000 2000000000 186881048 850640
0b007e01 0b000101 10000 100 10000000 2000000000 187446704 850640
0b007001 0b000101 10000 100 10000000 2000000000 187908284 850640
0b00aa01 0b000101 10000 100 10000000 2000000000 187928024 850640
0b009801 0b000101 10000 100 10000000 2000000000 188191784 850640
0b00a801 0b000101 10000 100 10000000 2000000000 188349452 850640
0b008a01 0b000101 10000 100 10000000 2000000000 188398508 850640
0b00ab01 0b000101 10000 100 10000000 2000000000 188594144 850640
0b005801 0b000101 10000 100 10000000 2000000000 188791712 850640
0b007101 0b000101 10000 100 10000000 2000000000 188889824 850640
0b009001 0b000101 10000 100 10000000 2000000000 189037328 850640
0b009501 0b000101 10000 100 10000000 2000000000 190025420 850640
0b006901 0b000101 10000 100 10000000 2000000000 190164356 850640
0b005601 0b000101 10000 100 10000000 2000000000 190347140 850640
0b00e301 0b000101 10000 100 10000000 2000000000 190392164 850640
0b00d201 0b000101 10000 100 10000000 2000000000 190452560 850640
0b009d01 0b000101 10000 100 10000000 2000000000 190598216 850640
0b008301 0b000101 10000 100 10000000 2000000000 190619552 850640
0b005a01 0b000101 10000 100 10000000 2000000000 190758404 850640
0b00e201 0b000101 10000 100 10000000 2000000000 191027540 850640
0b00a401 0b000101 10000 100 10000000 2000000000 191103392 850640
0b007b01 0b000101 10000 100 10000000 2000000000 191178488 850640
0b00a501 0b000101 10000 100 10000000 2000000000 191361776 850640
0b008601 0b000101 10000 100 10000000 2000000000 191435528 850640
0b006601 0b000101 10000 100 10000000 2000000000 191540360 850640
0b004c01 0b000101 10000 100 10000000 2000000000 191574044 850640
0b008401 0b000101 10000 100 10000000 2000000000 192209336 850640
0b00a701 0b000101 10000 100 10000000 2000000000 192500228 850640
0b00ae01 0b000101 10000 100 10000000 2000000000 192785156 850640
0b004101 0b000101 10000 100 10000000 2000000000 192807752 850640
0b007201 0b000101 10000 100 10000000 2000000000 192851852 850640
0b005201 0b000101 10000 100 10000000 2000000000 192920228 850640
0b007301 0b000101 10000 100 10000000 2000000000 192981548 850640
0b007601 0b000101 10000 100 10000000 2000000000 193770224 850640
0b006f01 0b000101 10000 100 10000000 2000000000 193777616 850640
0b006501 0b000101 10000 100 10000000 2000000000 193811804 850640
0b00da01 0b000101 10000 100 10000000 2000000000 194104628 850640
0b007901 0b000101 10000 100 10000000 2000000000 194499932 850640
0b00b601 0b000101 10000 100 10000000 2000000000 194685488 850640
0b00f901 0b000101 10000 100 10000000 2000000000 195125312 850640
0b00e401 0b000101 10000 100 10000000 2000000000 195161600 850640
0b00f001 0b000101 10000 100 10000000 2000000000 195272732 850640
0b00ac01 0b000101 10000 100 10000000 2000000000 195711212 850640
0b00c101 0b000101 10000 100 10000000 2000000000 195728684 850640
0b00ea01 0b000101 10000 100 10000000 2000000000 195769592 850640
0b00e501 0b000101 10000 100 10000000 2000000000 195815708 850640
0b00e701 0b000101 10000 100 10000000 2000000000 195987236 850640
0b004a01 0b000101 10000 100 10000000 2000000000 196029236 850640
0b008901 0b000101 10000 100 10000000 2000000000 196039316 850640
0b00d801 0b000101 10000 100 10000000 2000000000 196084004 850640
0b007501 0b000101 10000 100 10000000 2000000000 196195892 850640
0b00cf01 0b000101 10000 100 10000000 2000000000 196474604 850640
0b00ee01 0b000101 10000 100 10000000 2000000000 196525508 850640
0b00ba01 0b000101 10000 100 10000000 2000000000 196889396 850640
0b005001 0b000101 10000 100 10000000 2000000000 196900820 850640
0b006401 0b000101 10000 100 10000000 2000000000 197090828 850640
0b00db01 0b000101 10000 100 10000000 2000000000 197299484 850640
0b00fe01 0b000101 10000 100 10000000 2000000000 197546192 850640
0b00c601 0b000101 10000 100 10000000 2000000000 197590712 850640
0b006d01 0b000101 10000 100 10000000 2000000000 197917052 850640
0b004e01 0b000101 10000 100 10000000 2000000000 197970224 850640
0b005701 0b000101 10000 100 10000000 2000000000 198073124 850640
0b00eb01 0b000101 10000 100 10000000 2000000000 198116636 850640
0b00cd01 0b000101 10000 100 10000000 2000000000 198158972 850640
0b009f01 0b000101 10000 100 10000000 2000000000 198213068 850640
0b008d01 0b000101 10000 100 10000000 2000000000 198243056 850640
0b00af01 0b000101 10000 100 10000000 2000000000 198283124 850640
0b00b801 0b000101 10000 100 10000000 2000000000 198362168 850640
0b00c901 0b000101 10000 100 10000000 2000000000 198452552 850640
0b00df01 0b000101 10000 100 10000000 2000000000 198811484 850640
0b00c001 0b000101 10000 100 10000000 2000000000 198847856 850640
0b00f201 0b000101 10000 100 10000000 2000000000 198879356 850640
0b008701 0b000101 10000 100 10000000 2000000000 198941096 850640
0b007401 0b000101 10000 100 10000000 2000000000 199229048 850640
0b00f401 0b000101 10000 100 10000000 2000000000 199237364 850640
0b005301 0b000101 10000 100 10000000 2000000000 199485836 850640
0b006201 0b000101 10000 100 10000000 2000000000 199577396 850640
0b00d001 0b000101 10000 100 10000000 2000000000 199649216 850640
0b006001 0b000101 10000 100 10000000 2000000000 199764044 850640
0b00b901 0b000101 10000 100 10000000 2000000000 199787480 850640
0b00e601 0b000101 10000 100 10000000 2000000000 199815536 850640
0b007801 0b000101 10000 100 10000000 2000000000 199828724 850640
0b00dc01 0b000101 10000 100 10000000 2000000000 199907432 850640
0b00a001 0b000101 10000 100 10000000 2000000000 199936076 850640
0b009901 0b000101 10000 100 10000000 2000000000 200130872 850640
0b00b701 0b000101 10000 100 10000000 2000000000 200142464 850640
0b00b001 0b000101 10000 100 10000000 2000000000 200298032 850640
0b00a201 0b000101 10000 100 10000000 2000000000 200313572 850640
0b006701 0b000101 10000 100 10000000 2000000000 200328776 850640
0b005f01 0b000101 10000 100 10000000 2000000000 200358260 850640
0b010101 0b000101 10000 100 10000000 2000000000 200666120 850640
0b007d01 0b000101 10000 100 10000000 2000000000 200669312 850640
0b00d501 0b000101 10000 100 10000000 2000000000 200838740 850640
0b005c01 0b000101 10000 100 10000000 2000000000 201021272 850640
0b00dd01 0b000101 10000 100 10000000 2000000000 201063860 850640
0b008001 0b000101 10000 100 10000000 2000000000 201160376 850640
0b008501 0b000101 10000 100 10000000 2000000000 201233708 850640
0b00ad01 0b000101 10000 100 10000000 2000000000 201234464 850640
0b00cc01 0b000101 10000 100 10000000 2000000000 201383816 850640
0b005101 0b000101 10000 100 10000000 2000000000 201426572 850640
0b008101 0b000101 10000 100 10000000 2000000000 201472520 850640
0b00b101 0b000101 10000 100 10000000 2000000000 201498980 850640
0b00ca01 0b000101 10000 100 10000000 2000000000 201533924 850640
0b00fa01 0b000101 10000 100 10000000 2000000000 201706964 850640
0b00c401 0b000101 10000 100 10000000 2000000000 201774248 850640
0b00a301 0b000101 10000 100 10000000 2000000000 201861524 850640
0b005d01 0b000101 10000 100 10000000 2000000000 201893192 850640
0b006301 0b000101 10000 100 10000000 2000000000 201893864 850640
0b00f801 0b000101 10000 100 10000000 2000000000 201899240 850640
0b00e801 0b000101 10000 100 10000000 2000000000 201977024 850640
0b009101 0b000101 10000 100 10000000 2000000000 202008356 850640
0b004b01 0b000101 10000 100 10000000 2000000000 202015832 850640
0b00ec01 0b000101 10000 100 10000000 2000000000 202021544 850640
0b00ed01 0b000101 10000 100 10000000 2000000000 202091264 850640
0b004201 0b000101 10000 100 10000000 2000000000 202106552 850640
0b00d601 0b000101 10000 100 10000000 2000000000 202240868 850640
0b009b01 0b000101 10000 100 10000000 2000000000 202311176 850640
0b00fb01 0b000101 10000 100 10000000 2000000000 202329152 850640
0b00ef01 0b000101 10000 100 10000000 2000000000 202413992 850640
0b006e01 0b000101 10000 100 10000000 2000000000 202479512 850640
0b004401 0b000101 10000 100 10000000 2000000000 202563092 850640
0b00bd01 0b000101 10000 100 10000000 2000000000 202578128 850640
0b00e101 0b000101 10000 100 10000000 2000000000 202579556 850640
0b006801 0b000101 10000 100 10000000 2000000000 202582496 850640
0b004601 0b000101 10000 100 10000000 2000000000 202615172 850640
0b004d01 0b000101 10000 100 10000000 2000000000 202634660 850640
0b006101 0b000101 10000 100 10000000 2000000000 202697072 850640
0b007701 0b000101 10000 100 10000000 2000000000 202718156 850640
0b010001 0b000101 10000 100 10000000 2000000000 202792412 850640
0b00a901 0b000101 10000 100 10000000 2000000000 202889936 850640
0b00b201 0b000101 10000 100 10000000 2000000000 202920008 850640
0b00de01 0b000101 10000 100 10000000 2000000000 202922696 850640
0b00bc01 0b000101 10000 100 10000000 2000000000 202974020 850640
0b00fd01 0b000101 10000 100 10000000 2000000000 202976036 850640
0b009201 0b000101 10000 100 10000000 2000000000 202992668 850640
0b009401 0b000101 10000 100 10000000 2000000000 203029208 850640
0b009601 0b000101 10000 100 10000000 2000000000 203057432 850640
0b008201 0b000101 10000 100 10000000 2000000000 203161592 850640
0b008f01 0b000101 10000 100 10000000 2000000000 203180828 850640
0b008801 0b000101 10000 100 10000000 2000000000 203230892 850640
0b008c01 0b000101 10000 100 10000000 2000000000 203268944 850640
0b00f101 0b000101 10000 100 10000000 2000000000 203321696 850640
0b00ff01 0b000101 10000 100 10000000 2000000000 203343116 850640
0b004301 0b000101 10000 100 10000000 2000000000 203379152 850640
0b00f701 0b000101 10000 100 10000000 2000000000 203394188 850640
0b00a101 0b000101 10000 100 10000000 2000000000 203416700 850640
0b00bb01 0b000101 10000 100 10000000 2000000000 203561516 850640
0b00e901 0b000101 10000 100 10000000 2000000000 203574284 850640
0b005b01 0b000101 10000 100 10000000 2000000000 203583440 850640
0b00c501 0b000101 10000 100 10000000 2000000000 203608976 850640
0b009301 0b000101 10000 100 10000000 2000000000 203750180 850640
0b004f01 0b000101 10000 100 10000000 2000000000 203751776 850640
0b00b401 0b000101 10000 100 10000000 2000000000 203757572 850640
0b00c201 0b000101 10000 100 10000000 2000000000 203883488 850640
0b00f301 0b000101 10000 100 10000000 2000000000 203970176 850640
0b00d701 0b000101 10000 100 10000000 2000000000 204043340 850640
0b004701 0b000101 10000 100 10000000 2000000000 204064928 850640
0b009c01 0b000101 10000 100 10000000 2000000000 204067028 850640
0b00c301 0b000101 10000 100 10000000 2000000000 204079208 850640
0b00fc01 0b000101 10000 100 10000000 2000000000 204208316 850640
0b009a01 0b000101 10000 100 10000000 2000000000 204209996 850640
0b00b501 0b000101 10000 100 10000000 2000000000 204217640 850640
0b00c701 0b000101 10000 100 10000000 2000000000 204241748 850640
0b00f501 0b000101 10000 100 10000000 2000000000 204256280 850640
0b004501 0b000101 10000 100 10000000 2000000000 204288872 850640
0b006a01 0b000101 10000 100 10000000 2000000000 204299624 850640
0b006b01 0b000101 10000 100 10000000 2000000000 204491984 850640
0b00bf01 0b000101 10000 100 10000000 2000000000 204571196 850640
0b00d301 0b000101 10000 100 10000000 2000000000 204586232 850640
0b005501 0b000101 10000 100 10000000 2000000000 204631172 850640
0b00c801 0b000101 10000 100 10000000 2000000000 204632096 850640
0b006c01 0b000101 10000 100 10000000 2000000000 204637892 850640
0b00ce01 0b000101 10000 100 10000000 2000000000 204679640 850640
0b00d101 0b000101 10000 100 10000000 2000000000 204760952 850640
0b005901 0b000101 10000 100 10000000 2000000000 204862172 850640
0b007c01 0b000101 10000 100 10000000 2000000000 204934496 850640
0b00b301 0b000101 10000 100 10000000 2000000000 204949532 850640
0b009e01 0b000101 10000 100 10000000 2000000000 204963560 850640
0b009701 0b000101 10000 100 10000000 2000000000 204964904 850640
0b00f601 0b000101 10000 100 10000000 2000000000 204985736 850640
0b00cb01 0b000101 10000 100 10000000 2000000000 205102076 850640
0b00e001 0b000101 10000 100 10000000 2000000000 205332824 850640
0b005e01 0b000101 10000 100 10000000 2000000000 205699652 850640
0b000401 0b000101 10000 100 150000000 2000000000 230393496 12580160
0b000301 0b000101 10000 100 200000000 2000000000 239048940 16772160
0b000201 0b000101 10000 100 200000000 2000000000 239404092 16772160
