0b000501 0b000101 10000 100 5000000 2000000000 13385232 819360
0b000601 0b000101 10000 100 5000000 2000000000 13385316 819360
0b000701 0b000101 10000 100 5000000 2000000000 13385400 819360
0b000801 0b000101 10000 100 5000000 2000000000 13385484 819360
0b000901 0b000101 10000 100 5000000 2000000000 13385568 819360
0b000a01 0b000101 10000 100 5000000 2000000000 13385652 819360
0b000b01 0b000101 10000 100 5000000 2000000000 13385736 819360
0b000c01 0b000101 10000 100 5000000 2000000000 13385820 819360
0b000d01 0b000101 10000 100 5000000 2000000000 13385904 819360
0b000e01 0b000101 10000 100 5000000 2000000000 13385988 819360
0b000f01 0b000101 10000 100 5000000 2000000000 13386072 819360
0b001401 0b000101 10000 100 5000000 2000000000 34433182 823400
0b003101 0b000101 10000 100 5000000 2000000000 34433518 823400
0b001e01 0b000101 10000 100 5000000 2000000000 34433854 823400
0b003801 0b000101 10000 100 5000000 2000000000 34434190 823400
0b003301 0b000101 10000 100 5000000 2000000000 34438978 823400
0b003401 0b000101 10000 100 5000000 2000000000 34439314 823400
0b002201 0b000101 10000 100 5000000 2000000000 42712894 823400
0b002701 0b000101 10000 100 5000000 2000000000 42713230 823400
0b002a01 0b000101 10000 100 5000000 2000000000 42713650 823400
0b002301 0b000101 10000 100 5000000 2000000000 44423050 823400
0b002601 0b000101 10000 100 5000000 2000000000 44423386 823400
0b002801 0b000101 10000 100 5000000 2000000000 44423722 823400
0b001001 0b000101 10000 100 5000000 2000000000 50838046 823400
0b001101 0b000101 10000 100 5000000 2000000000 50839138 823400
0b001601 0b000101 10000 100 5000000 2000000000 50840146 823400
0b001701 0b000101 10000 100 5000000 2000000000 50841238 823400
0b001201 0b000101 10000 100 5000000 2000000000 56250670 823400
0b001901 0b000101 10000 100 5000000 2000000000 56251342 823400
0b001a01 0b000101 10000 100 5000000 2000000000 56252098 823400
0b001b01 0b000101 10000 100 5000000 2000000000 56252770 823400
0b002001 0b000101 10000 100 5000000 2000000000 58127398 823400
0b002101 0b000101 10000 100 5000000 2000000000 58128154 823400
0b002501 0b000101 10000 100 5000000 2000000000 58128826 823400
0b002c01 0b000101 10000 100 5000000 2000000000 58129582 823400
0b002e01 0b000101 10000 100 5000000 2000000000 58130254 823400
0b002401 0b000101 10000 100 5000000 2000000000 66652810 823400
0b002901 0b000101 10000 100 5000000 2000000000 66653146 823400
0b002b01 0b000101 10000 100 5000000 2000000000 66653482 823400
0b002d01 0b000101 10000 100 5000000 2000000000 66653818 823400
0b002f01 0b000101 10000 100 5000000 2000000000 66654154 823400
0b001301 0b000101 10000 100 5000000 2000000000 75056926 823400
0b001501 0b000101 10000 100 5000000 2000000000 75057598 823400
0b001801 0b000101 10000 100 5000000 2000000000 75058270 823400
0b001c01 0b000101 10000 100 5000000 2000000000 75058942 823400
0b001d01 0b000101 10000 100 5000000 2000000000 75059614 823400
0b001f01 0b000101 10000 100 5000000 2000000000 75060286 823400
0b003201 0b000101 10000 100 5000000 2000000000 75156382 823400
0b003701 0b000101 10000 100 5000000 2000000000 75156718 823400
0b003901 0b000101 10000 100 5000000 2000000000 75157054 823400
0b003b01 0b000101 10000 100 5000000 2000000000 75157390 823400
0b003c01 0b000101 10000 100 5000000 2000000000 75157726 823400
0b003f01 0b000101 10000 100 5000000 2000000000 75158062 823400
0b003001 0b000101 10000 100 5000000 2000000000 75271966 823400
0b003501 0b000101 10000 100 5000000 2000000000 75272302 823400
0b003601 0b000101 10000 100 5000000 2000000000 75272638 823400
0b003a01 0b000101 10000 100 5000000 2000000000 75272974 823400
0b003d01 0b000101 10000 100 5000000 2000000000 75273310 823400
0b003e01 0b000101 10000 100 5000000 2000000000 75273646 823400
