0b003901 0b000101 10000 100 50000000 1250538 49220161 4200200
0b00d801 0b000101 10000 100 50000000 1589134 62097582 4204240
0b00c101 0b000101 10000 100 50000000 3940009 68537071 4204240
0b002301 0b000101 10000 100 50000000 2291219 76867849 4200200
0b011701 0b000101 10000 100 50000000 4346942 80085790 4204240
0b011201 0b000101 10000 100 50000000 6241308 95501655 4204240
0b00c201 0b000101 10000 100 50000000 4835818 101910551 4204240
0b00ac01 0b000101 10000 100 50000000 5110514 102933892 4204240
0b00ba01 0b000101 10000 100 50000000 8132705 100970200 4204240
0b002f01 0b000101 10000 100 50000000 10931899 104751983 4200200
0b00d601 0b000101 10000 100 50000000 11022030 106347177 4204240
0b011f01 0b000101 10000 100 50000000 9941883 109162024 4204240
0b008c01 0b000101 10000 100 50000000 12244592 106928869 4204240
0b00b501 0b000101 10000 100 50000000 10475352 110223400 4204240
0b003301 0b000101 10000 100 50000000 19006311 103367205 4200200
0b012d01 0b000101 10000 100 50000000 13909535 108687012 4204240
0b00ae01 0b000101 10000 100 50000000 13893567 108943182 4204240
0b002401 0b000101 10000 100 50000000 30456549 100461983 4200200
0b00b901 0b000101 10000 100 50000000 28867606 102978793 4204240
0b007401 0b000101 10000 100 50000000 38653417 93260876 4204240
0b001601 0b000101 10000 100 50000000 36486588 95730811 4200200
0b000301 0b000101 10000 100 50000000 37940368 94367491 4196160
0b010201 0b000101 10000 100 50000000 30100935 102385975 4204240
0b00e801 0b000101 10000 100 50000000 31784222 100826109 4204240
0b009601 0b000101 10000 100 50000000 41470233 91491188 4204240
0b008801 0b000101 10000 100 50000000 35091016 97880863 4204240
0b004701 0b000101 10000 100 50000000 36823560 96180108 4204240
0b002801 0b000101 10000 100 50000000 42765886 90498653 4200200
0b005101 0b000101 10000 100 50000000 34906970 98681011 4204240
0b00b001 0b000101 10000 100 50000000 30186302 103978802 4204240
0b006e01 0b000101 10000 100 50000000 47860654 86863782 4204240
0b013c01 0b000101 10000 100 50000000 44272587 91453132 4204240
