0b004001 0b000101 10000 100 10000000 2000000000 45312026 1246640
0b003401 0b000101 10000 100 10000000 2000000000 50613718 1242600
0b003301 0b000101 10000 100 10000000 2000000000 50614849 1242600
0b001401 0b000101 10000 100 10000000 2000000000 51041671 1242600
0b003101 0b000101 10000 100 10000000 2000000000 51047326 1242600
0b001e01 0b000101 10000 100 10000000 2000000000 51072991 1242600
0b003801 0b000101 10000 100 10000000 2000000000 51078472 1242600
0b002001 0b000101 10000 100 10000000 2000000000 51786739 1242600
0b002c01 0b000101 10000 100 10000000 2000000000 51888790 1242600
0b003e01 0b000101 10000 100 10000000 2000000000 53216845 1242600
0b001f01 0b000101 10000 100 10000000 2000000000 53271220 1242600
0b004101 0b000101 10000 100 10000000 2000000000 54074057 1246640
0b002a01 0b000101 10000 100 10000000 2000000000 54251014 1242600
0b002101 0b000101 10000 100 10000000 2000000000 54345148 1242600
0b002501 0b000101 10000 100 10000000 2000000000 54351934 1242600
0b002e01 0b000101 10000 100 10000000 2000000000 54369595 1242600
0b002b01 0b000101 10000 100 10000000 2000000000 54776842 1242600
0b002d01 0b000101 10000 100 10000000 2000000000 54788500 1242600
0b002f01 0b000101 10000 100 10000000 2000000000 54813034 1242600
0b003d01 0b000101 10000 100 10000000 2000000000 54821734 1242600
0b001d01 0b000101 10000 100 10000000 2000000000 54826432 1242600
0b003a01 0b000101 10000 100 10000000 2000000000 54845833 1242600
0b001c01 0b000101 10000 100 10000000 2000000000 54870193 1242600
0b002701 0b000101 10000 100 10000000 2000000000 55091434 1242600
0b002201 0b000101 10000 100 10000000 2000000000 55123711 1242600
0b000201 0b000101 10000 100 10000000 2000000000 55234896 1238560
0b000301 0b000101 10000 100 10000000 2000000000 55243509 1238560
0b000401 0b000101 10000 100 10000000 2000000000 55252818 1238560
0b001001 0b000101 10000 100 10000000 2000000000 55259257 1242600
0b000501 0b000101 10000 100 10000000 2000000000 55503378 1238560
0b000601 0b000101 10000 100 10000000 2000000000 55509468 1238560
0b000701 0b000101 10000 100 10000000 2000000000 55517907 1238560
0b000801 0b000101 10000 100 10000000 2000000000 55523997 1238560
0b003601 0b000101 10000 100 10000000 2000000000 55526434 1242600
0b000901 0b000101 10000 100 10000000 2000000000 55529391 1238560
0b000a01 0b000101 10000 100 10000000 2000000000 55534698 1238560
0b000b01 0b000101 10000 100 10000000 2000000000 55538178 1238560
0b000c01 0b000101 10000 100 10000000 2000000000 55540440 1238560
0b000d01 0b000101 10000 100 10000000 2000000000 55542789 1238560
0b000e01 0b000101 10000 100 10000000 2000000000 55544964 1238560
0b000f01 0b000101 10000 100 10000000 2000000000 55547313 1238560
0b001101 0b000101 10000 100 10000000 2000000000 55582462 1242600
0b002901 0b000101 10000 100 10000000 2000000000 55582984 1242600
0b001601 0b000101 10000 100 10000000 2000000000 55587943 1242600
0b001701 0b000101 10000 100 10000000 2000000000 55669197 1242600
0b002301 0b000101 10000 100 10000000 2000000000 55712336 1242600
0b002601 0b000101 10000 100 10000000 2000000000 55752506 1242600
0b002801 0b000101 10000 100 10000000 2000000000 55804287 1242600
0b003501 0b000101 10000 100 10000000 2000000000 55863719 1242600
0b001801 0b000101 10000 100 10000000 2000000000 55889595 1242600
0b002401 0b000101 10000 100 10000000 2000000000 56089469 1242600
0b001501 0b000101 10000 100 10000000 2000000000 56210083 1242600
0b001a01 0b000101 10000 100 10000000 2000000000 56372113 1242600
0b003901 0b000101 10000 100 10000000 2000000000 56383556 1242600
0b001901 0b000101 10000 100 10000000 2000000000 56384039 1242600
0b003201 0b000101 10000 100 10000000 2000000000 56412831 1242600
0b001201 0b000101 10000 100 10000000 2000000000 56471711 1242600
0b003f01 0b000101 10000 100 10000000 2000000000 56505021 1242600
0b003c01 0b000101 10000 100 10000000 2000000000 56518583 1242600
0b001b01 0b000101 10000 100 10000000 2000000000 56816162 1242600
0b003b01 0b000101 10000 100 10000000 2000000000 56845031 1242600
0b003001 0b000101 10000 100 10000000 2000000000 56879772 1242600
0b003701 0b000101 10000 100 10000000 2000000000 56888880 1242600
0b001301 0b000101 10000 100 10000000 2000000000 57055350 1242600
