0b000801 0b013c01 10000 100 2048 169 12356 12415
0b00da01 0b00ed01 10000 100 5120 10447 8570 8632
0b00db01 0b004201 10000 100 20480 11211 13902 13959
0b009301 0b009101 10000 100 51200 21847 8396 8455
0b011501 0b002b01 10000 100 20480 17982 13902 13959
0b005801 0b002e01 10000 100 204800 4247 29384 29411
0b001001 0b010b01 10000 100 102400 13695 20787 20827
0b000301 0b010601 10000 100 204800 6032 29415 29411
0b00e401 0b00ed01 10000 100 1024 33105 4182 4249
0b009901 0b009201 10000 100 5120 33982 4526 4592
0b001601 0b00c601 10000 100 51200 25314 16484 16535
0b005e01 0b000b01 10000 100 51200 26602 16489 16535
0b011101 0b00a101 10000 100 204800 17070 29384 29411
0b00e901 0b006c01 10000 100 102400 28621 20784 20827
0b003201 0b006e01 10000 100 5120 37045 12614 12672
0b010901 0b00ec01 10000 100 20480 35924 13902 13959
0b00a901 0b00a301 10000 100 204800 32078 21296 21331
0b00fa01 0b00f201 10000 100 512000 9205 47100 47086
0b005f01 0b012001 10000 100 204800 27678 29384 29411
0b000101 0b00e501 10000 100 5120 46970 13002 12672
0b013901 0b00ef01 10000 100 5120 49795 12629 12672
0b007901 0b004101 10000 100 10240 54355 9018 9061
0b011c01 0b003101 10000 100 51200 53158 16501 16535
0b00e201 0b009301 10000 100 102400 49375 20808 20827
0b002d01 0b002a01 10000 100 10240 66341 5074 5021
0b00e401 0b007001 10000 100 5120 62207 12695 12672
0b013001 0b007901 10000 100 5120 63917 12706 12672
0b00a001 0b00d901 10000 100 102400 56158 20784 20827
0b000101 0b004801 10000 100 5120 68413 12614 12672
0b012301 0b013001 10000 100 51200 69141 12660 12495
0b000101 0b013101 10000 100 204800 43808 39035 29411
0b003e01 0b001401 10000 100 10240 74127 9803 9061
0b001c01 0b012301 10000 100 204800 56187 29760 29411
0b00d001 0b007d01 10000 100 51200 73681 16521 16535
0b00db01 0b00a801 10000 100 51200 77859 16496 16535
0b00b601 0b013e01 10000 100 1024 82683 12285 12329
0b002901 0b000d01 10000 100 51200 85216 12443 12495
0b00f501 0b010301 10000 100 10240 85710 13069 13101
0b007d01 0b009901 10000 100 10240 88138 13062 13101
0b00a601 0b00aa01 10000 100 2048 97439 4268 4335
0b010d01 0b001401 10000 100 1048576 1321 101125 100154
0b00e701 0b011c01 10000 100 10240 101423 13043 13101
0b006401 0b009901 10000 100 51200 103020 16502 16535
0b012201 0b011f01 10000 100 204800 88275 33661 25371
0b001b01 0b010e01 10000 100 5120 121252 12620 12672
0b000701 0b011201 10000 100 512000 79768 55220 55166
0b00ae01 0b010201 10000 100 2048 126312 12356 12415
0b008001 0b001401 10000 100 102400 122171 20790 20827
0b013101 0b00d501 10000 100 1048576 4270 142017 100154
0b001e01 0b006a01 10000 100 2048 133947 12371 12415
0b009901 0b00fc01 10000 100 102400 127345 20793 20827
0b009c01 0b00c301 10000 100 102400 128099 20804 20827
0b007701 0b00ca01 10000 100 51200 136226 16487 16535
0b00bc01 0b00e401 10000 100 1048576 56110 100286 100154
0b006901 0b00de01 10000 100 10240 145221 13464 13101
0b013b01 0b011901 10000 100 512000 109050 51144 51126
0b001701 0b001801 10000 100 20480 153663 9157 5879
0b013a01 0b00d901 10000 100 204800 129061 37167 29411
0b00aa01 0b00bf01 10000 100 102400 151569 16740 16787
0b00a101 0b00be01 10000 100 102400 151506 17667 16787
0b004301 0b00f001 10000 100 204800 123876 46503 29411
0b001801 0b001001 10000 100 512000 119237 53373 47086
0b007301 0b00df01 10000 100 512000 112230 61495 55166
0b009401 0b001001 10000 100 20480 160065 14191 13959
0b00a001 0b00a701 10000 100 102400 164461 12696 12747
0b005301 0b00e101 10000 100 512000 124150 55188 55166
0b013f01 0b008501 10000 100 102400 159669 20789 20827
0b00b901 0b012501 10000 100 5120 169432 13048 12672
0b005801 0b00f901 10000 100 2048 176369 12385 12415
0b003001 0b001801 10000 100 1048576 89114 99988 96114
0b012001 0b003301 10000 100 10240 185201 13871 13101
0b012c01 0b00c401 10000 100 51200 189855 16484 16535
0b00fb01 0b007901 10000 100 102400 187407 20825 20827
0b012a01 0b011b01 10000 100 512000 100419 107967 51126
0b004301 0b004001 10000 100 2097152 15865 197460 179988
0b007d01 0b002901 10000 100 204800 185583 29792 29411
0b000001 0b001301 10000 100 204800 173812 42513 25371
0b00b001 0b000901 10000 100 2097152 29274 188348 188068
0b000801 0b002d01 10000 100 5120 209728 8570 8632
0b010301 0b009701 10000 100 10240 212911 13427 13101
0b009301 0b00d401 10000 100 51200 217397 16536 16535
0b008601 0b000b01 10000 100 20480 221592 13905 13959
0b005c01 0b005201 10000 100 51200 222200 14165 8455
0b00ca01 0b00fe01 10000 100 2048 224546 11983 8375
0b00c301 0b00ca01 10000 100 512000 194869 47112 47086
0b010a01 0b00bc01 10000 100 10240 229609 13063 13101
0b007301 0b00f201 10000 100 204800 199662 46509 29411
0b00d301 0b013801 10000 100 20480 244330 13943 13959
0b004801 0b00aa01 10000 100 102400 238194 20812 20827
0b00e601 0b001f01 10000 100 2048 259081 12371 12415
0b00f301 0b003501 10000 100 5120 262854 12630 12672
0b001501 0b00b701 10000 100 20480 260894 21243 13959
0b004801 0b013601 10000 100 20480 269340 13902 13959
0b001101 0b006401 10000 100 512000 186837 98154 55166
0b004a01 0b009601 10000 100 2048 273934 12358 12415
0b00ef01 0b00b701 10000 100 204800 245091 41465 29411
0b002a01 0b008101 10000 100 204800 250614 46515 29411
0b000f01 0b000a01 10000 100 102400 289777 15557 12747
0b012b01 0b003101 10000 100 2048 302672 12484 12415
0b002301 0b000201 10000 100 10240 308018 10531 9061
0b00be01 0b001c01 10000 100 1048576 74583 245100 100154
0b00bf01 0b00eb01 10000 100 512000 229442 91074 55166
0b008701 0b007101 10000 100 20480 310507 14105 13959
0b00c601 0b012e01 10000 100 20480 311031 13911 13959
0b002901 0b003301 10000 100 10240 317692 8999 9061
0b010801 0b011c01 10000 100 512000 282054 51160 51126
0b006701 0b009b01 10000 100 2097152 104180 229588 188068
0b00d801 0b000401 10000 100 20480 321059 13917 13959
0b012001 0b005001 10000 100 51200 315015 20699 16535
0b001601 0b00a601 10000 100 51200 324658 16785 16535
0b009c01 0b004701 10000 100 204800 313648 37346 29411
0b00a701 0b008401 10000 100 10240 341725 9293 9061
0b006201 0b002101 10000 100 2048 343399 12370 12415
0b00ec01 0b002f01 10000 100 1024 343862 12270 12329
0b00ee01 0b006401 10000 100 1024 346771 12355 12329
0b00c701 0b00ac01 10000 100 512000 284520 75537 55166
0b000201 0b00f701 10000 100 20480 348356 14947 13959
0b010301 0b009d01 10000 100 1048576 213467 150486 100154
0b011e01 0b00fe01 10000 100 204800 279012 86096 29411
0b006701 0b00a901 10000 100 51200 347282 20771 16535
0b004801 0b00c801 10000 100 512000 282399 88149 55166
0b00ea01 0b004a01 10000 100 102400 350070 21074 20827
0b012a01 0b00c301 10000 100 1024 360041 12270 12329
0b00cc01 0b00a001 10000 100 10240 361254 13524 13101
0b001001 0b011c01 10000 100 10240 361246 13858 13101
0b003501 0b011901 10000 100 5120 364324 12614 12672
0b007001 0b011c01 10000 100 10240 364203 14704 13101
0b004c01 0b013801 10000 100 51200 364462 16761 16535
0b00be01 0b003101 10000 100 2097152 113871 268831 188068
0b011b01 0b012d01 10000 100 20480 372025 10907 9919
0b013601 0b005401 10000 100 102400 363494 20805 20827
0b010201 0b009601 10000 100 512000 313011 74441 55166
0b009101 0b009a01 10000 100 51200 380582 8396 8455
0b00f101 0b00cc01 10000 100 2097152 173188 216640 184028
0b00ee01 0b00a301 10000 100 20480 377366 14024 13959
0b00a601 0b009d01 10000 100 5120 385683 8671 8632
0b00fb01 0b004a01 10000 100 204800 358344 37507 29411
0b00fd01 0b00d701 10000 100 204800 358540 41777 25371
0b00aa01 0b013f01 10000 100 512000 349305 55209 55166
0b00cf01 0b00a601 10000 100 204800 378334 31188 29411
0b010001 0b00fa01 10000 100 10240 398004 13043 13101
0b011a01 0b00e401 10000 100 102400 391159 20956 20827
0b011101 0b008e01 10000 100 20480 398474 14436 13959
0b010e01 0b012801 10000 100 51200 406063 16680 12495
0b012601 0b009b01 10000 100 1048576 323653 100280 100154
0b012e01 0b011601 10000 100 204800 402476 25352 25371
0b004d01 0b011801 10000 100 2048 418186 12356 12415
0b00c801 0b007801 10000 100 2048 418262 12356 12415
0b005401 0b006501 10000 100 10240 423144 9101 9061
0b011a01 0b00d601 10000 100 1024 423251 12293 12329
0b004401 0b00b601 10000 100 1048576 149821 291407 100154
0b00bd01 0b009101 10000 100 20480 439580 9861 9919
0b009c01 0b010901 10000 100 5120 442754 12628 12672
0b008f01 0b003301 10000 100 20480 446116 13906 13959
0b002d01 0b009c01 10000 100 2048 450815 12357 12415
0b005001 0b000d01 10000 100 20480 451256 13907 13959
0b009d01 0b004f01 10000 100 2097152 77499 392443 188068
0b007701 0b00a501 10000 100 1048576 371829 100282 100154
0b011901 0b00b301 10000 100 1024 466529 12270 12329
0b004b01 0b00a401 10000 100 204800 450655 29824 29411
0b010a01 0b009001 10000 100 102400 455453 25152 20827
0b011f01 0b00a801 10000 100 51200 462174 23053 16535
0b005801 0b010201 10000 100 2048 475146 12382 12415
0b009301 0b012701 10000 100 512000 428081 65057 55166
0b007001 0b005401 10000 100 5120 484735 8578 8632
0b004801 0b009201 10000 100 10240 479935 13501 13101
0b00ab01 0b011c01 10000 100 1048576 358953 142096 100154
0b002d01 0b012301 10000 100 204800 462338 39408 29411
0b004c01 0b009401 10000 100 10240 492492 13255 13101
0b010c01 0b003d01 10000 100 204800 465440 46551 29411
0b00dc01 0b001901 10000 100 1024 500679 12303 12329
0b006f01 0b013e01 10000 100 51200 501526 16652 16535
0b003d01 0b008801 10000 100 102400 499679 20970 20827
0b00c601 0b00fe01 10000 100 51200 509635 12992 12495
0b001701 0b001501 10000 100 512000 473259 49640 47086
0b012d01 0b00d801 10000 100 2048 510616 12356 12415
0b00a701 0b006c01 10000 100 1048576 176632 348080 100154
0b00c101 0b00eb01 10000 100 102400 505304 21241 16787
0b010e01 0b013b01 10000 100 1048576 387620 142843 96114
0b007401 0b00e401 10000 100 1024 520584 12403 12329
0b006b01 0b007e01 10000 100 2048 527016 8668 8375
0b00e901 0b009f01 10000 100 102400 514116 24204 20827
0b00f501 0b00c301 10000 100 1024 530780 8227 8289
0b00a801 0b003101 10000 100 5120 533541 12614 12672
0b012401 0b013c01 10000 100 1048576 216274 333026 96114
0b013b01 0b003201 10000 100 512000 450877 104346 55166
0b010901 0b00b501 10000 100 10240 550136 13043 13101
0b00e501 0b004601 10000 100 1024 552064 12277 12329
0b008601 0b00d101 10000 100 1024 552714 12315 12329
0b001b01 0b011701 10000 100 1048576 400605 166532 100154
0b00ea01 0b009101 10000 100 20480 553403 13935 13959
0b010a01 0b001601 10000 100 51200 550581 18820 16535
0b012901 0b00b001 10000 100 1024 558259 12271 12329
0b00bc01 0b007a01 10000 100 102400 550545 21206 20827
0b00f301 0b00eb01 10000 100 102400 553329 22747 16787
0b007401 0b010001 10000 100 2048 565624 12445 12415
0b010101 0b012701 10000 100 204800 533259 54149 25371
0b013901 0b006301 10000 100 10240 577922 13337 13101
0b001c01 0b010801 10000 100 102400 563398 28211 20827
0b00b401 0b00c901 10000 100 1048576 260867 334580 100154
0b00a901 0b005801 10000 100 102400 574480 21064 20827
0b006101 0b004b01 10000 100 512000 401845 194346 51126
0b010401 0b003201 10000 100 10240 584126 13262 13101
0b006901 0b00c301 10000 100 204800 562292 40102 29411
0b002e01 0b006601 10000 100 204800 551494 51877 29411
0b013b01 0b003101 10000 100 1024 599759 12289 12329
0b00e501 0b006d01 10000 100 10240 600103 13124 13101
0b002201 0b003601 10000 100 5120 609007 8574 8632
0b011801 0b012501 10000 100 512000 542915 75031 51126
0b006c01 0b001301 10000 100 20480 608437 14003 13959
0b012001 0b00d701 10000 100 102400 601826 21630 20827
0b00d301 0b001e01 10000 100 102400 609301 20834 20827
0b011901 0b000101 10000 100 10240 614713 16936 13101
0b000901 0b00f101 10000 100 1024 627176 12429 12329
0b011901 0b00fc01 10000 100 51200 626518 20795 16535
0b011c01 0b011401 10000 100 512000 600752 47228 47086
0b00f701 0b006b01 10000 100 51200 633237 18181 16535
0b008401 0b011201 10000 100 20480 641605 14093 13959
0b006401 0b004001 10000 100 51200 643794 14426 12495
0b005501 0b007601 10000 100 1048576 527489 139296 96114
0b004501 0b003b01 10000 100 204800 638338 36188 29411
0b006501 0b000a01 10000 100 102400 649157 26498 20827
0b00f701 0b011301 10000 100 102400 651448 24332 20827
0b006901 0b000201 10000 100 2048 663196 13169 12415
0b00eb01 0b008a01 10000 100 102400 652871 23524 20827
0b008901 0b011e01 10000 100 51200 659446 21209 16535
0b00f001 0b005501 10000 100 5120 668824 12632 12672
0b00f401 0b007001 10000 100 102400 659936 21841 20827
0b011e01 0b004101 10000 100 204800 646805 36927 29411
0b007e01 0b000301 10000 100 51200 666684 17604 16535
0b009601 0b007f01 10000 100 512000 525037 162629 55166
0b00ae01 0b003901 10000 100 204800 656576 31782 29411
0b008301 0b013501 10000 100 51200 670905 17665 16535
0b012901 0b00e001 10000 100 204800 651457 41526 29411
0b009301 0b000901 10000 100 10240 680357 13160 13101
0b010101 0b00fc01 10000 100 2048 682107 12392 12415
0b004401 0b00b101 10000 100 20480 685564 14602 13959
0b003601 0b011a01 10000 100 512000 647938 57985 55166
0b007101 0b009c01 10000 100 5120 695956 12637 12672
0b004f01 0b012d01 10000 100 1048576 168170 541092 100154
0b004901 0b00ed01 10000 100 512000 603200 107939 55166
0b013c01 0b013201 10000 100 1024 714250 4182 4249
0b00c701 0b003501 10000 100 51200 704300 16512 16535
0b004401 0b011d01 10000 100 5120 708520 12645 12672
0b00e001 0b00c401 10000 100 5120 717634 8611 8632
0b000301 0b00d601 10000 100 204800 693628 33545 29411
0b007c01 0b002401 10000 100 20480 712942 14987 13959
0b003201 0b010c01 10000 100 5120 716384 12732 12672
0b00c201 0b00a001 10000 100 2048 720882 12389 12415
0b002701 0b00f601 10000 100 51200 719037 17049 16535
0b00c401 0b008401 10000 100 204800 690478 45636 29411
0b00a601 0b00a701 10000 100 20480 732962 5898 5879
0b00b501 0b00a301 10000 100 1048576 187232 558002 96114
0b002101 0b00ee01 10000 100 20480 736820 14242 13959
0b000701 0b001601 10000 100 1024 745292 8239 8289
0b002b01 0b009d01 10000 100 204800 715477 41777 29411
0b007301 0b012201 10000 100 10240 746696 13652 13101
0b007a01 0b007e01 10000 100 5120 765951 4694 4592
0b006f01 0b00ec01 10000 100 2048 764126 12456 12415
0b004e01 0b00d401 10000 100 10240 765123 13043 13101
0b004201 0b011f01 10000 100 512000 379660 400045 55166
0b003b01 0b00fe01 10000 100 102400 758827 21655 20827
0b00b901 0b00b701 10000 100 1024 784685 4224 4249
0b012701 0b00e201 10000 100 20480 775156 13986 13959
0b011d01 0b011501 10000 100 1024 790820 4182 4249
0b00c001 0b012201 10000 100 5120 782538 12720 12672
0b00da01 0b006801 10000 100 512000 597161 203309 55166
0b001201 0b011101 10000 100 10240 791022 13057 13101
0b005d01 0b013901 10000 100 102400 783462 20862 20827
0b00f901 0b008a01 10000 100 51200 788720 16672 16535
0b00f601 0b006f01 10000 100 20480 792094 14457 13959
0b010a01 0b002401 10000 100 512000 403389 408960 55166
0b010c01 0b013301 10000 100 512000 678093 136651 51126
0b008301 0b010d01 10000 100 512000 527841 290515 55166
0b010f01 0b00d901 10000 100 1024 806202 12353 12329
0b011e01 0b00e201 10000 100 2097152 225966 594663 188068
0b005a01 0b008801 10000 100 1048576 578726 242564 100154
0b00cd01 0b00b101 10000 100 1024 810397 12286 12329
0b005b01 0b011801 10000 100 51200 808823 16767 16535
0b003d01 0b007801 10000 100 5120 812935 12985 12672
0b00e501 0b005401 10000 100 512000 638278 191533 55166
0b010c01 0b00f801 10000 100 20480 819087 14167 13959
0b001001 0b012301 10000 100 102400 814269 21901 20827
0b002401 0b007a01 10000 100 51200 818521 17657 16535
0b007401 0b00ed01 10000 100 102400 818525 21063 20827
0b00ab01 0b00b601 10000 100 51200 832757 12440 12495
0b00f401 0b007201 10000 100 20480 835077 14095 13959
0b012401 0b002e01 10000 100 2048 838092 12457 12415
0b00c101 0b005801 10000 100 2048 838653 12376 12415
0b011301 0b005b01 10000 100 512000 648007 204395 55166
0b00e801 0b00c101 10000 100 51200 840216 12543 12495
0b00d401 0b004201 10000 100 2048 841591 12384 12415
0b010501 0b009501 10000 100 10240 844138 13463 13101
0b004b01 0b010f01 10000 100 5120 847057 12721 12672
0b007101 0b008301 10000 100 204800 823938 36990 29411
0b005e01 0b005d01 10000 100 512000 803815 59280 47086
0b004501 0b00c001 10000 100 5120 850880 12930 12672
0b00e401 0b004401 10000 100 20480 852347 14199 13959
0b003801 0b00d701 10000 100 2097152 222619 647424 188068
0b006b01 0b00ac01 10000 100 20480 856690 14866 13959
0b00a101 0b000f01 10000 100 20480 859706 13996 13959
0b011e01 0b000901 10000 100 51200 855512 18860 16535
0b001101 0b000801 10000 100 20480 864963 10648 9919
0b00ad01 0b004001 10000 100 20480 862774 15646 13959
0b011401 0b00db01 10000 100 2048 871460 12373 12415
0b006001 0b00d501 10000 100 51200 862815 21540 16535
0b012e01 0b008401 10000 100 20480 870884 14007 13959
0b002e01 0b00d801 10000 100 2048 880284 12369 12415
0b001601 0b00e901 10000 100 512000 807811 86114 55166
0b00fc01 0b007601 10000 100 51200 878619 16717 16535
0b00b101 0b011001 10000 100 102400 873950 21660 20827
0b003f01 0b000201 10000 100 512000 657394 239348 51126
0b010b01 0b00d101 10000 100 10240 886313 13276 13101
0b002101 0b00de01 10000 100 204800 856789 48617 29411
0b003601 0b00ee01 10000 100 204800 869957 37584 29411
0b012101 0b004a01 10000 100 10240 896008 13201 13101
0b005201 0b009f01 10000 100 204800 873309 38028 29411
0b006d01 0b000901 10000 100 512000 600371 312744 55166
0b005a01 0b007b01 10000 100 10240 906400 9404 9061
0b002901 0b003301 10001 100 51200 916524 12478 12495
0b004d01 0b012d01 10000 100 5120 919391 13069 12672
0b00bf01 0b00ba01 10000 100 204800 910581 21903 21331
0b008101 0b004a01 10000 100 10240 922803 13258 13101
0b011d01 0b001401 10000 100 1048576 689440 247965 100154
0b004801 0b00b801 10000 100 20480 923705 13934 13959
0b002201 0b010a01 10000 100 102400 911905 29288 20827
0b008201 0b002e01 10000 100 51200 922260 20761 16535
0b009301 0b013c01 10000 100 512000 830947 112410 55166
0b00fb01 0b004601 10000 100 2048 934144 12540 12415
0b00c901 0b00a801 10000 100 102400 917943 31286 20827
0b00e401 0b007a01 10000 100 512000 456740 498489 55166
0b00d901 0b013601 10000 100 51200 938386 17206 16535
0b011b01 0b007601 10000 100 20480 943813 14424 13959
0b012201 0b001d01 10000 100 10240 945422 13379 13101
0b00f001 0b000201 10000 100 1024 952698 12339 12329
0b001a01 0b009b01 10000 100 512000 874513 100109 55166
0b00da01 0b009d01 10000 100 1048576 644815 332287 100154
0b010801 0b008301 10000 100 51200 964422 16927 16535
0b005601 0b008901 10000 100 51200 965092 16683 16535
0b001001 0b010301 10000 100 51200 965784 17107 16535
0b009e01 0b009701 10000 100 2097152 801366 183004 179988
0b00e501 0b013b01 10000 100 512000 889425 96910 55166
0b012601 0b00a201 10000 100 102400 958813 28010 20827
0b001901 0b009101 10000 100 10240 980668 13107 13101
0b013a01 0b007c01 10000 100 204800 973775 29450 29411
0b00ed01 0b00fa01 10000 100 204800 969414 35594 25371
0b001501 0b009701 10000 100 5120 991824 13639 12672
0b00be01 0b002501 10000 100 20480 993668 14184 13959
0b001501 0b011e01 10000 100 204800 957583 51838 29411
0b000e01 0b00c501 10000 100 204800 971329 40116 29411
0b009d01 0b001b01 10000 100 2048 999770 12487 12415
0b009a01 0b006d01 10000 100 102400 993778 21149 20827
0b004501 0b003d01 10000 100 102400 992915 24055 20827
0b006e01 0b007b01 10000 100 20480 1014906 9942 9919
0b00c001 0b012f01 10000 100 51200 1008861 16760 16535
0b00e901 0b00f701 10000 100 1024 1018997 8291 8289
0b00aa01 0b005101 10000 100 102400 1005594 22123 20827
0b00eb01 0b00d201 10000 100 51200 1011759 18376 12495
0b00e801 0b00ca01 10000 100 102400 1015873 16919 16787
0b00a601 0b00a901 10000 100 512000 977526 59587 47086
0b005a01 0b00e601 10000 100 512000 828423 209729 55166
0b002e01 0b000b01 10000 100 2097152 375507 662939 184028
0b005c01 0b00f301 10000 100 20480 1025248 14040 13959
0b000b01 0b00d601 10000 100 2048 1028747 12555 12415
0b00fb01 0b003201 10000 100 204800 948521 94743 29411
0b009d01 0b005501 10000 100 1024 1032123 12270 12329
0b000701 0b000a01 10000 100 51200 1036473 9152 8455
0b003401 0b009a01 10000 100 102400 1027883 21304 20827
0b000901 0b00d401 10000 100 102400 1021161 29354 20827
0b00d701 0b001601 10000 100 204800 1003958 46756 29411
0b008801 0b008401 10000 100 204800 1028585 23956 21331
0b00c001 0b003801 10000 100 102400 1033833 21362 20827
0b013101 0b002701 10000 100 2048 1041042 14314 12415
0b007101 0b003b01 10000 100 51200 1039278 16510 16535
0b010101 0b005701 10000 100 51200 1044306 16800 16535
0b00c201 0b002f01 10000 100 5120 1049421 13130 12672
0b00ab01 0b010f01 10000 100 51200 1051115 17288 16535
0b004e01 0b013b01 10000 100 51200 1054412 16512 16535
0b002301 0b00a901 10000 100 1024 1062919 12270 12329
0b00ba01 0b013801 10000 100 204800 1052393 29671 29411
0b00ff01 0b00a501 10000 100 102400 1063920 21464 20827
0b013001 0b004d01 10000 100 51200 1070760 20761 16535
0b00df01 0b00d701 10000 100 512000 1047654 49036 47086
0b00ae01 0b013901 10000 100 20480 1084724 14050 13959
0b002401 0b004901 10000 100 5120 1088189 12644 12672
0b00cd01 0b009801 10000 100 10240 1089342 13121 13101
0b012901 0b00e001 10001 100 2048 1091678 12405 12415
0b013e01 0b003d01 10000 100 5120 1092616 12915 12672
0b006801 0b006b01 10000 100 102400 1092815 13496 12747
0b00fd01 0b000301 10000 100 10240 1094242 13172 13101
0b006d01 0b001d01 10000 100 204800 1068942 39264 29411
0b010f01 0b009101 10000 100 20480 1090950 17565 13959
0b00c801 0b007501 10000 100 20480 1099670 13987 13959
0b007b01 0b00c901 10000 100 204800 1081085 37287 29411
0b00a601 0b013a01 10000 100 204800 1079344 40405 29411
0b00b101 0b000901 10000 100 102400 1103884 21451 20827
0b004501 0b002101 10000 100 204800 1093608 37106 29411
0b010401 0b004001 10000 100 10240 1118981 13139 13101
0b012f01 0b005001 10000 100 10240 1119807 13081 13101
0b00e101 0b004f01 10000 100 5120 1122303 12632 12672
0b00c301 0b004c01 10000 100 204800 1080056 56076 29411
0b011101 0b006201 10000 100 10240 1125312 13329 13101
0b012f01 0b009b01 10000 100 2048 1130525 12376 12415
0b00c901 0b000001 10000 100 204800 1104628 40877 29411
0b00fc01 0b008701 10000 100 102400 1123883 22182 20827
0b006101 0b003401 10000 100 512000 668767 477301 55166
0b007e01 0b007101 10000 100 204800 1125523 21744 21331
0b00ff01 0b007101 10000 100 2097152 72802 1075881 188068
0b000c01 0b009c01 10000 100 10240 1140381 13237 13101
0b00c001 0b003301 10000 100 10240 1141894 15699 13101
0b00e701 0b010101 10000 100 512000 656898 503293 55166
0b00f101 0b00d401 10000 100 51200 1144704 16630 12495
0b006e01 0b000b01 10000 100 1024 1150006 12270 12329
0b006c01 0b00b701 10000 100 1048576 189416 975747 100154
0b006d01 0b003001 10000 100 10240 1154365 13142 13101
0b006401 0b004601 10000 100 1048576 406769 761553 96114
0b001501 0b013501 10000 100 102400 1139199 30036 20827
0b013e01 0b003401 10000 100 512000 957854 212122 55166
0b010401 0b008a01 10000 100 102400 1150589 21080 20827
0b004901 0b00e401 10000 100 512000 795128 377208 55166
0b010d01 0b003b01 10000 100 102400 1152014 21572 20827
0b002301 0b00ea01 10000 100 204800 1138555 39485 29411
0b011001 0b00fb01 10000 100 102400 1160058 21402 20827
0b002c01 0b004301 10000 100 204800 1127526 54981 29411
0b000001 0b00ac01 10000 100 1048576 651707 531045 100154
0b00f401 0b003c01 10000 100 512000 1077508 113081 55166
0b007201 0b010801 10000 100 204800 1157969 33086 29411
0b012a01 0b004001 10000 100 5120 1180068 12698 12672
0b00c501 0b007d01 10000 100 5120 1182317 12631 12672
0b00fd01 0b000c01 10000 100 51200 1184954 16582 16535
0b008901 0b000701 10000 100 102400 1183060 21404 20827
0b000d01 0b00c701 10000 100 102400 1182455 22210 20827
0b006801 0b007401 10000 100 10240 1205148 9175 9061
0b00e201 0b004301 10000 100 1048576 835864 378940 100154
0b00ca01 0b003c01 10000 100 5120 1211906 12922 12672
0b013801 0b006d01 10000 100 5120 1212725 12635 12672
0b012c01 0b001301 10000 100 102400 1207584 22905 20827
0b007e01 0b009701 10000 100 102400 1215148 20876 20827
0b000001 0b005301 10000 100 1024 1229653 12295 12329
0b002501 0b011601 10000 100 51200 1223612 18595 16535
0b00aa01 0b004701 10000 100 10240 1231660 13139 13101
0b00b001 0b008e01 10000 100 1048576 367922 877474 96114
0b001901 0b00d901 10000 100 2048 1237697 12370 12415
0b00bf01 0b00c901 10000 100 512000 947454 305955 55166
0b005001 0b001401 10000 100 5120 1241013 12699 12672
0b002301 0b00cf01 10000 100 2048 1245662 12378 12415
0b009101 0b002001 10000 100 1048576 616138 642623 100154
0b001901 0b005401 10000 100 20480 1243935 14864 13959
0b011801 0b00e001 10000 100 20480 1248055 14074 13959
0b007601 0b002401 10000 100 5120 1250671 13022 12672
0b00a301 0b011a01 10000 100 102400 1244990 21209 20827
0b005001 0b006e01 10000 100 5120 1261158 10886 8632
0b011001 0b002601 10001 100 20480 1260162 14271 13959
0b001b01 0b00c801 10000 100 204800 1221063 55637 29411
0b00a201 0b00a101 10000 100 51200 1262188 15195 8455
0b013c01 0b008401 10000 100 1048576 592425 686302 100154
0b005101 0b009d01 10000 100 10240 1265050 13940 13101
0b00da01 0b005f01 10000 100 1048576 914375 364689 100154
0b008001 0b012601 10000 100 2048 1267143 12356 12415
0b00af01 0b00d501 10000 100 102400 1255175 24582 20827
0b010201 0b001201 10000 100 51200 1262822 17781 16535
0b009a01 0b00dd01 10000 100 2048 1268526 12401 12415
0b009d01 0b006001 10000 100 20480 1267754 14084 13959
0b00ff01 0b007c01 10000 100 204800 1246981 39400 29411
0b010401 0b001501 10000 100 204800 1248339 38826 29411
0b000f01 0b00e601 10000 100 102400 1268552 21136 20827
0b012f01 0b000e01 10000 100 204800 1236464 54367 29411
0b00e601 0b005d01 10000 100 204800 1263851 30734 29411
0b00e301 0b00e201 10000 100 10240 1290191 5769 5021
0b002001 0b006c01 10000 100 512000 997389 303731 55166
0b002101 0b001501 10000 100 51200 1285115 16751 12495
0b003401 0b008601 10000 100 51200 1288810 16896 16535
0b000401 0b00c601 10000 100 1048576 613553 699171 100154
0b013a01 0b00b401 10000 100 2048 1302851 12606 12415
0b00e301 0b006901 10000 100 204800 1279238 36900 29411
0b013a01 0b006b01 10000 100 102400 1297830 21471 20827
0b011201 0b012801 10000 100 102400 1302039 17609 16787
0b010701 0b009301 10000 100 2048 1308095 12371 12415
0b012b01 0b011101 10000 100 51200 1307042 14697 12495
0b00b401 0b013901 10000 100 51200 1303916 19438 16535
0b006101 0b00f601 10000 100 2097152 374626 952545 188068
0b005501 0b013d01 10000 100 204800 1298129 29535 29411
0b000801 0b011201 10000 100 204800 1297989 29843 29411
0b002401 0b002101 10000 100 5120 1323862 4534 4592
0b004401 0b00ff01 10000 100 2048 1316944 12363 12415
0b011201 0b002401 10000 100 1048576 636902 693308 100154
0b00c301 0b013001 10000 100 102400 1302248 28604 20827
0b00bc01 0b007501 10000 100 51200 1309786 21879 16535
0b013c01 0b007201 10000 100 102400 1293990 37979 20827
0b00eb01 0b005e01 10000 100 10240 1321099 13127 13101
0b013a01 0b00dd01 10000 100 102400 1315519 21140 20827
0b006501 0b012101 10000 100 2048 1326792 12357 12415
0b005e01 0b005101 10000 100 51200 1333124 8628 8455
0b008701 0b012201 10000 100 1048576 540078 803302 100154
0b011401 0b009101 10000 100 5120 1333945 12614 12672
0b010201 0b009101 10000 100 512000 1243624 107087 55166
0b005801 0b004801 10000 100 51200 1335217 16140 12495
0b00fe01 0b008901 10000 100 1048576 416307 939724 100154
0b003801 0b013c01 10000 100 2048 1343664 12368 12415
0b010101 0b00a301 10000 100 10240 1343280 13160 13101
0b013801 0b004901 10000 100 204800 1332304 29484 29411
0b00c801 0b00f601 10000 100 1024 1361393 8229 8289
0b003001 0b002001 10000 100 512000 1177536 192762 51126
0b00f201 0b00be01 10000 100 1024 1359154 12337 12329
0b003701 0b00ad01 10000 100 20480 1361243 14429 13959
0b009e01 0b002f01 10000 100 10240 1362272 13564 13101
0b00e101 0b002701 10000 100 5120 1366075 13058 12672
0b00bf01 0b00fd01 10000 100 51200 1367977 19184 16535
0b010801 0b011d01 10000 100 20480 1385230 9954 9919
0b005d01 0b00ee01 10000 100 102400 1377004 22069 20827
0b001801 0b00c501 10000 100 20480 1386880 15699 13959
0b00f201 0b004701 10000 100 5120 1393698 12886 12672
0b001401 0b012b01 10000 100 5120 1397442 12698 12672
0b002301 0b001501 10000 100 102400 1393188 19105 16787
0b001e01 0b000501 10000 100 204800 1385373 27808 25371
0b00ed01 0b00eb01 10000 100 102400 1404766 13038 12747
0b00be01 0b00b101 10000 100 204800 1394779 23986 21331
0b00c301 0b00fc01 10000 100 20480 1412337 10988 9919
0b006f01 0b002501 10000 100 10240 1412255 13099 13101
0b00e901 0b00bc01 10000 100 5120 1414562 12786 12672
0b00c501 0b001701 10000 100 10240 1416726 13424 13101
0b004401 0b00b201 10000 100 20480 1416703 13925 13959
0b009501 0b006101 10000 100 512000 1310701 122063 55166
0b00df01 0b003101 10000 100 1024 1422487 12270 12329
0b009401 0b001701 10000 100 5120 1423743 12727 12672
0b00fb01 0b00f001 10000 100 5120 1436093 4552 4592
0b001401 0b00eb01 10000 100 102400 1423177 21624 20827
0b008d01 0b002c01 10000 100 102400 1424535 23312 20827
0b010d01 0b012d01 10000 100 1048576 1159803 288723 96114
0b00bc01 0b00be01 10000 100 512000 1402582 53039 47086
0b003301 0b003501 10000 100 5120 1461166 4587 4592
0b012001 0b005101 10001 100 102400 1447462 23256 20827
0b002401 0b007801 10000 100 5120 1461108 12786 12672
0b00ad01 0b005201 10000 100 5120 1463736 12743 12672
0b011a01 0b003b01 10000 100 20480 1469038 14725 13959
0b00d801 0b011b01 10000 100 20480 1470037 13986 13959
0b010001 0b006101 10000 100 204800 1439444 45600 29411
0b011501 0b00ac01 10000 100 512000 1327323 160602 55166
0b004001 0b000701 10000 100 5120 1477114 12656 12672
0b008901 0b005f01 10000 100 1048576 656998 833954 100154
0b002201 0b00c401 10000 100 10240 1478497 15102 13101
0b002501 0b011c01 10000 100 102400 1484597 21792 20827
0b006e01 0b00f401 10000 100 102400 1487798 27390 20827
0b00d301 0b004701 10000 100 204800 1485954 41616 29411
0b006201 0b00f501 10000 100 1048576 712203 824253 100154
0b009b01 0b006d01 10000 100 1048576 704706 839292 100154
0b002201 0b00b401 10000 100 1048576 903508 643579 100154
0b004001 0b001801 10000 100 2097152 241138 1311438 188068
0b00f601 0b009901 10000 100 1048576 966979 602195 100154
0b00a201 0b00ac01 10000 100 2097152 1222011 348307 179988
0b00e301 0b00cb01 10000 100 512000 1364200 237547 51126
0b006701 0b012d01 10000 100 2097152 239065 1365969 188068
0b008701 0b007001 10000 100 1048576 871067 739914 100154
0b007b01 0b012201 10000 100 5242880 39316 1593045 451803
0b002201 0b003001 10000 100 1048576 1180618 492132 96114
0b00c301 0b00c001 10000 100 5242880 816184 859508 443723
0b012101 0b008d01 10000 100 2097152 192966 1484977 188068
0b000601 0b007701 10000 100 1048576 961579 721865 100154
0b00da01 0b007101 10000 100 512000 1400729 286042 55166
0b010701 0b002c01 10000 100 1048576 596368 1145329 100154
0b00a701 0b008b01 10000 100 1048576 1061543 706714 96114
0b004401 0b013301 10000 100 512000 1056321 713062 55166
0b00eb01 0b013e01 10000 100 1048576 571770 1221993 100154
0b00fb01 0b005401 10000 100 1048576 1201164 596369 100154
0b00e101 0b00d201 10000 100 1048576 1199561 602539 96114
0b00fb01 0b007501 10000 100 1048576 941930 901027 100154
0b012d01 0b012301 10000 100 5242880 1151894 721382 443723
0b005801 0b00fd01 10000 100 512000 1459351 442827 55166
0b012701 0b003301 10000 100 1048576 1133560 769635 100154
0b005c01 0b00ca01 10000 100 1048576 628831 1277272 100154
0b006701 0b010401 10000 100 1048576 978562 938289 100154
0b00b101 0b008501 10000 100 1048576 1235346 694433 96114
0b010a01 0b010901 10000 100 5242880 1472891 461866 443723
0b011001 0b002601 10000 100 1048576 870988 1068411 100154
0b013601 0b00c601 10000 100 2097152 841861 1167404 188068
0b013e01 0b013501 10000 100 5242880 1268040 792853 443723
0b00f401 0b006401 10000 100 512000 1133874 945836 55166
0b011801 0b000801 10000 100 2097152 544456 1585640 188068
0b009b01 0b001201 10000 100 1048576 1312568 834965 100154
0b013901 0b011d01 10000 100 2097152 808799 1399728 184028
0b011501 0b002601 10000 100 1048576 905589 1308869 100154
0b00f701 0b000a01 10000 100 1048576 1040839 1173815 100154
0b00bc01 0b009501 10000 100 1048576 1037680 1178056 96114
0b012a01 0b00f401 10000 100 512000 1489567 750708 55166
0b000401 0b006001 10000 100 1048576 809273 1438051 100154
0b006701 0b00fe01 10000 100 1048576 1060846 1254715 100154
0b00c901 0b008301 10000 100 1048576 893559 1431686 100154
0b009201 0b001601 10000 100 1048576 372123 1967370 100154
0b008f01 0b009d01 10000 100 1048576 1370178 989268 96114
0b002201 0b002a01 10000 100 10485760 1368314 1010233 883287
0b011501 0b012101 10000 100 2097152 1217659 1190059 184028
0b000201 0b010d01 10000 100 1048576 796906 1620668 100154
0b006401 0b00be01 10000 100 2097152 682072 1767494 188068
0b002b01 0b002f01 10000 100 10485760 843453 1635845 883287
0b003701 0b001a01 10000 100 1048576 1380586 1111940 96114
0b002601 0b000101 10001 100 2097152 1438433 1075043 184028
0b00ba01 0b004401 10000 100 1048576 1247583 1321762 100154
0b00e201 0b012301 10000 100 2097152 897429 1681267 188068
0b010101 0b00ee01 10000 100 2097152 431520 2160380 188068
0b007501 0b013001 10000 100 2097152 1167627 1452328 188068
0b00c301 0b007901 10000 100 2097152 635971 1984381 188068
0b00f601 0b004001 10000 100 2097152 627130 1998784 188068
0b007601 0b007201 10000 100 10485760 960887 1688780 883287
0b00d401 0b006c01 10000 100 1048576 1072826 1595203 100154
0b00bb01 0b00b701 10000 100 10485760 307847 2373238 883287
0b00cc01 0b007401 10000 100 2097152 496027 2186342 188068
0b00d201 0b00cb01 10000 100 5242880 935642 1752496 447763
0b00c401 0b00be01 10000 100 2097152 261666 2433468 188068
0b00ad01 0b004c01 10000 100 2097152 829424 1920449 188068
0b00c301 0b004701 10000 100 2097152 795791 2004591 188068
0b003201 0b006a01 10000 100 2097152 635244 2169691 188068
0b007c01 0b00ec01 10000 100 2097152 597088 2223936 188068
0b003301 0b00aa01 10000 100 2097152 456385 2433599 188068
0b001101 0b011b01 10000 100 1048576 1304056 1612332 100154
0b001601 0b00e001 10000 100 1048576 606339 2326743 100154
0b00dd01 0b003901 10000 100 2097152 571726 2465176 188068
0b005a01 0b000401 10000 100 2097152 624977 2438110 188068
0b00bf01 0b00e101 10000 100 2097152 1065898 2015263 188068
0b00ea01 0b000401 10000 100 2097152 1377584 1771245 188068
0b006301 0b001101 10000 100 2097152 1337050 1855030 188068
0b00d301 0b00db01 10000 100 10485760 1491649 1702019 883287
0b00d201 0b002001 10000 100 2097152 446417 2764455 188068
0b00aa01 0b006601 10000 100 2097152 866130 2417433 188068
0b009a01 0b002301 10000 100 2097152 472381 2839607 188068
0b000301 0b00ac01 10000 100 1048576 839386 2522018 100154
0b008401 0b00af01 10000 100 5242880 231263 3133810 447763
0b003f01 0b010201 10000 100 2097152 812161 2581903 188068
0b004901 0b007b01 10000 100 5242880 128166 3316363 447763
0b013001 0b012b01 10000 100 2097152 1466096 1980254 184028
0b000901 0b000e01 10000 100 20000000 481667 3013762 1680960
0b00c101 0b006801 10000 100 5242880 26666 3482313 451803
0b00b401 0b00b901 10000 100 10485760 1081076 2443059 883287
0b00c101 0b001101 10000 100 5242880 965623 2602406 451803
0b011101 0b00ed01 10000 100 2097152 1079785 2490758 188068
0b012001 0b005101 10000 100 2097152 1045265 2608648 188068
0b013201 0b007b01 10000 100 2097152 1173241 2652618 188068
0b00f301 0b008c01 10000 100 2097152 545878 3369558 188068
0b002101 0b002701 10000 100 20000000 956856 2974794 1680960
0b00bb01 0b00f201 10000 100 2097152 1294339 2681690 188068
0b00a801 0b00c201 10000 100 2097152 1121636 2870988 188068
0b011f01 0b00f201 10000 100 2097152 456505 3584322 188068
0b000301 0b00f901 10000 100 2097152 750285 3327538 188068
0b00d901 0b00a601 10000 100 2097152 420483 3733632 188068
0b00b901 0b002001 10000 100 1048576 927906 3239789 100154
0b005401 0b009a01 10000 100 2097152 571779 3603421 188068
0b00e401 0b010a01 10000 100 2097152 601541 3674792 188068
0b001101 0b002b01 10000 100 2097152 1262270 3108926 184028
0b00af01 0b002f01 10000 100 2097152 583383 4004577 188068
0b007201 0b002001 10000 100 5242880 6789 4589640 451803
0b00bf01 0b010f01 10000 100 2097152 1370817 3268196 188068
0b009401 0b00bb01 10000 100 5242880 229039 4422162 447763
0b011a01 0b011101 10000 100 20000000 930752 3738360 1680960
0b008701 0b003501 10000 100 2097152 765849 3918140 188068
0b00ff01 0b001701 10000 100 5242880 13176 4705329 451803
0b00f701 0b003c01 10000 100 2097152 1188295 3537814 188068
0b006301 0b010801 10000 100 2097152 500045 4281056 188068
0b001501 0b001f01 10000 100 20000000 640920 4353811 1680960
0b012401 0b003301 10000 100 5242880 1459493 3553491 451803
0b000e01 0b003d01 10000 100 2097152 196884 4922913 184028
0b005001 0b013e01 10000 100 2097152 1156984 3966042 188068
0b002601 0b005e01 10000 100 2097152 1478212 3711137 188068
0b011e01 0b003201 10000 100 2097152 1052175 4337180 188068
0b004d01 0b004501 10000 100 20000000 717746 4688755 1680960
0b009601 0b00a501 10000 100 5242880 1234354 4277286 447763
0b010b01 0b00c101 10000 100 5242880 385804 5137336 451803
0b006b01 0b009f01 10000 100 2097152 1126012 4500855 188068
0b00f401 0b005601 10000 100 2097152 605720 5089743 188068
0b005201 0b005101 10000 100 20000000 1491043 4322539 1680960
0b003a01 0b003201 10000 100 10485760 337413 5499077 883287
0b00ef01 0b000201 10000 100 2097152 824762 5016920 188068
0b007f01 0b007801 10000 100 20000000 724648 5159759 1680960
0b011201 0b005a01 10000 100 5242880 1430452 4532450 451803
0b00ba01 0b00d101 10000 100 5242880 74727 5983489 451803
0b001101 0b001601 10000 100 20000000 146811 5947679 1680960
0b010601 0b00f801 10000 100 5242880 564902 5581269 451803
0b00f701 0b00c601 10000 100 5242880 1178781 5049999 447763
0b012401 0b00e301 10000 100 2097152 1166158 5146599 188068
0b007301 0b011901 10000 100 5242880 558739 5790237 451803
0b000001 0b002c01 10000 100 10485760 25697 6353034 887327
0b00b301 0b00f301 10000 100 5242880 280443 6125774 451803
0b002401 0b00a701 10000 100 2097152 1092768 5440382 188068
0b002601 0b001101 10000 100 2097152 895417 5811189 184028
0b006f01 0b00fe01 10000 100 5242880 86029 6708337 451803
0b007801 0b008f01 10000 100 2097152 583397 6316660 188068
0b00a601 0b004401 10000 100 2097152 889849 6178268 188068
0b006601 0b00ad01 10000 100 2097152 1486635 5593649 188068
0b00a501 0b00da01 10000 100 5242880 1261282 5822837 451803
0b003101 0b00de01 10000 100 5242880 244640 6956337 451803
0b009d01 0b011a01 10000 100 5242880 33166 7191062 451803
0b005101 0b013601 10000 100 2097152 627759 6669224 188068
0b001701 0b00fe01 10000 100 5242880 163273 7191229 451803
0b003d01 0b001b01 10000 100 5242880 1408951 5952107 447763
0b002301 0b00ec01 10000 100 5242880 1324267 6157713 451803
0b005401 0b00ff01 10001 100 5242880 1148289 6383846 451803
0b00e901 0b003701 10000 100 5242880 1059606 6478872 451803
0b00bd01 0b00f701 10000 100 5242880 482355 7058913 451803
0b006801 0b00de01 10000 100 5242880 74441 7610993 451803
0b002001 0b009001 10000 100 2097152 173281 7524208 188068
0b00a101 0b009d01 10000 100 10485760 1462622 6253536 887327
0b002701 0b00cc01 10000 100 2097152 417673 7370051 188068
0b00a101 0b00c001 10000 100 5242880 1108784 6877435 451803
0b007301 0b010f01 10000 100 5242880 553701 8212968 451803
0b009801 0b009501 10000 100 20000000 363085 8405173 1680960
0b00fa01 0b00cf01 10000 100 10485760 516046 8261821 887327
0b012301 0b004c01 10000 100 5242880 374150 8634185 451803
0b003e01 0b005501 10000 100 5242880 860713 8163669 451803
0b00b701 0b00a301 10000 100 10485760 1288618 7748703 887327
0b005a01 0b006901 10000 100 5242880 1443704 7650127 447763
0b007301 0b00b101 10000 100 5242880 667549 8472165 451803
0b012501 0b00db01 10000 100 5242880 1024071 8174931 451803
0b006801 0b00c901 10000 100 5242880 599251 8711754 451803
0b00fc01 0b011701 10000 100 5242880 1423451 7938372 451803
0b007301 0b001c01 10000 100 10485760 148882 9259322 891367
0b009701 0b00d901 10000 100 5242880 204209 9370223 451803
0b00b501 0b00c301 10000 100 5242880 1155847 8719687 451803
0b012201 0b009601 10000 100 5242880 659578 9445065 451803
0b013d01 0b011001 10000 100 10485760 412817 9705944 887327
0b00aa01 0b000901 10000 100 10485760 698137 9528150 891367
0b000301 0b005c01 10000 100 5242880 709090 9533944 451803
0b00ef01 0b00cc01 10000 100 5242880 461337 9842825 447763
0b012201 0b002901 10000 100 10485760 513904 9855368 891367
0b013a01 0b00ee01 10000 100 5242880 1410227 9070009 451803
0b012c01 0b00bf01 10000 100 5242880 924833 9599724 451803
0b010b01 0b005e01 10000 100 5242880 354433 10254680 451803
0b001001 0b011701 10000 100 5242880 692544 10128384 451803
0b00ca01 0b013a01 10000 100 5242880 1138436 9724225 451803
0b013a01 0b00d901 10001 100 5242880 1218342 9861294 451803
0b013001 0b00df01 10000 100 5242880 1030111 10110953 451803
0b00d301 0b000501 10000 100 10485760 978885 10461782 891367
0b005c01 0b000201 10000 100 5242880 899776 10569800 451803
0b013d01 0b002801 10000 100 5242880 602430 11148045 451803
0b005c01 0b004f01 10000 100 20000000 1460431 10347717 1685000
0b00e401 0b012e01 10000 100 5242880 534074 11359415 451803
0b012401 0b00be01 10000 100 5242880 841697 11136117 451803
0b000c01 0b001d01 10000 100 5242880 906393 11188199 447763
0b003a01 0b010d01 10000 100 5242880 657364 11443213 451803
0b007401 0b004601 10000 100 10485760 883051 11437890 887327
0b007801 0b011901 10000 100 5242880 965214 11372945 451803
0b012c01 0b00eb01 10000 100 10485760 351264 12212773 891367
0b002d01 0b005601 10000 100 10485760 214541 12358956 891367
0b001801 0b013301 10000 100 10485760 1217402 11485511 891367
0b004c01 0b00d501 10001 100 10485760 843448 12298492 891367
0b013301 0b005d01 10000 100 5242880 1491254 11691086 451803
0b000501 0b010001 10000 100 5242880 464507 12842253 451803
0b00e501 0b010501 10000 100 10485760 129528 13307264 891367
0b008f01 0b012d01 10000 100 5242880 965767 12680470 451803
0b009201 0b010401 10000 100 5242880 1475201 12239101 451803
0b010c01 0b002001 10000 100 10485760 514952 13228908 891367
0b008401 0b00fe01 10000 100 10485760 1258779 13005361 891367
0b002d01 0b011601 10000 100 5242880 863830 13402967 451803
0b001901 0b005401 10001 100 10485760 1393941 12936459 891367
0b001f01 0b00df01 10000 100 5242880 1024125 13403602 451803
0b003c01 0b00d501 10000 100 10485760 477153 14280709 891367
0b00a001 0b00c301 10000 100 5242880 1208015 13630614 451803
0b000c01 0b007801 10000 100 5242880 74279 14768478 451803
0b001501 0b006201 10000 100 10485760 545708 14499827 891367
0b008501 0b009001 10000 100 10485760 294321 14878906 887327
0b00e601 0b005101 10000 100 5242880 625947 14822176 451803
0b004201 0b012d01 10000 100 5242880 1079050 14502710 451803
0b010001 0b007e01 10000 100 20000000 491498 15120570 1689040
0b010a01 0b007801 10000 100 5242880 1047673 14573169 451803
0b00ae01 0b00bd01 10000 100 20000000 1490978 14137595 1685000
0b00d601 0b011b01 10000 100 10485760 1488083 14314766 891367
0b00f101 0b013001 10000 100 5242880 602931 15565829 451803
0b012401 0b013201 10000 100 20000000 511258 15869906 1685000
0b00e001 0b008101 10000 100 10485760 1482253 14946720 891367
0b006201 0b00a601 10000 100 10485760 1040094 15394733 891367
0b00fa01 0b006301 10000 100 5242880 523392 16016125 451803
0b009c01 0b002101 10000 100 10485760 594860 16151088 891367
0b00ad01 0b005901 10000 100 10485760 538438 16259857 891367
0b00e901 0b012301 10000 100 10485760 1035305 16342527 891367
0b003e01 0b005b01 10000 100 10485760 1104312 16668287 891367
0b00c301 0b006501 10000 100 10485760 468346 17400194 891367
0b007901 0b004701 10000 100 20000000 1092131 16879961 1685000
0b002601 0b000101 10000 100 10485760 1101135 17467210 887327
0b00ff01 0b008501 10000 100 10485760 1199968 17644268 891367
0b005601 0b007801 10000 100 20000000 1133518 17746075 1685000
0b001501 0b008701 10000 100 10485760 865740 18218901 891367
0b002b01 0b00e101 10000 100 10485760 1304899 17788474 891367
0b006b01 0b005c01 10000 100 10485760 1354622 17749111 887327
0b002a01 0b010901 10000 100 10485760 714276 18514758 891367
0b006201 0b004301 10000 100 20000000 223389 19074073 1685000
0b010301 0b004801 10000 100 10485760 1297813 18034370 891367
0b001301 0b00cb01 10000 100 10485760 323865 19117639 891367
0b004c01 0b00d501 10000 100 10485760 83881 19436430 891367
0b003201 0b00d201 10000 100 10485760 1314340 18220966 891367
0b013501 0b004401 10000 100 5242880 1267897 18362907 451803
0b002e01 0b011801 10000 100 10485760 178266 19472440 891367
0b001f01 0b007e01 10000 100 5242880 14527 19738050 451803
0b008501 0b007301 10000 100 10485760 1069337 18714027 891367
0b010c01 0b013001 10000 100 10485760 265666 19981385 887327
0b008501 0b00a601 10000 100 20000000 1374290 19154508 1685000
0b00f101 0b011501 10000 100 10485760 890623 19784574 891367
0b012601 0b00ed01 10000 100 10485760 927204 19770905 891367
0b013301 0b004601 10000 100 10485760 852765 19881838 891367
0b013d01 0b00e001 10000 100 20000000 1417272 19796266 1689040
0b002701 0b006901 10000 100 5242880 452660 20976439 451803
0b005901 0b007601 10000 100 20000000 910074 20571483 1685000
0b002401 0b007501 10000 100 10485760 1295336 20256149 891367
0b00f701 0b002901 10000 100 20000000 1459781 20620805 1689040
0b008201 0b011101 10000 100 10485760 919175 21267370 891367
0b002b01 0b003d01 10000 100 20000000 524282 21846817 1685000
0b005801 0b003101 10000 100 10485760 850901 21820781 891367
0b012801 0b013701 10000 100 20000000 150070 22542181 1685000
0b00b101 0b001101 10000 100 20000000 314304 22436461 1689040
0b005201 0b00cc01 10000 100 20000000 416650 22418988 1689040
0b003f01 0b00da01 10000 100 5242880 933824 21970145 451803
0b009401 0b011901 10000 100 20000000 450602 22814206 1689040
0b00b401 0b013a01 10000 100 10485760 773530 22754753 891367
0b008d01 0b005c01 10000 100 20000000 234521 23377659 1689040
0b002a01 0b001d01 10000 100 20000000 36523 23754373 1685000
0b00d901 0b005d01 10000 100 10485760 280780 23896492 891367
0b012201 0b00fb01 10000 100 20000000 99881 25016048 1689040
0b00e101 0b005d01 10000 100 20000000 988347 24227712 1689040
0b004801 0b006801 10000 100 10485760 298418 25578439 887327
0b008101 0b000b01 10000 100 10485760 846406 25031684 891367
0b00ae01 0b010801 10000 100 10485760 566699 25485889 891367
0b007601 0b012601 10000 100 20000000 872298 25325288 1689040
0b00a901 0b000501 10000 100 20000000 195625 26259581 1689040
0b00d001 0b003501 10000 100 10485760 1381047 25443401 891367
0b00a001 0b001f01 10000 100 5242880 373197 26487364 451803
0b00be01 0b007e01 10000 100 20000000 768892 26096362 1689040
0b006101 0b013e01 10000 100 10485760 688632 26193844 891367
0b007a01 0b012b01 10000 100 20000000 1218654 25801769 1689040
0b00bf01 0b00fc01 10000 100 20000000 644780 26384496 1689040
0b00c801 0b012501 10000 100 20000000 61561 26977260 1689040
0b006a01 0b013601 10000 100 20000000 428987 26864926 1689040
0b008301 0b00d701 10000 100 20000000 623746 27500505 1689040
0b003501 0b000101 10000 100 20000000 1286512 27129166 1685000
0b007401 0b009a01 10000 100 20000000 489510 27943489 1689040
0b000201 0b001201 10000 100 10485760 147314 28308801 887327
0b00f701 0b00b901 10000 100 20000000 511290 28729638 1689040
0b00c901 0b00a701 10000 100 20000000 369027 29125039 1689040
0b003601 0b00e801 10000 100 20000000 512843 29146890 1689040
0b009d01 0b00e001 10000 100 10485760 747682 29100113 891367
0b00c101 0b003c01 10000 100 20000000 560964 29424332 1689040
0b007201 0b00ab01 10000 100 20000000 1377013 28639385 1689040
0b00f701 0b005201 10000 100 20000000 166806 30000922 1689040
0b00f201 0b001701 10000 100 20000000 1119154 30180274 1689040
0b009b01 0b005001 10000 100 10485760 1177882 30142857 891367
0b00f601 0b007701 10000 100 10485760 569501 30903183 891367
0b00c401 0b00a001 10000 100 20000000 233291 31314183 1689040
0b004101 0b00a401 10000 100 10485760 207800 31519213 891367
0b00fa01 0b009001 10000 100 10485760 1392730 30359905 891367
0b013e01 0b001001 10000 100 10485760 197534 32287017 891367
0b00cc01 0b013701 10000 100 10485760 1100780 31835546 891367
0b003f01 0b005d01 10000 100 10485760 339500 33093091 891367
0b00db01 0b002601 10000 100 20000000 541331 32921749 1689040
0b007201 0b002801 10000 100 10485760 595733 33058961 891367
0b00eb01 0b002001 10000 100 20000000 326623 33575664 1689040
0b00ae01 0b001201 10000 100 20000000 1182754 32735331 1689040
0b000601 0b00fd01 10000 100 20000000 486546 33949310 1689040
0b006c01 0b00ae01 10000 100 10485760 883283 33870066 891367
0b006001 0b002f01 10000 100 20000000 774975 34128750 1689040
0b005e01 0b008d01 10000 100 10485760 1397088 33517239 891367
0b009701 0b00fa01 10000 100 20000000 881875 34199861 1689040
0b008e01 0b000201 10000 100 20000000 26410 35223978 1689040
0b002501 0b013501 10000 100 20000000 734394 34516718 1689040
0b012501 0b010301 10000 100 20000000 189601 35112882 1685000
0b001801 0b012901 10000 100 20000000 1380174 34245671 1689040
0b010401 0b006c01 10000 100 10485760 1430031 34226222 891367
0b008901 0b012601 10000 100 20000000 1420781 34248208 1689040
0b009601 0b011f01 10000 100 20000000 1112722 34731008 1689040
0b00f101 0b007901 10000 100 20000000 217345 35702179 1689040
0b007a01 0b00a101 10000 100 20000000 1415641 34627114 1689040
0b009b01 0b000201 10000 100 20000000 799266 35366564 1689040
0b00c201 0b008901 10000 100 20000000 661350 36032996 1689040
0b004701 0b003001 10000 100 20000000 255847 37173426 1689040
0b00f301 0b002601 10000 100 20000000 976857 36466543 1689040
0b001301 0b012701 10000 100 20000000 465702 37024558 1689040
0b009101 0b002b01 10000 100 20000000 827470 38043479 1689040
0b005801 0b00ef01 10000 100 20000000 1400247 37649525 1689040
0b00eb01 0b008b01 10000 100 20000000 1074082 38024134 1689040
0b000701 0b008b01 10000 100 20000000 1243806 38519113 1689040
0b004901 0b00f101 10000 100 10485760 16754 40413769 891367
0b001401 0b000301 10000 100 20000000 449586 40027853 1685000
0b008601 0b013101 10000 100 10485760 1462224 39032773 891367
0b003401 0b004501 10000 100 10485760 510572 40102343 891367
0b008401 0b009501 10000 100 10485760 748257 40585945 887327
0b010401 0b00ee01 10000 100 20000000 255086 41770891 1689040
0b004901 0b009f01 10000 100 20000000 518379 41636644 1689040
0b00cf01 0b00d501 10000 100 20000000 1102469 41344228 1685000
0b00d101 0b001f01 10000 100 10485760 1473810 40978265 891367
0b00e101 0b000301 10000 100 20000000 736489 41880974 1689040
0b007d01 0b00d601 10000 100 20000000 1010519 41824723 1689040
0b013401 0b003901 10000 100 10485760 896863 42788987 891367
0b00e701 0b00b001 10000 100 10485760 382628 43571902 891367
0b004601 0b00df01 10000 100 20000000 1215555 42759821 1689040
0b00f201 0b006401 10000 100 20000000 1335947 42667066 1689040
0b011401 0b000601 10000 100 20000000 307754 44245597 1689040
0b002901 0b005201 10000 100 10485760 100321 44531734 891367
0b006001 0b00a601 10000 100 10485760 565790 44392618 891367
0b009701 0b003301 10000 100 20000000 1303614 43804785 1689040
0b013c01 0b003201 10000 100 20000000 938422 44743775 1689040
0b00b901 0b005101 10000 100 10485760 627941 45265872 891367
0b000101 0b009501 10000 100 20000000 1201232 44868651 1689040
0b006501 0b00e001 10000 100 20000000 53726 46312103 1689040
0b008801 0b010f01 10000 100 20000000 921211 45736391 1689040
0b010601 0b004501 10000 100 20000000 334319 46354017 1689040
0b00b801 0b008c01 10000 100 20000000 755498 46192538 1685000
0b00a801 0b001b01 10000 100 10485760 996345 46469662 891367
0b008401 0b00ce01 10000 100 20000000 1078994 46967674 1689040
0b002c01 0b00b701 10000 100 20000000 1032535 47800426 1689040
0b000001 0b00ae01 10000 100 20000000 568594 48400319 1689040
0b011701 0b007a01 10000 100 20000000 709882 48351177 1689040
0b00ea01 0b012901 10000 100 20000000 1210590 48571895 1689040
0b011d01 0b010f01 10000 100 20000000 1066169 48738081 1685000
0b00cc01 0b000601 10000 100 20000000 1107373 49248712 1689040
0b001401 0b013701 10000 100 20000000 1196449 49291492 1689040
0b002201 0b00c701 10000 100 20000000 1127228 50281085 1689040
0b00e601 0b00b701 10000 100 20000000 296822 51395997 1689040
0b011301 0b00b901 10000 100 20000000 1308925 51565641 1689040
0b011101 0b008101 10000 100 10485760 851385 52161929 891367
0b000301 0b013101 10000 100 20000000 375517 52776849 1689040
0b003201 0b011101 10000 100 20000000 57911 55416495 1689040
0b00fd01 0b013301 10000 100 20000000 655417 54978677 1689040
0b00de01 0b008701 10000 100 20000000 675766 55961596 1689040
0b004a01 0b00ee01 10000 100 20000000 512975 56156238 1689040
0b012901 0b002701 10000 100 20000000 250379 59526511 1689040
0b003301 0b00cf01 10000 100 20000000 948415 61399345 1689040
0b00ba01 0b013f01 10000 100 20000000 1095533 62243866 1689040
0b009501 0b005b01 10000 100 20000000 1122064 63982727 1689040
0b006701 0b008201 10000 100 20000000 660981 67361126 1689040
0b003701 0b012001 10000 100 20000000 856557 67382126 1689040
0b004301 0b00b201 10000 100 20000000 993317 67319686 1689040
0b005401 0b00ff01 10000 100 20000000 511405 68235070 1689040
0b013301 0b009201 10000 100 20000000 451014 69441940 1689040
0b00a601 0b004d01 10000 100 20000000 942376 68994728 1689040
0b001301 0b007201 10000 100 20000000 664610 69650994 1689040
0b012001 0b008501 10000 100 20000000 744156 69736222 1689040
0b00d601 0b010801 10000 100 20000000 703578 71016431 1689040
0b011f01 0b00fb01 10000 100 20000000 393145 72186137 1689040
0b00b201 0b000a01 10000 100 20000000 15014 73616181 1689040
0b00e701 0b013001 10000 100 20000000 607055 73330397 1689040
0b00cd01 0b006f01 10000 100 20000000 545175 73438520 1689040
0b006b01 0b011f01 10000 100 20000000 1094151 73394229 1689040
0b00e401 0b011f01 10000 100 20000000 309354 74302821 1689040
0b004f01 0b009e01 10000 100 20000000 830834 74181596 1689040
0b005101 0b00d401 10000 100 20000000 1135488 76094765 1689040
0b00b301 0b010601 10000 100 20000000 571331 77123797 1689040
0b012d01 0b00a601 10000 100 20000000 921612 77541509 1689040
0b00a101 0b012101 10000 100 20000000 473473 78141690 1689040
0b012001 0b00a101 10000 100 20000000 96989 79429814 1689040
0b002c01 0b007a01 10000 100 20000000 1383983 81202182 1689040
0b010201 0b008901 10000 100 20000000 1296059 81629982 1689040
0b011401 0b002401 10000 100 20000000 1198786 82559957 1689040
0b001c01 0b006301 10000 100 20000000 888140 83010016 1689040
0b003601 0b013101 10000 100 20000000 74303 84188872 1689040
0b013301 0b004e01 10000 100 20000000 896270 83539336 1689040
0b001b01 0b010a01 10000 100 20000000 1187530 83352542 1689040
0b009301 0b006101 10000 100 20000000 312439 84666069 1689040
0b006001 0b00e001 10000 100 20000000 603071 85026501 1689040
0b005101 0b003001 10000 100 20000000 272893 85860607 1689040
0b00a201 0b00f701 10000 100 20000000 809671 86133604 1689040
0b007c01 0b008601 10000 100 20000000 476295 86772913 1689040
0b004001 0b002d01 10000 100 20000000 1197163 86267174 1689040
0b001701 0b00a601 10000 100 20000000 846268 88258732 1689040
0b012a01 0b005001 10000 100 20000000 1253858 88971156 1689040
0b008001 0b004801 10000 100 20000000 1004151 90671378 1689040
0b009b01 0b010701 10000 100 20000000 574281 91601180 1689040
0b011f01 0b00fe01 10000 100 20000000 791751 92059940 1689040
0b009e01 0b011401 10000 100 20000000 1046073 92029317 1689040
0b00aa01 0b006101 10000 100 20000000 1430085 93506478 1689040
0b010d01 0b007401 10000 100 20000000 1250033 94096031 1689040
0b00f901 0b000a01 10000 100 20000000 461580 95809533 1689040
0b00f601 0b008401 10000 100 20000000 609035 95972023 1689040
0b000501 0b00b401 10000 100 20000000 215863 96385456 1689040
0b00fc01 0b000a01 10000 100 20000000 652270 96008601 1689040
0b007601 0b00a601 10000 100 20000000 393744 99550469 1689040
0b002701 0b013101 10000 100 20000000 52797 101399336 1689040
0b007a01 0b003e01 10000 100 20000000 612851 101781832 1689040
0b00d701 0b00ac01 10000 100 20000000 399866 111057335 1689040
