0b000f01 0b000101 10000 100 5000000 2000000000 105999241 423360
0b000e01 0b000101 10000 100 5000000 2000000000 106019659 423360
0b000d01 0b000101 10000 100 5000000 2000000000 106034765 423360
0b000c01 0b000101 10000 100 5000000 2000000000 106054104 423360
0b000b01 0b000101 10000 100 5000000 2000000000 106068048 423360
0b000a01 0b000101 10000 100 5000000 2000000000 106088964 423360
0b000901 0b000101 10000 100 5000000 2000000000 106101580 423360
0b000801 0b000101 10000 100 5000000 2000000000 106121168 423360
0b000701 0b000101 10000 100 5000000 2000000000 106136523 423360
0b000601 0b000101 10000 100 5000000 2000000000 106155364 423360
0b000501 0b000101 10000 100 5000000 2000000000 106169474 423360
0b001001 0b000101 10000 100 5000000 2000000000 112939711 427400
0b002201 0b000101 10000 100 5000000 2000000000 112940043 427400
0b003301 0b000101 10000 100 5000000 2000000000 112940292 427400
0b001101 0b000101 10000 100 5000000 2000000000 112941039 427400
0b002701 0b000101 10000 100 5000000 2000000000 112941288 427400
0b003401 0b000101 10000 100 5000000 2000000000 112941869 427400
0b001601 0b000101 10000 100 5000000 2000000000 112942284 427400
0b002a01 0b000101 10000 100 5000000 2000000000 112944359 427400
0b001701 0b000101 10000 100 5000000 2000000000 112947596 427400
0b002301 0b000101 10000 100 5000000 2000000000 112950750 427400
0b002601 0b000101 10000 100 5000000 2000000000 112950999 427400
0b002801 0b000101 10000 100 5000000 2000000000 112951663 427400
0b001401 0b000101 10000 100 5000000 2000000000 112954319 427400
0b003101 0b000101 10000 100 5000000 2000000000 112955066 427400
0b001e01 0b000101 10000 100 5000000 2000000000 112955564 427400
0b003801 0b000101 10000 100 5000000 2000000000 112955813 427400
0b002001 0b000101 10000 100 5000000 2000000000 112956560 427400
0b002101 0b000101 10000 100 5000000 2000000000 112956809 427400
0b002501 0b000101 10000 100 5000000 2000000000 112957390 427400
0b002c01 0b000101 10000 100 5000000 2000000000 112957722 427400
0b002e01 0b000101 10000 100 5000000 2000000000 112958054 427400
0b001201 0b000101 10000 100 5000000 2000000000 112959299 427400
0b001901 0b000101 10000 100 5000000 2000000000 112959548 427400
0b001a01 0b000101 10000 100 5000000 2000000000 112960295 427400
0b001b01 0b000101 10000 100 5000000 2000000000 112960627 427400
0b002401 0b000101 10000 100 5000000 2000000000 112961208 427400
0b002901 0b000101 10000 100 5000000 2000000000 112961457 427400
0b002b01 0b000101 10000 100 5000000 2000000000 112961789 427400
0b002d01 0b000101 10000 100 5000000 2000000000 112962121 427400
0b002f01 0b000101 10000 100 5000000 2000000000 112962785 427400
0b001301 0b000101 10000 100 5000000 2000000000 112966105 427400
0b003001 0b000101 10000 100 5000000 2000000000 112966354 427400
0b003201 0b000101 10000 100 5000000 2000000000 112967516 427400
0b001501 0b000101 10000 100 5000000 2000000000 112968761 427400
0b003501 0b000101 10000 100 5000000 2000000000 112969591 427400
0b003701 0b000101 10000 100 5000000 2000000000 112970338 427400
0b001801 0b000101 10000 100 5000000 2000000000 112971085 427400
0b003601 0b000101 10000 100 5000000 2000000000 112971832 427400
0b003901 0b000101 10000 100 5000000 2000000000 112972164 427400
0b001c01 0b000101 10000 100 5000000 2000000000 112972496 427400
0b003a01 0b000101 10000 100 5000000 2000000000 112972745 427400
0b003b01 0b000101 10000 100 5000000 2000000000 112973492 427400
0b001d01 0b000101 10000 100 5000000 2000000000 112973741 427400
0b003d01 0b000101 10000 100 5000000 2000000000 112974239 427400
0b003c01 0b000101 10000 100 5000000 2000000000 112974654 427400
0b001f01 0b000101 10000 100 5000000 2000000000 112975069 427400
0b003f01 0b000101 10000 100 5000000 2000000000 112975318 427400
0b003e01 0b000101 10000 100 5000000 2000000000 112975982 427400
0b004001 0b000101 10000 100 5000000 2000000000 119883335 431440
0b000001 0b000101 10006 100 10000000 2000000000 173400885 842560
0b000001 0b000101 10005 100 10000000 2000000000 173580248 842560
0b000001 0b000101 10004 100 10000000 2000000000 173677192 842560
0b000001 0b000101 10003 100 10000000 2000000000 173724170 842560
0b000001 0b000101 10002 100 10000000 2000000000 173773389 842560
0b000001 0b000101 10001 100 10000000 2000000000 173808249 842560
0b000001 0b000101 10000 100 10000000 2000000000 173830161 842560
0b00c801 0b000101 10000 100 10000000 2000000000 203994705 850640
0b005e01 0b000101 10000 100 10000000 2000000000 203994954 850640
0b00e001 0b000101 10000 100 10000000 2000000000 203995037 850640
0b004501 0b000101 10000 100 10000000 2000000000 203995369 850640
0b00cb01 0b000101 10000 100 10000000 2000000000 203995535 850640
0b00ce01 0b000101 10000 100 10000000 2000000000 203995701 850640
0b008101 0b000101 10000 100 10000000 2000000000 203995784 850640
0b00bf01 0b000101 10000 100 10000000 2000000000 203995950 850640
0b009301 0b000101 10000 100 10000000 2000000000 203996116 850640
0b00f601 0b000101 10000 100 10000000 2000000000 203996282 850640
0b00fc01 0b000101 10000 100 10000000 2000000000 203996448 850640
0b009701 0b000101 10000 100 10000000 2000000000 203996614 850640
0b009e01 0b000101 10000 100 10000000 2000000000 203996863 850640
0b009901 0b000101 10000 100 10000000 2000000000 203997029 850640
0b00a101 0b000101 10000 100 10000000 2000000000 203997361 850640
0b00d101 0b000101 10000 100 10000000 2000000000 203997693 850640
0b00b301 0b000101 10000 100 10000000 2000000000 203997859 850640
0b00f101 0b000101 10000 100 10000000 2000000000 203998108 850640
0b004701 0b000101 10000 100 10000000 2000000000 203998274 850640
0b006101 0b000101 10000 100 10000000 2000000000 203998440 850640
0b00c701 0b000101 10000 100 10000000 2000000000 203998606 850640
0b004f01 0b000101 10000 100 10000000 2000000000 203998772 850640
0b00c301 0b000101 10000 100 10000000 2000000000 203998938 850640
0b005501 0b000101 10000 100 10000000 2000000000 203999104 850640
0b006c01 0b000101 10000 100 10000000 2000000000 203999270 850640
0b007c01 0b000101 10000 100 10000000 2000000000 203999685 850640
0b004301 0b000101 10000 100 10000000 2000000000 203999934 850640
0b006301 0b000101 10000 100 10000000 2000000000 204000100 850640
0b00f501 0b000101 10000 100 10000000 2000000000 204000349 850640
0b004201 0b000101 10000 100 10000000 2000000000 204000515 850640
0b006a01 0b000101 10000 100 10000000 2000000000 204000681 850640
0b005901 0b000101 10000 100 10000000 2000000000 204000764 850640
0b00d601 0b000101 10000 100 10000000 2000000000 204000847 850640
0b006b01 0b000101 10000 100 10000000 2000000000 204000930 850640
0b00b401 0b000101 10000 100 10000000 2000000000 204001096 850640
0b008201 0b000101 10000 100 10000000 2000000000 204001262 850640
0b00e701 0b000101 10000 100 10000000 2000000000 204001428 850640
0b00e901 0b000101 10000 100 10000000 2000000000 204001594 850640
0b00c201 0b000101 10000 100 10000000 2000000000 204001760 850640
0b00d301 0b000101 10000 100 10000000 2000000000 204001843 850640
0b00d501 0b000101 10000 100 10000000 2000000000 204002009 850640
0b00ec01 0b000101 10000 100 10000000 2000000000 204002175 850640
0b00d701 0b000101 10000 100 10000000 2000000000 204002341 850640
0b00e101 0b000101 10000 100 10000000 2000000000 204002424 850640
0b009201 0b000101 10000 100 10000000 2000000000 204002507 850640
0b00ad01 0b000101 10000 100 10000000 2000000000 204002590 850640
0b00e801 0b000101 10000 100 10000000 2000000000 204002673 850640
0b005c01 0b000101 10000 100 10000000 2000000000 204002839 850640
0b009a01 0b000101 10000 100 10000000 2000000000 204003088 850640
0b008f01 0b000101 10000 100 10000000 2000000000 204003337 850640
0b005d01 0b000101 10000 100 10000000 2000000000 204003420 850640
0b00f301 0b000101 10000 100 10000000 2000000000 204003586 850640
0b009101 0b000101 10000 100 10000000 2000000000 204003752 850640
0b009401 0b000101 10000 100 10000000 2000000000 204003835 850640
0b00b801 0b000101 10000 100 10000000 2000000000 204004001 850640
0b00f701 0b000101 10000 100 10000000 2000000000 204004084 850640
0b00fd01 0b000101 10000 100 10000000 2000000000 204004167 850640
0b00ff01 0b000101 10000 100 10000000 2000000000 204004250 850640
0b004d01 0b000101 10000 100 10000000 2000000000 204004333 850640
0b008801 0b000101 10000 100 10000000 2000000000 204004416 850640
0b00dc01 0b000101 10000 100 10000000 2000000000 204004499 850640
0b009601 0b000101 10000 100 10000000 2000000000 204004582 850640
0b009c01 0b000101 10000 100 10000000 2000000000 204004665 850640
0b00b501 0b000101 10000 100 10000000 2000000000 204004748 850640
0b00d001 0b000101 10000 100 10000000 2000000000 204004831 850640
0b00a001 0b000101 10000 100 10000000 2000000000 204004914 850640
0b00a201 0b000101 10000 100 10000000 2000000000 204004997 850640
0b004e01 0b000101 10000 100 10000000 2000000000 204005080 850640
0b008001 0b000101 10000 100 10000000 2000000000 204005163 850640
0b00ba01 0b000101 10000 100 10000000 2000000000 204005246 850640
0b00bb01 0b000101 10000 100 10000000 2000000000 204005329 850640
0b008501 0b000101 10000 100 10000000 2000000000 204005412 850640
0b00bd01 0b000101 10000 100 10000000 2000000000 204005495 850640
0b008701 0b000101 10000 100 10000000 2000000000 204005578 850640
0b00c501 0b000101 10000 100 10000000 2000000000 204005661 850640
0b008c01 0b000101 10000 100 10000000 2000000000 204005744 850640
0b00de01 0b000101 10000 100 10000000 2000000000 204005827 850640
0b004601 0b000101 10000 100 10000000 2000000000 204005910 850640
0b00bc01 0b000101 10000 100 10000000 2000000000 204005993 850640
0b00a301 0b000101 10000 100 10000000 2000000000 204006076 850640
0b00ca01 0b000101 10000 100 10000000 2000000000 204006159 850640
0b00b701 0b000101 10000 100 10000000 2000000000 204006242 850640
0b007701 0b000101 10000 100 10000000 2000000000 204006325 850640
0b00b201 0b000101 10000 100 10000000 2000000000 204006408 850640
0b00c401 0b000101 10000 100 10000000 2000000000 204006491 850640
0b010001 0b000101 10000 100 10000000 2000000000 204006574 850640
0b009b01 0b000101 10000 100 10000000 2000000000 204006657 850640
0b00a901 0b000101 10000 100 10000000 2000000000 204006823 850640
0b004401 0b000101 10000 100 10000000 2000000000 204006906 850640
0b00b001 0b000101 10000 100 10000000 2000000000 204006989 850640
0b00db01 0b000101 10000 100 10000000 2000000000 204007072 850640
0b00c601 0b000101 10000 100 10000000 2000000000 204007155 850640
0b00cf01 0b000101 10000 100 10000000 2000000000 204007238 850640
0b00e601 0b000101 10000 100 10000000 2000000000 204007321 850640
0b00ed01 0b000101 10000 100 10000000 2000000000 204007404 850640
0b00dd01 0b000101 10000 100 10000000 2000000000 204007487 850640
0b004b01 0b000101 10000 100 10000000 2000000000 204007570 850640
0b007401 0b000101 10000 100 10000000 2000000000 204007736 850640
0b005101 0b000101 10000 100 10000000 2000000000 204007819 850640
0b007d01 0b000101 10000 100 10000000 2000000000 204007902 850640
0b006401 0b000101 10000 100 10000000 2000000000 204007985 850640
0b005f01 0b000101 10000 100 10000000 2000000000 204008068 850640
0b00b101 0b000101 10000 100 10000000 2000000000 204008151 850640
0b00c001 0b000101 10000 100 10000000 2000000000 204008234 850640
0b010101 0b000101 10000 100 10000000 2000000000 204008317 850640
0b005701 0b000101 10000 100 10000000 2000000000 204008400 850640
0b00f901 0b000101 10000 100 10000000 2000000000 204008483 850640
0b00b901 0b000101 10000 100 10000000 2000000000 204008566 850640
0b00fe01 0b000101 10000 100 10000000 2000000000 204008649 850640
0b006801 0b000101 10000 100 10000000 2000000000 204008732 850640
0b006f01 0b000101 10000 100 10000000 2000000000 204008815 850640
0b00f801 0b000101 10000 100 10000000 2000000000 204008898 850640
0b00fb01 0b000101 10000 100 10000000 2000000000 204008981 850640
0b00f001 0b000101 10000 100 10000000 2000000000 204009064 850640
0b009f01 0b000101 10000 100 10000000 2000000000 204009147 850640
0b005001 0b000101 10000 100 10000000 2000000000 204009230 850640
0b005301 0b000101 10000 100 10000000 2000000000 204009313 850640
0b005b01 0b000101 10000 100 10000000 2000000000 204009396 850640
0b00c901 0b000101 10000 100 10000000 2000000000 204009479 850640
0b00cd01 0b000101 10000 100 10000000 2000000000 204009562 850640
0b00e501 0b000101 10000 100 10000000 2000000000 204009728 850640
0b006001 0b000101 10000 100 10000000 2000000000 204009811 850640
0b006d01 0b000101 10000 100 10000000 2000000000 204009894 850640
0b006e01 0b000101 10000 100 10000000 2000000000 204009977 850640
0b006701 0b000101 10000 100 10000000 2000000000 204010060 850640
0b00ee01 0b000101 10000 100 10000000 2000000000 204010143 850640
0b00f401 0b000101 10000 100 10000000 2000000000 204010226 850640
0b00ef01 0b000101 10000 100 10000000 2000000000 204010309 850640
0b00fa01 0b000101 10000 100 10000000 2000000000 204010392 850640
0b00df01 0b000101 10000 100 10000000 2000000000 204010475 850640
0b00ac01 0b000101 10000 100 10000000 2000000000 204010558 850640
0b005401 0b000101 10000 100 10000000 2000000000 204010641 850640
0b008901 0b000101 10000 100 10000000 2000000000 204010724 850640
0b006201 0b000101 10000 100 10000000 2000000000 204010807 850640
0b008d01 0b000101 10000 100 10000000 2000000000 204010890 850640
0b00c101 0b000101 10000 100 10000000 2000000000 204010973 850640
0b00cc01 0b000101 10000 100 10000000 2000000000 204011056 850640
0b00f201 0b000101 10000 100 10000000 2000000000 204011139 850640
0b007301 0b000101 10000 100 10000000 2000000000 204011222 850640
0b007501 0b000101 10000 100 10000000 2000000000 204011305 850640
0b007601 0b000101 10000 100 10000000 2000000000 204011388 850640
0b007901 0b000101 10000 100 10000000 2000000000 204011554 850640
0b007e01 0b000101 10000 100 10000000 2000000000 204011637 850640
0b004101 0b000101 10000 100 10000000 2000000000 204011720 850640
0b004c01 0b000101 10000 100 10000000 2000000000 204011803 850640
0b004a01 0b000101 10000 100 10000000 2000000000 204011886 850640
0b00d201 0b000101 10000 100 10000000 2000000000 204011969 850640
0b00d801 0b000101 10000 100 10000000 2000000000 204012052 850640
0b00da01 0b000101 10000 100 10000000 2000000000 204012135 850640
0b005201 0b000101 10000 100 10000000 2000000000 204012218 850640
0b00e201 0b000101 10000 100 10000000 2000000000 204012301 850640
0b006501 0b000101 10000 100 10000000 2000000000 204012384 850640
0b00e401 0b000101 10000 100 10000000 2000000000 204012467 850640
0b00ea01 0b000101 10000 100 10000000 2000000000 204012550 850640
0b007201 0b000101 10000 100 10000000 2000000000 204012633 850640
0b007801 0b000101 10000 100 10000000 2000000000 204012716 850640
0b007001 0b000101 10000 100 10000000 2000000000 204012799 850640
0b007101 0b000101 10000 100 10000000 2000000000 204012882 850640
0b00e301 0b000101 10000 100 10000000 2000000000 204012965 850640
0b00a501 0b000101 10000 100 10000000 2000000000 204013048 850640
0b008401 0b000101 10000 100 10000000 2000000000 204013131 850640
0b008a01 0b000101 10000 100 10000000 2000000000 204013214 850640
0b00af01 0b000101 10000 100 10000000 2000000000 204013297 850640
0b00eb01 0b000101 10000 100 10000000 2000000000 204013380 850640
0b00b601 0b000101 10000 100 10000000 2000000000 204013463 850640
0b006601 0b000101 10000 100 10000000 2000000000 204013546 850640
0b006901 0b000101 10000 100 10000000 2000000000 204013629 850640
0b004801 0b000101 10000 100 10000000 2000000000 204013712 850640
0b00d401 0b000101 10000 100 10000000 2000000000 204013795 850640
0b004901 0b000101 10000 100 10000000 2000000000 204013878 850640
0b00d901 0b000101 10000 100 10000000 2000000000 204013961 850640
0b005601 0b000101 10000 100 10000000 2000000000 204014127 850640
0b005801 0b000101 10000 100 10000000 2000000000 204014210 850640
0b005a01 0b000101 10000 100 10000000 2000000000 204014293 850640
0b009001 0b000101 10000 100 10000000 2000000000 204014376 850640
0b009501 0b000101 10000 100 10000000 2000000000 204014459 850640
0b009801 0b000101 10000 100 10000000 2000000000 204014542 850640
0b009d01 0b000101 10000 100 10000000 2000000000 204014625 850640
0b008301 0b000101 10000 100 10000000 2000000000 204014708 850640
0b00a601 0b000101 10000 100 10000000 2000000000 204014791 850640
0b00ab01 0b000101 10000 100 10000000 2000000000 204014874 850640
0b00ae01 0b000101 10000 100 10000000 2000000000 204014957 850640
0b008601 0b000101 10000 100 10000000 2000000000 204015040 850640
0b008b01 0b000101 10000 100 10000000 2000000000 204015123 850640
0b008e01 0b000101 10000 100 10000000 2000000000 204015206 850640
0b00be01 0b000101 10000 100 10000000 2000000000 204015289 850640
0b00a401 0b000101 10000 100 10000000 2000000000 204015372 850640
0b00a701 0b000101 10000 100 10000000 2000000000 204015455 850640
0b00a801 0b000101 10000 100 10000000 2000000000 204015538 850640
0b00aa01 0b000101 10000 100 10000000 2000000000 204015621 850640
0b007a01 0b000101 10000 100 10000000 2000000000 204015704 850640
0b007b01 0b000101 10000 100 10000000 2000000000 204015787 850640
0b007f01 0b000101 10000 100 10000000 2000000000 204015870 850640
0b000201 0b000101 10000 100 200000000 2000000000 766288252 16772160
0b000401 0b000101 10000 100 150000000 2000000000 1356657292 12580160
0b000301 0b000101 10000 100 200000000 2000000000 1775812106 16772160
