0b006e01 0b000101 10000 100 50000000 47860654 19823188 4600240
0b013c01 0b000101 10000 100 50000000 44272587 34093313 4600240
0b000301 0b000101 10000 100 50000000 37940368 41341247 4592160
0b007401 0b000101 10000 100 50000000 38653417 49119240 4600240
0b002801 0b000101 10000 100 50000000 42765886 57470794 4596200
0b003301 0b000101 10000 100 50000000 19006311 84231476 4596200
0b009601 0b000101 10000 100 50000000 41470233 63668936 4600240
0b00e801 0b000101 10000 100 50000000 31784222 77647090 4600240
0b001601 0b000101 10000 100 50000000 36486588 74381181 4596200
0b00b001 0b000101 10000 100 50000000 30186302 98081757 4600240
0b011f01 0b000101 10000 100 50000000 9941883 119912751 4600240
0b008801 0b000101 10000 100 50000000 35091016 96845158 4600240
0b00ae01 0b000101 10000 100 50000000 13893567 120311761 4600240
0b002401 0b000101 10000 100 50000000 30456549 107610519 4596200
0b00b901 0b000101 10000 100 50000000 28867606 111259042 4600240
0b00d601 0b000101 10000 100 50000000 11022030 131584310 4600240
0b00c201 0b000101 10000 100 50000000 4835818 140763777 4600240
0b00b501 0b000101 10000 100 50000000 10475352 135719716 4600240
0b010201 0b000101 10000 100 50000000 30100935 116822916 4600240
0b00ba01 0b000101 10000 100 50000000 8132705 138939937 4600240
0b012d01 0b000101 10000 100 50000000 13909535 135001778 4600240
0b002f01 0b000101 10000 100 50000000 10931899 138764198 4596200
0b011701 0b000101 10000 100 50000000 4346942 148932815 4600240
0b00ac01 0b000101 10000 100 50000000 5110514 149441069 4600240
0b005101 0b000101 10000 100 50000000 34906970 121493291 4600240
0b003901 0b000101 10000 100 50000000 1250538 155234161 4596200
0b008c01 0b000101 10000 100 50000000 12244592 146406333 4600240
0b00d801 0b000101 10000 100 50000000 1589134 162484221 4600240
0b004701 0b000101 10000 100 50000000 36823560 129509366 4600240
0b00c101 0b000101 10000 100 50000000 3940009 173172512 4600240
0b002301 0b000101 10000 100 50000000 2291219 175686707 4596200
0b011201 0b000101 10000 100 50000000 6241308 172480055 4600240
