0b000201 0b000101 10000 100 200000000 2000000000 25583446 16772160
0b001001 0b000101 10000 100 5000000 2000000000 409338516 427400
0b002201 0b000101 10000 100 5000000 2000000000 409338682 427400
0b003301 0b000101 10000 100 5000000 2000000000 409338848 427400
0b001101 0b000101 10000 100 5000000 2000000000 409339014 427400
0b002701 0b000101 10000 100 5000000 2000000000 409339180 427400
0b003401 0b000101 10000 100 5000000 2000000000 409339346 427400
0b001601 0b000101 10000 100 5000000 2000000000 409339512 427400
0b002a01 0b000101 10000 100 5000000 2000000000 409339595 427400
0b001701 0b000101 10000 100 5000000 2000000000 409339761 427400
0b002301 0b000101 10000 100 5000000 2000000000 409342085 427400
0b002601 0b000101 10000 100 5000000 2000000000 409342251 427400
0b002801 0b000101 10000 100 5000000 2000000000 409342417 427400
0b001401 0b000101 10000 100 5000000 2000000000 409372746 427400
0b003101 0b000101 10000 100 5000000 2000000000 409372912 427400
0b001e01 0b000101 10000 100 5000000 2000000000 409373078 427400
0b003801 0b000101 10000 100 5000000 2000000000 409373244 427400
0b002001 0b000101 10000 100 5000000 2000000000 409373410 427400
0b002101 0b000101 10000 100 5000000 2000000000 409373576 427400
0b002501 0b000101 10000 100 5000000 2000000000 409373742 427400
0b002c01 0b000101 10000 100 5000000 2000000000 409373908 427400
0b002e01 0b000101 10000 100 5000000 2000000000 409374074 427400
0b001201 0b000101 10000 100 5000000 2000000000 409395571 427400
0b001901 0b000101 10000 100 5000000 2000000000 409395654 427400
0b001a01 0b000101 10000 100 5000000 2000000000 409395737 427400
0b001b01 0b000101 10000 100 5000000 2000000000 409395820 427400
0b002401 0b000101 10000 100 5000000 2000000000 409396152 427400
0b002901 0b000101 10000 100 5000000 2000000000 409396235 427400
0b002b01 0b000101 10000 100 5000000 2000000000 409396318 427400
0b002d01 0b000101 10000 100 5000000 2000000000 409396401 427400
0b002f01 0b000101 10000 100 5000000 2000000000 409396484 427400
0b003201 0b000101 10000 100 5000000 2000000000 409404203 427400
0b001301 0b000101 10000 100 5000000 2000000000 409404759 427400
0b003001 0b000101 10000 100 5000000 2000000000 409405116 427400
0b003701 0b000101 10000 100 5000000 2000000000 409405448 427400
0b001501 0b000101 10000 100 5000000 2000000000 409405531 427400
0b003501 0b000101 10000 100 5000000 2000000000 409405697 427400
0b003901 0b000101 10000 100 5000000 2000000000 409405780 427400
0b001801 0b000101 10000 100 5000000 2000000000 409405863 427400
0b003601 0b000101 10000 100 5000000 2000000000 409405946 427400
0b003b01 0b000101 10000 100 5000000 2000000000 409406029 427400
0b001c01 0b000101 10000 100 5000000 2000000000 409406112 427400
0b003c01 0b000101 10000 100 5000000 2000000000 409406195 427400
0b003a01 0b000101 10000 100 5000000 2000000000 409406278 427400
0b003f01 0b000101 10000 100 5000000 2000000000 409406361 427400
0b001d01 0b000101 10000 100 5000000 2000000000 409406444 427400
0b003d01 0b000101 10000 100 5000000 2000000000 409406527 427400
0b001f01 0b000101 10000 100 5000000 2000000000 409406610 427400
0b003e01 0b000101 10000 100 5000000 2000000000 409406693 427400
0b004001 0b000101 10000 100 5000000 2000000000 409425436 431440
0b000f01 0b000101 10000 100 5000000 2000000000 416771094 423360
0b000e01 0b000101 10000 100 5000000 2000000000 416854767 423360
0b000d01 0b000101 10000 100 5000000 2000000000 416938440 423360
0b000c01 0b000101 10000 100 5000000 2000000000 417022113 423360
0b000b01 0b000101 10000 100 5000000 2000000000 417105786 423360
0b000a01 0b000101 10000 100 5000000 2000000000 417189459 423360
0b000901 0b000101 10000 100 5000000 2000000000 417273132 423360
0b000801 0b000101 10000 100 5000000 2000000000 417356805 423360
0b000701 0b000101 10000 100 5000000 2000000000 417440478 423360
0b000601 0b000101 10000 100 5000000 2000000000 417524151 423360
0b000501 0b000101 10000 100 5000000 2000000000 417607824 423360
0b00c801 0b000101 10000 100 10000000 2000000000 828597694 850640
0b005e01 0b000101 10000 100 10000000 2000000000 828597777 850640
0b00e001 0b000101 10000 100 10000000 2000000000 828597993 850640
0b004501 0b000101 10000 100 10000000 2000000000 828598076 850640
0b00cb01 0b000101 10000 100 10000000 2000000000 828598159 850640
0b00ce01 0b000101 10000 100 10000000 2000000000 828598358 850640
0b008101 0b000101 10000 100 10000000 2000000000 828601678 850640
0b00bf01 0b000101 10000 100 10000000 2000000000 828601761 850640
0b009301 0b000101 10000 100 10000000 2000000000 828610061 850640
0b00f601 0b000101 10000 100 10000000 2000000000 828610144 850640
0b00fc01 0b000101 10000 100 10000000 2000000000 828610227 850640
0b009701 0b000101 10000 100 10000000 2000000000 828610310 850640
0b009e01 0b000101 10000 100 10000000 2000000000 828610393 850640
0b009901 0b000101 10000 100 10000000 2000000000 828610476 850640
0b00a101 0b000101 10000 100 10000000 2000000000 828611306 850640
0b00d101 0b000101 10000 100 10000000 2000000000 828611389 850640
0b00b301 0b000101 10000 100 10000000 2000000000 828611472 850640
0b00f101 0b000101 10000 100 10000000 2000000000 828611555 850640
0b004701 0b000101 10000 100 10000000 2000000000 828611638 850640
0b006101 0b000101 10000 100 10000000 2000000000 828612053 850640
0b00c701 0b000101 10000 100 10000000 2000000000 828612219 850640
0b004f01 0b000101 10000 100 10000000 2000000000 828612302 850640
0b00c301 0b000101 10000 100 10000000 2000000000 828613132 850640
0b005501 0b000101 10000 100 10000000 2000000000 828613215 850640
0b007c01 0b000101 10000 100 10000000 2000000000 828613298 850640
0b004301 0b000101 10000 100 10000000 2000000000 828613381 850640
0b006c01 0b000101 10000 100 10000000 2000000000 828613464 850640
0b006301 0b000101 10000 100 10000000 2000000000 828613796 850640
0b00f501 0b000101 10000 100 10000000 2000000000 828613879 850640
0b004201 0b000101 10000 100 10000000 2000000000 828613962 850640
0b006a01 0b000101 10000 100 10000000 2000000000 828614045 850640
0b005901 0b000101 10000 100 10000000 2000000000 828614128 850640
0b00d601 0b000101 10000 100 10000000 2000000000 828614211 850640
0b006b01 0b000101 10000 100 10000000 2000000000 828614294 850640
0b00b401 0b000101 10000 100 10000000 2000000000 828614460 850640
0b008201 0b000101 10000 100 10000000 2000000000 828614543 850640
0b00e701 0b000101 10000 100 10000000 2000000000 828614792 850640
0b00e901 0b000101 10000 100 10000000 2000000000 828614875 850640
0b00c201 0b000101 10000 100 10000000 2000000000 828614958 850640
0b00d301 0b000101 10000 100 10000000 2000000000 828615041 850640
0b00d501 0b000101 10000 100 10000000 2000000000 828615124 850640
0b00ec01 0b000101 10000 100 10000000 2000000000 828615207 850640
0b00d701 0b000101 10000 100 10000000 2000000000 828615290 850640
0b00e101 0b000101 10000 100 10000000 2000000000 828615456 850640
0b00ad01 0b000101 10000 100 10000000 2000000000 828615539 850640
0b00e801 0b000101 10000 100 10000000 2000000000 828615705 850640
0b005c01 0b000101 10000 100 10000000 2000000000 828615788 850640
0b009201 0b000101 10000 100 10000000 2000000000 828615871 850640
0b008f01 0b000101 10000 100 10000000 2000000000 828615954 850640
0b005d01 0b000101 10000 100 10000000 2000000000 828616037 850640
0b009a01 0b000101 10000 100 10000000 2000000000 828616120 850640
0b00f301 0b000101 10000 100 10000000 2000000000 828616203 850640
0b009101 0b000101 10000 100 10000000 2000000000 828616286 850640
0b009401 0b000101 10000 100 10000000 2000000000 828616452 850640
0b00b801 0b000101 10000 100 10000000 2000000000 828616535 850640
0b00f701 0b000101 10000 100 10000000 2000000000 828616618 850640
0b00fd01 0b000101 10000 100 10000000 2000000000 828616701 850640
0b00ff01 0b000101 10000 100 10000000 2000000000 828616784 850640
0b004d01 0b000101 10000 100 10000000 2000000000 828616867 850640
0b008801 0b000101 10000 100 10000000 2000000000 828616950 850640
0b00dc01 0b000101 10000 100 10000000 2000000000 828617033 850640
0b009601 0b000101 10000 100 10000000 2000000000 828617116 850640
0b009c01 0b000101 10000 100 10000000 2000000000 828617199 850640
0b00b501 0b000101 10000 100 10000000 2000000000 828617365 850640
0b00a001 0b000101 10000 100 10000000 2000000000 828617448 850640
0b00a201 0b000101 10000 100 10000000 2000000000 828617531 850640
0b00d001 0b000101 10000 100 10000000 2000000000 828617614 850640
0b004e01 0b000101 10000 100 10000000 2000000000 828617697 850640
0b008001 0b000101 10000 100 10000000 2000000000 828617863 850640
0b00ba01 0b000101 10000 100 10000000 2000000000 828617946 850640
0b00bb01 0b000101 10000 100 10000000 2000000000 828618029 850640
0b008501 0b000101 10000 100 10000000 2000000000 828618112 850640
0b00bd01 0b000101 10000 100 10000000 2000000000 828618195 850640
0b008701 0b000101 10000 100 10000000 2000000000 828618278 850640
0b004601 0b000101 10000 100 10000000 2000000000 828618361 850640
0b008c01 0b000101 10000 100 10000000 2000000000 828618444 850640
0b00a301 0b000101 10000 100 10000000 2000000000 828618527 850640
0b00c501 0b000101 10000 100 10000000 2000000000 828618610 850640
0b00b701 0b000101 10000 100 10000000 2000000000 828618776 850640
0b00de01 0b000101 10000 100 10000000 2000000000 828618859 850640
0b00bc01 0b000101 10000 100 10000000 2000000000 828618942 850640
0b00ca01 0b000101 10000 100 10000000 2000000000 828619025 850640
0b00c401 0b000101 10000 100 10000000 2000000000 828619108 850640
0b00b201 0b000101 10000 100 10000000 2000000000 828619191 850640
0b010001 0b000101 10000 100 10000000 2000000000 828619274 850640
0b007701 0b000101 10000 100 10000000 2000000000 828619357 850640
0b009b01 0b000101 10000 100 10000000 2000000000 828619440 850640
0b004401 0b000101 10000 100 10000000 2000000000 828619523 850640
0b00a901 0b000101 10000 100 10000000 2000000000 828619606 850640
0b00db01 0b000101 10000 100 10000000 2000000000 828619689 850640
0b00b001 0b000101 10000 100 10000000 2000000000 828619772 850640
0b00c601 0b000101 10000 100 10000000 2000000000 828619938 850640
0b00cf01 0b000101 10000 100 10000000 2000000000 828620021 850640
0b00e601 0b000101 10000 100 10000000 2000000000 828620187 850640
0b00ed01 0b000101 10000 100 10000000 2000000000 828620270 850640
0b00dd01 0b000101 10000 100 10000000 2000000000 828620353 850640
0b004b01 0b000101 10000 100 10000000 2000000000 828620519 850640
0b007401 0b000101 10000 100 10000000 2000000000 828620602 850640
0b007d01 0b000101 10000 100 10000000 2000000000 828620685 850640
0b005101 0b000101 10000 100 10000000 2000000000 828620768 850640
0b005f01 0b000101 10000 100 10000000 2000000000 828620851 850640
0b00b101 0b000101 10000 100 10000000 2000000000 828620934 850640
0b00c001 0b000101 10000 100 10000000 2000000000 828621017 850640
0b010101 0b000101 10000 100 10000000 2000000000 828621100 850640
0b006401 0b000101 10000 100 10000000 2000000000 828621183 850640
0b00f901 0b000101 10000 100 10000000 2000000000 828621266 850640
0b005701 0b000101 10000 100 10000000 2000000000 828621349 850640
0b00b901 0b000101 10000 100 10000000 2000000000 828621432 850640
0b00fe01 0b000101 10000 100 10000000 2000000000 828621515 850640
0b006801 0b000101 10000 100 10000000 2000000000 828621681 850640
0b00f001 0b000101 10000 100 10000000 2000000000 828621764 850640
0b006f01 0b000101 10000 100 10000000 2000000000 828621847 850640
0b00f801 0b000101 10000 100 10000000 2000000000 828621930 850640
0b009f01 0b000101 10000 100 10000000 2000000000 828622013 850640
0b00fb01 0b000101 10000 100 10000000 2000000000 828622096 850640
0b005001 0b000101 10000 100 10000000 2000000000 828622179 850640
0b005301 0b000101 10000 100 10000000 2000000000 828622262 850640
0b005b01 0b000101 10000 100 10000000 2000000000 828622345 850640
0b00c901 0b000101 10000 100 10000000 2000000000 828622428 850640
0b00cd01 0b000101 10000 100 10000000 2000000000 828622511 850640
0b00e501 0b000101 10000 100 10000000 2000000000 828622677 850640
0b00ee01 0b000101 10000 100 10000000 2000000000 828622760 850640
0b006001 0b000101 10000 100 10000000 2000000000 828622843 850640
0b006d01 0b000101 10000 100 10000000 2000000000 828622926 850640
0b006e01 0b000101 10000 100 10000000 2000000000 828623009 850640
0b006701 0b000101 10000 100 10000000 2000000000 828623092 850640
0b00ac01 0b000101 10000 100 10000000 2000000000 828623258 850640
0b00f401 0b000101 10000 100 10000000 2000000000 828624088 850640
0b00ef01 0b000101 10000 100 10000000 2000000000 828624171 850640
0b00fa01 0b000101 10000 100 10000000 2000000000 828624254 850640
0b00df01 0b000101 10000 100 10000000 2000000000 828624337 850640
0b006201 0b000101 10000 100 10000000 2000000000 828624420 850640
0b00c101 0b000101 10000 100 10000000 2000000000 828624503 850640
0b00cc01 0b000101 10000 100 10000000 2000000000 828624586 850640
0b005401 0b000101 10000 100 10000000 2000000000 828624669 850640
0b008901 0b000101 10000 100 10000000 2000000000 828624752 850640
0b008d01 0b000101 10000 100 10000000 2000000000 828624835 850640
0b00f201 0b000101 10000 100 10000000 2000000000 828625001 850640
0b007301 0b000101 10000 100 10000000 2000000000 828625084 850640
0b007501 0b000101 10000 100 10000000 2000000000 828625167 850640
0b007601 0b000101 10000 100 10000000 2000000000 828625250 850640
0b004101 0b000101 10000 100 10000000 2000000000 828625333 850640
0b007901 0b000101 10000 100 10000000 2000000000 828625416 850640
0b004c01 0b000101 10000 100 10000000 2000000000 828625499 850640
0b007e01 0b000101 10000 100 10000000 2000000000 828625582 850640
0b004a01 0b000101 10000 100 10000000 2000000000 828625665 850640
0b00d201 0b000101 10000 100 10000000 2000000000 828625748 850640
0b00d801 0b000101 10000 100 10000000 2000000000 828625831 850640
0b00da01 0b000101 10000 100 10000000 2000000000 828625914 850640
0b00e201 0b000101 10000 100 10000000 2000000000 828625997 850640
0b00e401 0b000101 10000 100 10000000 2000000000 828626080 850640
0b00ea01 0b000101 10000 100 10000000 2000000000 828626163 850640
0b005201 0b000101 10000 100 10000000 2000000000 828626329 850640
0b006501 0b000101 10000 100 10000000 2000000000 828626661 850640
0b007001 0b000101 10000 100 10000000 2000000000 828626744 850640
0b007101 0b000101 10000 100 10000000 2000000000 828626827 850640
0b007201 0b000101 10000 100 10000000 2000000000 828626910 850640
0b007801 0b000101 10000 100 10000000 2000000000 828626993 850640
0b00e301 0b000101 10000 100 10000000 2000000000 828627159 850640
0b00a501 0b000101 10000 100 10000000 2000000000 828627242 850640
0b008401 0b000101 10000 100 10000000 2000000000 828627325 850640
0b008a01 0b000101 10000 100 10000000 2000000000 828627408 850640
0b00af01 0b000101 10000 100 10000000 2000000000 828627491 850640
0b00eb01 0b000101 10000 100 10000000 2000000000 828627574 850640
0b00b601 0b000101 10000 100 10000000 2000000000 828627657 850640
0b006601 0b000101 10000 100 10000000 2000000000 828627823 850640
0b006901 0b000101 10000 100 10000000 2000000000 828627906 850640
0b004801 0b000101 10000 100 10000000 2000000000 828628072 850640
0b00d401 0b000101 10000 100 10000000 2000000000 828628155 850640
0b004901 0b000101 10000 100 10000000 2000000000 828628238 850640
0b00d901 0b000101 10000 100 10000000 2000000000 828628321 850640
0b005601 0b000101 10000 100 10000000 2000000000 828628404 850640
0b005801 0b000101 10000 100 10000000 2000000000 828628487 850640
0b005a01 0b000101 10000 100 10000000 2000000000 828628570 850640
0b009001 0b000101 10000 100 10000000 2000000000 828635385 850640
0b009501 0b000101 10000 100 10000000 2000000000 828635717 850640
0b009801 0b000101 10000 100 10000000 2000000000 828636049 850640
0b009d01 0b000101 10000 100 10000000 2000000000 828636215 850640
0b008301 0b000101 10000 100 10000000 2000000000 828656965 850640
0b00a601 0b000101 10000 100 10000000 2000000000 828657131 850640
0b00ab01 0b000101 10000 100 10000000 2000000000 828657297 850640
0b00ae01 0b000101 10000 100 10000000 2000000000 828657463 850640
0b008601 0b000101 10000 100 10000000 2000000000 828660783 850640
0b008b01 0b000101 10000 100 10000000 2000000000 828660949 850640
0b008e01 0b000101 10000 100 10000000 2000000000 828661281 850640
0b00be01 0b000101 10000 100 10000000 2000000000 828661530 850640
0b00a401 0b000101 10000 100 10000000 2000000000 828672403 850640
0b00a701 0b000101 10000 100 10000000 2000000000 828672486 850640
0b00a801 0b000101 10000 100 10000000 2000000000 828672569 850640
0b00aa01 0b000101 10000 100 10000000 2000000000 828672652 850640
0b007a01 0b000101 10000 100 10000000 2000000000 828680205 850640
0b007b01 0b000101 10000 100 10000000 2000000000 828680288 850640
0b007f01 0b000101 10000 100 10000000 2000000000 828680371 850640
0b000001 0b000101 10006 100 10000000 2000000000 837569327 842560
0b000001 0b000101 10005 100 10000000 2000000000 838741247 842560
0b000001 0b000101 10004 100 10000000 2000000000 839409137 842560
0b000001 0b000101 10003 100 10000000 2000000000 839743165 842560
0b000001 0b000101 10002 100 10000000 2000000000 840077027 842560
0b000001 0b000101 10001 100 10000000 2000000000 840326967 842560
0b000001 0b000101 10000 100 10000000 2000000000 840493483 842560
