0b007001 0b003401 10000 100 2048 6027 8172 8207
0b005101 0b003301 10000 100 2048 14403 8172 8207
0b007c01 0b006f01 10000 100 51200 21095 10197 10267
0b009a01 0b000b01 10000 100 512000 4725 29079 29583
0b000101 0b006101 10000 100 5120 41211 8298 8336
0b008c01 0b003f01 10000 100 51200 41299 10302 10267
0b008601 0b007301 10000 100 102400 39263 12535 12413
0b009401 0b002401 10000 100 2048 54614 8172 8207
0b009201 0b007401 10000 100 1024 65726 8167 8164
0b005401 0b000701 10000 100 10240 66637 8510 8550
0b007f01 0b004401 10000 100 102400 70991 14224 12413
0b005301 0b004b01 10000 100 102400 76066 12501 12413
0b009501 0b006401 10000 100 51200 79905 10187 10267
0b004b01 0b001901 10000 100 512000 64349 29330 29583
0b006b01 0b008901 10000 100 10240 86324 9116 8550
0b008701 0b006e01 10000 100 204800 78842 17303 16705
0b009101 0b004401 10000 100 102400 90997 12286 12413
0b007201 0b008901 10000 100 512000 77666 29500 29583
0b005101 0b000a01 10000 100 102400 99443 12286 12413
0b001901 0b006201 10000 100 512000 82642 29412 29583
0b007101 0b009301 10000 100 102400 101973 12299 12413
0b002f01 0b006201 10000 100 51200 104298 10187 10267
0b007301 0b006001 10000 100 2097152 20224 94296 96034
0b001201 0b001a01 10000 100 102400 109721 8244 8373
0b005301 0b004b01 10001 100 102400 107966 12293 12413
0b001f01 0b005e01 10000 100 10240 113156 8508 8550
0b004301 0b006101 10000 100 1048576 73852 51098 52077
0b003b01 0b003601 10000 100 2097152 36751 90029 91994
0b009501 0b003d01 10000 100 512000 101354 29515 29583
0b002401 0b004001 10000 100 51200 120772 10187 10267
0b009301 0b005c01 10000 100 51200 122402 10200 10267
0b003a01 0b005e01 10000 100 20480 125427 8928 8979
0b001101 0b000001 10000 100 102400 123806 16729 12413
0b004a01 0b006401 10000 100 5120 141960 8298 8336
0b009c01 0b003301 10000 100 51200 145277 12357 10267
0b004701 0b005001 10000 100 10240 149220 8530 8550
0b006001 0b009c01 10000 100 102400 151917 12520 12413
0b001501 0b001b01 10000 100 1048576 117925 47037 48037
0b004601 0b002501 10000 100 51200 165307 10187 10267
0b008601 0b001d01 10000 100 1024 175740 8130 8164
0b004901 0b004801 10000 100 204800 172920 12442 12665
0b000301 0b005e01 10000 100 102400 173482 12286 12413
0b001101 0b004301 10000 100 10240 177397 8793 8550
0b001e01 0b006b01 10000 100 51200 182182 10187 10267
0b009c01 0b001601 10000 100 1048576 142219 53385 52077
0b009a01 0b002601 10000 100 10240 189287 8546 8550
0b000c01 0b007401 10000 100 51200 186548 12441 10267
0b007b01 0b009101 10000 100 512000 138094 61902 29583
0b002901 0b008b01 10000 100 20480 211613 9207 8979
0b004601 0b003201 10000 100 10240 225831 8514 8550
0b007801 0b003b01 10000 100 2048 232754 8213 8207
0b003501 0b000201 10000 100 1048576 192592 51079 52077
0b004501 0b005c01 10000 100 5120 235595 8298 8336
0b000401 0b009501 10000 100 204800 213811 32038 16705
0b001e01 0b005901 10000 100 20480 235292 10567 8979
0b001c01 0b000f01 10000 100 20480 239742 9707 8979
0b002601 0b007001 10000 100 102400 242236 12305 12413
0b006f01 0b008b01 10000 100 204800 237658 18318 16705
0b009001 0b008301 10000 100 5242880 37350 223084 227901
0b007d01 0b009e01 10000 100 51200 250345 11950 10267
0b005901 0b002101 10000 100 204800 238218 24841 16705
0b006b01 0b008501 10000 100 512000 238327 29374 29583
0b003d01 0b001b01 10000 100 512000 224465 45044 29583
0b009101 0b008c01 10000 100 1048576 218474 53226 52077
0b004f01 0b008901 10000 100 1024 264812 8130 8164
0b004701 0b007101 10000 100 2097152 176255 98933 96034
0b000d01 0b008701 10000 100 10240 267129 8733 8550
0b008501 0b004b01 10000 100 204800 251994 25151 16705
0b005e01 0b003d01 10000 100 20480 269129 9019 8979
0b003901 0b005e01 10000 100 2097152 188089 94113 96034
0b001501 0b005001 10000 100 204800 280058 16518 16705
0b003f01 0b001801 10000 100 5242880 37407 259960 227901
0b004601 0b001301 10000 100 10240 289244 8661 8550
0b000801 0b002001 10000 100 5120 290801 8335 8336
0b008201 0b006601 10000 100 1048576 249389 51098 52077
0b007b01 0b005001 10000 100 1024 294869 8290 8164
0b003f01 0b002101 10000 100 1048576 215622 87927 52077
0b000e01 0b009501 10000 100 1048576 207701 97515 52077
0b009301 0b002a01 10000 100 2048 300128 8225 8207
0b009501 0b007f01 10000 100 2097152 147077 163728 96034
0b002801 0b009101 10000 100 2097152 214076 97895 96034
0b007a01 0b001401 10000 100 2097152 97850 215098 96034
0b008a01 0b007d01 10000 100 51200 309412 10586 10267
0b002c01 0b004901 10000 100 204800 304554 16484 16705
0b000f01 0b001901 10000 100 2048 316415 8859 8207
0b005901 0b008d01 10000 100 2097152 161447 175437 96034
0b000401 0b002301 10000 100 512000 308448 29609 29583
0b007f01 0b001001 10000 100 10240 330714 8510 8550
0b005501 0b008701 10000 100 102400 326094 13680 12413
0b003001 0b009f01 10000 100 5242880 117695 223084 227901
0b008401 0b008001 10000 100 10240 339486 4503 4510
0b007801 0b003701 10000 100 512000 295338 50093 29583
0b006401 0b003e01 10000 100 2048 337855 8208 8207
0b008301 0b001501 10000 100 5120 344376 8298 8336
0b007d01 0b009501 10000 100 2097152 216101 143374 96034
0b000e01 0b004201 10000 100 20480 353079 8948 8979
0b005b01 0b009001 10000 100 2048 355179 8173 8207
0b008801 0b009c01 10000 100 204800 347353 16500 16705
0b009901 0b001301 10000 100 512000 328552 36963 29583
0b007d01 0b001201 10000 100 5120 358502 8315 8336
0b004b01 0b008601 10000 100 1024 360974 8154 8164
0b009701 0b004701 10000 100 5120 365887 8402 8336
0b003e01 0b007401 10000 100 204800 343140 33265 16705
0b007e01 0b006901 10000 100 204800 352054 27634 16705
0b007301 0b001201 10000 100 20480 373263 8946 8979
0b006101 0b002b01 10000 100 1048576 334807 51089 52077
0b001701 0b004d01 10000 100 204800 365357 24875 16705
0b003b01 0b000501 10000 100 2048 384270 8191 8207
0b007001 0b007201 10000 100 1048576 350521 47037 48037
0b003e01 0b008d01 10000 100 5242880 46443 356766 227901
0b006701 0b008101 10000 100 512000 354647 50045 29583
0b006d01 0b006b01 10000 100 204800 396804 18361 12665
0b000f01 0b004301 10000 100 10240 408045 8576 8550
0b007b01 0b008b01 10000 100 1048576 282082 146239 52077
0b006f01 0b003a01 10000 100 51200 419934 10295 10267
0b000201 0b005c01 10000 100 1048576 378633 52462 52077
0b008001 0b008b01 10000 100 10240 426713 5277 4510
0b005401 0b007001 10000 100 1024 424180 8130 8164
0b007901 0b002d01 10000 100 5120 428466 8298 8336
0b005c01 0b004d01 10000 100 512000 392539 51830 29583
0b006701 0b001c01 10000 100 102400 436520 16460 12413
0b008601 0b003e01 10000 100 512000 404982 49405 29583
0b005e01 0b000c01 10000 100 51200 435493 22246 10267
0b005401 0b005d01 10000 100 102400 450784 9617 8373
0b007101 0b005201 10000 100 51200 450226 10715 10267
0b004101 0b000701 10000 100 20480 451968 9057 8979
0b008301 0b005a01 10000 100 10240 453437 9252 8550
0b003701 0b001d01 10000 100 512000 409392 56040 29583
0b009401 0b009c01 10000 100 2097152 371290 94263 91994
0b003601 0b004b01 10000 100 102400 446376 20652 12413
0b006201 0b007a01 10000 100 1048576 314577 152625 52077
0b001c01 0b005a01 10000 100 51200 457851 16573 10267
0b007901 0b002601 10000 100 51200 467176 11131 10267
0b000b01 0b008a01 10000 100 10485760 39384 442020 447683
0b005501 0b004701 10000 100 51200 470364 11253 10267
0b001c01 0b009301 10000 100 204800 455590 26970 16705
0b007f01 0b004c01 10000 100 512000 454141 29656 29583
0b003a01 0b005e01 10001 100 1048576 390270 94137 52077
0b006201 0b002c01 10000 100 512000 458493 29080 29583
0b008101 0b006001 10000 100 2048 480121 8222 8207
0b005301 0b006d01 10000 100 10240 460716 30613 8550
0b001101 0b006d01 10000 100 1048576 400278 97242 52077
0b001001 0b000201 10000 100 2097152 405643 95065 96034
0b009701 0b005301 10000 100 204800 461897 40979 16705
0b008601 0b001b01 10000 100 2097152 336351 177008 96034
0b001601 0b008901 10000 100 5242880 280484 233551 227901
0b001801 0b001501 10000 100 51200 509003 7168 6227
0b009801 0b002901 10000 100 512000 462114 55058 29583
0b002a01 0b009a01 10000 100 51200 506943 11645 10267
0b006c01 0b006501 10000 100 51200 491073 27569 6227
0b009001 0b005e01 10000 100 512000 490859 33617 29583
0b009b01 0b006b01 10000 100 20480 515875 8961 8979
0b004b01 0b009e01 10000 100 10240 517928 8726 8550
0b007501 0b000401 10000 100 51200 516742 11358 10267
0b006001 0b005601 10000 100 512000 478623 50075 29583
0b005801 0b008601 10000 100 204800 511025 19392 16705
0b007401 0b003401 10000 100 204800 502364 30586 16705
0b002301 0b004601 10000 100 1048576 461708 73744 52077
0b001101 0b002601 10000 100 1048576 445626 92399 52077
0b007c01 0b009a01 10000 100 10485760 51316 487987 447683
0b008e01 0b004a01 10000 100 1048576 465398 76308 52077
0b005501 0b002f01 10000 100 512000 516391 29079 29583
0b000801 0b008c01 10000 100 10240 537302 8544 8550
0b001f01 0b004f01 10000 100 5120 538743 8565 8336
0b005101 0b004001 10000 100 1024 540659 8226 8164
0b005001 0b000b01 10000 100 102400 532754 16454 12413
0b004801 0b000a01 10000 100 512000 513313 43134 29583
0b003701 0b004b01 10000 100 5242880 251313 306130 227901
0b009601 0b001201 10000 100 1024 549856 8178 8164
0b001b01 0b002801 10000 100 5242880 225683 338723 227901
0b004201 0b009e01 10000 100 2048 561734 8643 8207
0b006c01 0b003701 10000 100 1048576 492228 78669 52077
0b008a01 0b007301 10000 100 2097152 388590 184476 96034
0b007d01 0b001b01 10000 100 5120 568076 8504 8336
0b009601 0b004301 10000 100 20480 576582 9152 8979
0b006001 0b009d01 10000 100 5242880 342709 244107 227901
0b006f01 0b004601 10000 100 20480 582342 9086 8979
0b005001 0b009401 10000 100 5242880 378240 231109 227901
0b003201 0b002b01 10000 100 10240 601144 8543 8550
0b000601 0b002901 10000 100 1048576 469744 140948 52077
0b002101 0b004501 10000 100 2097152 505881 108156 96034
0b001e01 0b000401 10000 100 5242880 214846 401924 227901
0b002401 0b005001 10000 100 5120 609100 8320 8336
0b008701 0b003201 10000 100 512000 589918 29435 29583
0b004a01 0b001501 10000 100 102400 613584 13650 12413
0b000a01 0b001b01 10000 100 51200 616313 11391 10267
0b002a01 0b009301 10000 100 1048576 543549 88115 52077
0b008b01 0b001d01 10000 100 51200 611940 22922 10267
0b009b01 0b005101 10000 100 51200 624954 10230 10267
0b000601 0b008101 10000 100 2097152 406345 230081 96034
0b003b01 0b008d01 10000 100 20480 627142 9768 8979
0b009901 0b000e01 10000 100 512000 601827 39172 29583
0b003c01 0b000301 10000 100 102400 622333 19605 12413
0b002a01 0b004401 10000 100 1048576 551563 91849 52077
0b001301 0b006901 10000 100 1024 636342 8130 8164
0b007801 0b009e01 10000 100 2097152 473889 170584 96034
0b001f01 0b004f01 10001 100 1048576 548686 96834 52077
0b000401 0b001001 10000 100 204800 617918 33245 16705
0b003601 0b003301 10000 100 10240 651637 5972 4510
0b008b01 0b007e01 10000 100 1048576 566016 97417 52077
0b009b01 0b005f01 10000 100 5120 655947 8298 8336
0b001e01 0b000a01 10000 100 5242880 262464 402950 227901
0b001401 0b004e01 10000 100 10485760 235740 439401 447683
0b002801 0b003601 10000 100 51200 662661 12590 10267
0b000301 0b003e01 10000 100 10240 669198 8994 8550
0b002f01 0b000b01 10000 100 102400 675384 12306 12413
0b003f01 0b008f01 10000 100 1048576 553139 137187 52077
0b002201 0b001601 10000 100 51200 678947 11862 10267
0b009301 0b003b01 10000 100 204800 675649 16872 16705
0b009f01 0b002101 10000 100 51200 679953 12991 10267
0b005301 0b007201 10000 100 2048 685020 8238 8207
0b000301 0b001201 10000 100 2097152 597452 100244 96034
0b005601 0b001601 10000 100 10485760 225129 473272 447683
0b002801 0b003d01 10000 100 10240 695025 8928 8550
0b000a01 0b007201 10000 100 10240 696957 8527 8550
0b004b01 0b002901 10000 100 20480 698633 9461 8979
0b009401 0b003601 10000 100 2097152 592984 122199 96034
0b006b01 0b009501 10000 100 512000 674209 43652 29583
0b005501 0b008f01 10000 100 5120 703446 17256 8336
0b005801 0b009301 10000 100 2048 712336 8568 8207
0b009301 0b001801 10000 100 1024 712203 9606 8164
0b003901 0b008a01 10000 100 204800 707628 19644 16705
0b009f01 0b001301 10000 100 1048576 655374 73556 52077
0b000001 0b000601 10000 100 5242880 389901 340858 223861
0b009c01 0b009f01 10000 100 51200 731940 7201 6227
0b005f01 0b001801 10000 100 204800 715247 24885 16705
0b001c01 0b006b01 10000 100 1048576 646778 96889 52077
0b007601 0b007d01 10000 100 512000 697704 46009 25543
0b002301 0b003001 10000 100 5120 739579 8789 8336
0b004901 0b009901 10000 100 2048 742172 8172 8207
0b009001 0b009401 10000 100 1024 746771 4116 4124
0b007801 0b000c01 10000 100 10485760 29522 722501 447683
0b003c01 0b001c01 10000 100 2097152 612350 141659 96034
0b002801 0b000001 10000 100 204800 724852 29337 16705
0b006201 0b008b01 10000 100 102400 749639 12326 12413
0b006c01 0b005801 10000 100 5242880 509943 252396 227901
0b003101 0b001901 10001 100 512000 682720 80918 29583
0b007d01 0b002701 10000 100 5242880 422524 344518 227901
0b001b01 0b004201 10000 100 5242880 471741 296395 227901
0b000101 0b009a01 10000 100 51200 760021 10245 10267
0b007b01 0b001301 10000 100 5242880 156318 617053 227901
0b004401 0b009301 10000 100 204800 757317 16652 16705
0b000f01 0b002801 10000 100 204800 748440 26318 16705
0b009401 0b006901 10000 100 2097152 655722 119748 96034
0b002c01 0b001f01 10000 100 1024 762528 16611 8164
0b000a01 0b007601 10000 100 51200 774440 10392 10267
0b003101 0b001901 10000 100 10485760 217533 570871 447683
0b004f01 0b006a01 10000 100 20480 778475 10710 8979
0b004701 0b009701 10000 100 2048 784485 8224 8207
0b004c01 0b002901 10000 100 10485760 207330 585952 447683
0b005e01 0b007801 10000 100 51200 783366 10244 10267
0b002001 0b000a01 10000 100 102400 775959 21134 12413
0b005d01 0b008301 10000 100 512000 751732 51110 29583
0b008001 0b004701 10000 100 10485760 150736 652332 447683
0b002b01 0b005401 10000 100 204800 745374 58215 16705
0b009d01 0b005501 10000 100 1024 801613 8141 8164
0b005e01 0b001b01 10000 100 204800 786505 25071 16705
0b000701 0b004e01 10000 100 51200 806384 10677 10267
0b002e01 0b007201 10000 100 1048576 766152 51218 52077
0b000901 0b001201 10000 100 512000 773711 50638 29583
0b004301 0b001201 10000 100 204800 801027 24789 16705
0b007001 0b000c01 10000 100 51200 814929 22524 10267
0b000801 0b009b01 10000 100 204800 824009 16537 16705
0b006c01 0b007801 10000 100 1024 835062 8170 8164
0b000e01 0b003d01 10000 100 51200 834485 11274 10267
0b000101 0b007501 10000 100 1048576 777002 73101 52077
0b003601 0b005d01 10000 100 5242880 410271 446947 227901
0b004f01 0b000001 10000 100 2097152 673292 187329 96034
0b000301 0b008e01 10000 100 20480 851583 9272 8979
0b008601 0b005401 10000 100 1048576 711824 149077 52077
0b009701 0b001001 10000 100 102400 846396 16471 12413
0b007a01 0b000801 10000 100 5120 844532 19779 8336
0b004201 0b007101 10000 100 2097152 594263 276492 96034
0b005a01 0b001401 10000 100 51200 861204 10301 10267
0b005201 0b006201 10000 100 102400 860156 12364 12413
0b003e01 0b005001 10000 100 204800 843061 30473 16705
0b004301 0b008f01 10000 100 10485760 173809 702249 447683
0b004f01 0b003d01 10000 100 5242880 541696 337236 227901
0b004201 0b007101 10001 100 204800 848401 36834 16705
0b007001 0b003b01 10000 100 1048576 832222 53340 52077
0b009401 0b003701 10000 100 5120 878980 8342 8336
0b006e01 0b002201 10000 100 2097152 793468 94083 96034
0b000c01 0b008e01 10000 100 2097152 642429 245472 96034
0b006a01 0b003f01 10000 100 5242880 667541 223304 227901
0b006001 0b000401 10000 100 102400 887286 16501 12413
0b005f01 0b009f01 10000 100 5242880 666901 237804 227901
0b000001 0b002301 10000 100 5242880 497268 408512 227901
0b002401 0b002f01 10000 100 20480 902492 4900 4939
0b004601 0b007e01 10000 100 512000 855764 53008 29583
0b000901 0b007c01 10000 100 20480 898469 10528 8979
0b000c01 0b003001 10000 100 51200 897317 24788 10267
0b009901 0b005e01 10000 100 10240 921663 8582 8550
0b000201 0b000b01 10000 100 2097152 844701 92177 91994
0b002f01 0b006101 10000 100 204800 920208 16900 16705
0b000001 0b008b01 10000 100 5120 928875 8434 8336
0b007301 0b008f01 10000 100 20480 921466 17567 8979
0b001801 0b009e01 10000 100 102400 925717 15013 12413
0b007601 0b004101 10000 100 10485760 441363 499849 447683
0b004201 0b008301 10000 100 5120 941205 8724 8336
0b005201 0b007f01 10000 100 102400 939202 12389 12413
0b005101 0b004901 10000 100 102400 938566 15006 12413
0b004501 0b003e01 10000 100 204800 946933 16710 16705
0b000e01 0b004c01 10000 100 512000 888103 77486 29583
0b004401 0b006a01 10000 100 51200 955400 10240 10267
0b005d01 0b003001 10000 100 10485760 488112 482860 447683
0b008b01 0b005d01 10000 100 1048576 911345 60216 52077
0b004201 0b005301 10000 100 10485760 176636 796405 447683
0b002501 0b004b01 10000 100 20480 967514 9798 8979
0b006001 0b007d01 10000 100 5242880 751067 227468 227901
0b007b01 0b002401 10000 100 5242880 383598 601382 227901
0b003f01 0b006901 10000 100 102400 976922 12344 12413
0b009401 0b001f01 10000 100 1048576 919449 70709 52077
0b006601 0b009101 10000 100 2097152 790194 200214 96034
0b008701 0b001001 10000 100 1048576 892546 101200 52077
0b007901 0b006501 10000 100 2048 955693 43317 8207
0b009f01 0b005301 10000 100 102400 986349 16468 12413
0b000301 0b000e01 10000 100 20480 1001411 4960 4939
0b002201 0b007601 10000 100 1048576 908018 99626 52077
0b002001 0b005e01 10000 100 2048 989733 21738 8207
0b007b01 0b009001 10000 100 51200 996282 15527 10267
0b003601 0b005d01 10001 100 1048576 947959 73437 52077
0b007401 0b005c01 10000 100 512000 931014 93672 29583
0b008d01 0b009601 10000 100 5242880 366476 658281 227901
0b005c01 0b006701 10000 100 51200 1016785 10321 10267
0b001401 0b003901 10000 100 1024 1019490 8211 8164
0b007301 0b005501 10000 100 102400 1011030 22837 12413
0b000301 0b005001 10000 100 204800 1013882 26139 16705
0b000901 0b009201 10000 100 1048576 952716 94097 52077
0b009301 0b002101 10000 100 1048576 959815 87089 52077
0b006101 0b000401 10000 100 512000 973498 74688 29583
0b003201 0b006101 10000 100 2097152 960560 98302 96034
0b005c01 0b000f01 10000 100 10240 1045748 14923 8550
0b001701 0b004d01 10001 100 51200 1051127 12392 10267
0b006a01 0b001401 10000 100 1048576 1013798 51103 52077
0b007f01 0b001b01 10000 100 10240 1055708 13280 8550
0b009801 0b008401 10000 100 10485760 624839 444740 447683
0b009701 0b003d01 10000 100 2048 1066309 8227 8207
0b003201 0b009501 10000 100 10240 1065877 9339 8550
0b007401 0b008801 10000 100 2097152 790056 287039 96034
0b000901 0b001101 10000 100 20000000 23192 1067378 846520
0b009b01 0b000d01 10000 100 10240 1083587 8558 8550
0b007f01 0b006501 10000 100 102400 1058303 35046 12413
0b007f01 0b007e01 10000 100 1048576 972535 128661 48037
0b000401 0b007701 10000 100 1048576 964245 138097 52077
0b009701 0b006f01 10000 100 5120 1100770 8499 8336
0b007a01 0b008d01 10000 100 512000 1026800 83756 29583
0b001901 0b008401 10000 100 512000 1036671 74585 29583
0b009101 0b007c01 10000 100 10485760 537654 575854 447683
0b009401 0b006d01 10000 100 102400 1104663 14007 12413
0b008801 0b002201 10000 100 102400 1101872 20673 12413
0b005b01 0b001401 10000 100 2048 1117158 8199 8207
0b003b01 0b002001 10000 100 10485760 539354 591254 447683
0b001401 0b005401 10000 100 51200 1101514 29107 10267
0b009801 0b002a01 10000 100 204800 1112455 18777 16705
0b004901 0b005501 10000 100 2048 1123124 8175 8207
0b000801 0b008a01 10000 100 5242880 914981 224929 227901
0b000501 0b000201 10000 100 5242880 753647 387428 223861
0b001401 0b004701 10000 100 102400 1129016 12499 12413
0b000001 0b000701 10000 100 5120 1138356 4315 4296
0b003101 0b000701 10000 100 2048 1135350 8221 8207
0b004701 0b004f01 10000 100 512000 1055078 97155 25543
0b004501 0b001401 10000 100 204800 1142475 16532 16705
0b004801 0b003001 10000 100 102400 1147728 12474 12413
0b004401 0b005301 10000 100 10240 1153874 8725 8550
0b002a01 0b002c01 10000 100 512000 1102038 67279 25543
0b004901 0b006201 10000 100 51200 1161071 10431 10267
0b009f01 0b009501 10000 100 5120 1163593 14428 4296
0b002801 0b007801 10000 100 51200 1171741 12392 10267
0b008a01 0b000201 10000 100 512000 1155484 29137 29583
0b000501 0b008901 10000 100 5242880 800151 391501 227901
0b000301 0b007f01 10000 100 204800 1184492 22753 16705
0b009501 0b000301 10000 100 20000000 175233 1033749 846520
0b007601 0b005a01 10000 100 10240 1202121 8770 8550
0b006501 0b007a01 10000 100 2097152 805371 411704 96034
0b009d01 0b004e01 10000 100 5120 1210951 8337 8336
0b004a01 0b008601 10000 100 5120 1218165 8532 8336
0b004b01 0b007001 10000 100 2048 1218995 8269 8207
0b001101 0b009501 10000 100 1048576 1133401 96181 52077
0b009501 0b002101 10000 100 204800 1213744 22394 16705
0b008801 0b001d01 10000 100 20480 1206054 31078 8979
0b003c01 0b009601 10000 100 102400 1216021 23511 12413
0b004601 0b009401 10000 100 512000 1172829 72492 29583
0b001a01 0b007101 10000 100 2097152 1145371 101093 96034
0b009701 0b003401 10000 100 20000000 397352 849226 846520
0b000001 0b009a01 10000 100 1024 1239581 8186 8164
0b007201 0b003e01 10000 100 51200 1231639 16403 10267
0b009301 0b007101 10000 100 1024 1239920 8130 8164
0b004e01 0b009d01 10000 100 1024 1241570 8277 8164
0b002501 0b004801 10000 100 20000000 284258 967118 846520
0b008001 0b003501 10000 100 204800 1221209 31684 16705
0b008701 0b000101 10000 100 5242880 804479 451282 227901
0b007101 0b008501 10000 100 20480 1248923 8940 8979
0b005a01 0b008d01 10000 100 51200 1246502 11400 10267
0b005c01 0b007601 10000 100 20480 1251086 9258 8979
0b000f01 0b004d01 10000 100 2097152 1047938 216643 96034
0b006901 0b004b01 10000 100 102400 1251048 13957 12413
0b000c01 0b000001 10000 100 20000000 68759 1196850 842480
0b003501 0b005a01 10000 100 20480 1257649 10542 8979
0b006401 0b006901 10000 100 102400 1258935 11853 8373
0b002d01 0b004601 10000 100 10485760 762668 509992 447683
0b006701 0b003101 10000 100 10240 1264626 9777 8550
0b004e01 0b004101 10000 100 20480 1273119 7414 4939
0b002301 0b007d01 10000 100 1048576 1226251 54764 52077
0b008201 0b006b01 10000 100 1048576 1231885 51446 52077
0b004701 0b001701 10000 100 2097152 1100246 185291 96034
0b005501 0b007201 10000 100 20480 1273545 14430 8979
0b009f01 0b007301 10000 100 512000 1206276 86377 29583
0b004501 0b005601 10000 100 20480 1284460 9381 8979
0b006801 0b004d01 10000 100 1048576 1177227 120106 52077
0b003d01 0b002501 10000 100 2048 1292195 8382 8207
0b001001 0b002701 10000 100 51200 1288375 14481 10267
0b003c01 0b000d01 10000 100 5120 1289201 19100 8336
0b000401 0b002801 10000 100 10485760 408280 900431 447683
0b006a01 0b005c01 10000 100 2048 1300909 8244 8207
0b007201 0b006a01 10000 100 1048576 1176605 142578 52077
0b002b01 0b007401 10000 100 5120 1312166 8520 8336
0b000901 0b001801 10000 100 2097152 1139865 182371 96034
0b003b01 0b009801 10000 100 1024 1314204 8141 8164
0b004301 0b006f01 10000 100 1024 1318935 8184 8164
0b004201 0b004801 10000 100 2097152 1156008 175897 91994
0b003801 0b001b01 10000 100 2097152 1077241 258407 96034
0b000001 0b008b01 10001 100 204800 1324319 16635 16705
0b003201 0b004101 10000 100 512000 1302219 39041 29583
0b002201 0b005601 10000 100 1024 1329693 11585 8164
0b009401 0b004601 10000 100 2097152 1162237 196058 96034
0b002001 0b001e01 10000 100 10485760 456964 902466 447683
0b000901 0b006901 10000 100 512000 1307060 52490 29583
0b001301 0b003f01 10000 100 51200 1349010 12345 10267
0b001101 0b000a01 10000 100 102400 1348117 14002 12413
0b000501 0b005701 10000 100 5120 1359587 8339 8336
0b002f01 0b002601 10000 100 512000 1336734 31597 25543
0b001601 0b003201 10000 100 102400 1357541 12297 12413
0b006501 0b004901 10000 100 102400 1344403 32696 12413
0b007001 0b000e01 10000 100 10240 1368875 8935 8550
0b002701 0b006a01 10000 100 2097152 1186631 195714 96034
0b005f01 0b005601 10000 100 1048576 1320797 64423 48037
0b006f01 0b001c01 10000 100 1024 1377809 8206 8164
0b006001 0b006a01 10000 100 1048576 1315488 70783 48037
0b000b01 0b003c01 10000 100 10240 1367128 19699 8550
0b006901 0b002201 10000 100 512000 1346434 44848 29583
0b004e01 0b004901 10001 100 51200 1380078 14590 6227
0b004f01 0b008601 10001 100 1048576 1226965 169145 52077
0b001701 0b009401 10000 100 2097152 1265911 133148 96034
0b009401 0b009901 10000 100 2097152 1271266 131892 91994
0b000601 0b007d01 10000 100 1024 1395345 8179 8164
0b006201 0b003f01 10000 100 51200 1396335 13041 10267
0b008301 0b006e01 10000 100 5120 1402494 8690 8336
0b001401 0b008901 10000 100 102400 1401218 12368 12413
0b001901 0b001f01 10000 100 512000 1348231 69676 25543
0b004101 0b006601 10000 100 2048 1400219 17930 8207
0b002c01 0b000301 10000 100 1048576 1284835 135074 52077
0b001401 0b004201 10000 100 10240 1411916 10859 8550
0b000801 0b004f01 10000 100 204800 1362483 60970 16705
0b009101 0b000c01 10000 100 2048 1396064 28148 8207
0b005001 0b007a01 10000 100 2097152 1131901 292340 96034
0b006201 0b004301 10000 100 2097152 1314719 111250 96034
0b009f01 0b008901 10000 100 102400 1405701 21024 12413
0b003a01 0b003c01 10000 100 20000000 350271 1079683 842480
0b007a01 0b002b01 10000 100 5120 1413872 18191 8336
0b006401 0b003901 10000 100 2097152 1238327 202417 96034
0b002901 0b004501 10000 100 512000 1328036 116569 29583
0b002c01 0b002701 10000 100 512000 1369998 75923 25543
0b004c01 0b001f01 10000 100 51200 1431806 17004 10267
0b005901 0b004d01 10000 100 10240 1440689 9004 8550
0b001c01 0b004501 10000 100 204800 1409915 41273 16705
0b008d01 0b009c01 10000 100 2097152 1120864 337381 96034
0b002c01 0b001d01 10000 100 512000 1322234 140681 29583
0b004701 0b007601 10000 100 1048576 1370632 94059 52077
0b001b01 0b003d01 10000 100 51200 1453471 13367 10267
0b001701 0b007101 10000 100 512000 1414590 54742 29583
0b003601 0b004f01 10000 100 10485760 397301 1076053 447683
0b009a01 0b000901 10000 100 1048576 1422932 52158 52077
0b009701 0b000e01 10000 100 102400 1462942 16441 12413
0b004e01 0b003d01 10000 100 204800 1429743 50092 16705
0b001f01 0b006001 10000 100 204800 1460790 19308 16705
0b003701 0b003901 10000 100 20000000 439316 1041790 842480
0b006301 0b002501 10000 100 51200 1481508 11832 10267
0b001b01 0b004901 10000 100 51200 1484297 12905 10267
0b005f01 0b002401 10000 100 20480 1494745 9457 8979
0b001901 0b000101 10000 100 20000000 189550 1315042 846520
0b007101 0b000f01 10000 100 1048576 1385530 120851 52077
0b002101 0b007b01 10000 100 512000 1469475 38132 29583
0b002001 0b004d01 10000 100 20000000 106334 1402189 846520
0b002301 0b007901 10000 100 2097152 1331312 178305 96034
0b006401 0b002301 10000 100 1024 1503344 8255 8164
0b008301 0b003801 10000 100 512000 1442174 71026 29583
0b002a01 0b004701 10000 100 20480 1504965 9022 8979
0b001201 0b006801 10000 100 20000000 423426 1095198 846520
0b008701 0b008901 10000 100 20480 1506776 12124 4939
0b005b01 0b009301 10000 100 51200 1509212 10209 10267
0b008b01 0b007001 10000 100 1048576 1451751 68213 52077
0b004e01 0b009b01 10000 100 1048576 1335023 190474 52077
0b006901 0b004f01 10000 100 5242880 861905 664842 227901
0b009d01 0b003c01 10000 100 204800 1499394 40138 16705
0b008a01 0b007e01 10000 100 204800 1507581 32843 16705
0b009901 0b008201 10000 100 1024 1535836 8175 8164
0b007f01 0b005401 10000 100 512000 1428339 116727 29583
0b008d01 0b001e01 10000 100 10485760 263111 1284398 447683
0b005101 0b005401 10000 100 51200 1518781 31590 6227
0b003e01 0b007301 10000 100 20000000 138982 1413579 846520
0b003d01 0b009501 10000 100 1048576 1415124 140657 52077
0b001d01 0b008801 10000 100 1024 1509357 49190 8164
0b003701 0b005d01 10000 100 5120 1555736 8411 8336
0b004201 0b003401 10000 100 102400 1539041 25445 12413
0b005001 0b002c01 10000 100 10485760 690737 874519 447683
0b005d01 0b007f01 10000 100 1024 1559234 8171 8164
0b002901 0b004401 10000 100 10485760 273279 1298072 447683
0b006701 0b004101 10000 100 5242880 938579 646724 227901
0b000501 0b007401 10000 100 1024 1577657 8180 8164
0b006901 0b009b01 10000 100 204800 1578423 16614 16705
0b002c01 0b003d01 10000 100 5242880 1142587 458304 227901
0b002301 0b000401 10000 100 5120 1589303 15816 8336
0b005901 0b003901 10000 100 102400 1589602 16702 12413
0b009901 0b009201 10000 100 2097152 1488994 118043 91994
0b002501 0b000301 10000 100 5242880 1043108 569312 227901
0b001f01 0b001d01 10000 100 10485760 470382 1143021 443643
0b005301 0b005a01 10000 100 2097152 1464968 148987 91994
0b005901 0b000e01 10000 100 10485760 1161651 453127 447683
0b008f01 0b002001 10000 100 5242880 973970 642297 227901
0b009c01 0b008a01 10000 100 102400 1595903 25069 12413
0b005b01 0b009201 10000 100 204800 1599705 22279 16705
0b005601 0b005101 10000 100 2097152 1535577 93205 91994
0b007c01 0b003a01 10000 100 102400 1615364 19679 12413
0b005701 0b002c01 10000 100 10485760 728628 907374 447683
0b002b01 0b006601 10000 100 10485760 1006869 632425 447683
0b003501 0b004001 10000 100 2097152 1338255 304689 96034
0b003801 0b009c01 10000 100 20480 1636010 9902 8979
0b006801 0b004201 10000 100 2097152 1502387 144353 96034
0b005501 0b007d01 10000 100 20480 1635303 13760 8979
0b001b01 0b008a01 10000 100 5120 1640724 10204 8336
0b002501 0b002001 10000 100 2097152 1402919 248316 91994
0b002901 0b002a01 10000 100 10485760 301598 1350564 443643
0b007f01 0b009801 10000 100 10240 1643612 8934 8550
0b007801 0b008801 10000 100 1048576 1518341 134772 52077
0b004a01 0b008201 10000 100 102400 1642461 14033 12413
0b006301 0b001401 10000 100 102400 1611145 45663 12413
0b001001 0b005701 10000 100 20480 1643254 16751 8979
0b001a01 0b008101 10000 100 204800 1630949 30988 16705
0b008f01 0b002501 10000 100 5242880 1028384 637868 227901
0b004801 0b002c01 10000 100 1024 1657033 10298 8164
0b002b01 0b008401 10000 100 102400 1643017 24911 12413
0b000701 0b007c01 10000 100 10485760 945949 725115 447683
0b007d01 0b007101 10000 100 102400 1662793 8348 8373
0b001c01 0b009501 10000 100 20000000 448050 1223831 846520
0b004701 0b005e01 10000 100 10485760 1069730 607255 447683
0b009601 0b006501 10000 100 512000 1554526 124198 29583
0b005a01 0b009d01 10000 100 1048576 1621430 57603 52077
0b008701 0b007501 10000 100 5120 1657569 22924 8336
0b001801 0b003201 10000 100 10240 1675089 8538 8550
0b001c01 0b005601 10000 100 2097152 1421174 264048 96034
0b008801 0b008201 10000 100 204800 1657978 27571 12665
0b008801 0b005a01 10000 100 20000000 393717 1292615 846520
0b002e01 0b008d01 10000 100 10485760 927954 761240 447683
0b003001 0b001101 10000 100 51200 1659232 31233 10267
0b005301 0b000e01 10000 100 2048 1683157 8251 8207
0b000601 0b001b01 10000 100 20000000 270862 1420999 846520
0b007601 0b007d01 10001 100 20480 1689118 5384 4939
0b002b01 0b008a01 10000 100 512000 1621716 75556 29583
0b003d01 0b009801 10000 100 1048576 1565463 138543 52077
0b009801 0b000701 10000 100 102400 1690021 16847 12413
0b007801 0b007b01 10000 100 2097152 1512279 195591 91994
0b007501 0b003201 10000 100 102400 1693822 16474 12413
0b004001 0b006d01 10000 100 20000000 326255 1385319 846520
0b002901 0b007701 10000 100 5242880 868177 846003 227901
0b002301 0b003e01 10000 100 102400 1685057 33756 12413
0b000001 0b002701 10000 100 20480 1713743 10662 8979
0b004b01 0b009f01 10000 100 10485760 1149822 575237 447683
0b003e01 0b007901 10000 100 2048 1704970 22060 8207
0b004e01 0b002301 10000 100 5242880 999539 731157 227901
0b008f01 0b006401 10000 100 512000 1702287 40606 29583
0b009001 0b001701 10000 100 5242880 1315465 427740 227901
0b005501 0b001201 10000 100 512000 1691058 55256 29583
0b005701 0b008d01 10000 100 1048576 1610815 138439 52077
0b001d01 0b006d01 10000 100 10240 1734335 16917 8550
0b006e01 0b002001 10000 100 5242880 1147676 604813 227901
0b007401 0b005201 10000 100 10485760 606926 1150069 447683
0b003101 0b004b01 10000 100 102400 1743231 13909 12413
0b004201 0b001e01 10000 100 1024 1760353 8359 8164
0b009e01 0b005f01 10000 100 512000 1692083 76842 29583
0b002f01 0b002401 10000 100 204800 1733114 37593 12665
0b004b01 0b007201 10000 100 51200 1752656 21950 10267
0b005f01 0b008001 10000 100 2048 1766727 8407 8207
0b000d01 0b001101 10000 100 2097152 1532137 249174 96034
0b002d01 0b000001 10000 100 51200 1770127 12464 10267
0b002901 0b001401 10000 100 1048576 1588266 198413 52077
0b005e01 0b006601 10000 100 2048 1778992 8290 8207
0b001301 0b005501 10000 100 10485760 1146220 641301 447683
0b004e01 0b005501 10000 100 10485760 698509 1089123 447683
0b001e01 0b003d01 10000 100 5120 1775763 13621 8336
0b007d01 0b002101 10000 100 5120 1782963 8402 8336
0b009101 0b007501 10000 100 1024 1772172 24529 8164
0b002601 0b001001 10000 100 204800 1777397 21825 16705
0b004201 0b008601 10000 100 2097152 1499738 300949 96034
0b006701 0b007e01 10000 100 20000000 299566 1501532 846520
0b004d01 0b006a01 10000 100 2048 1794674 8313 8207
0b003701 0b004301 10000 100 1048576 1747550 56409 52077
0b003801 0b006801 10000 100 5120 1798502 8710 8336
0b006601 0b005501 10000 100 51200 1798305 12592 10267
0b003901 0b007d01 10000 100 2097152 1632566 180393 96034
0b000801 0b005f01 10000 100 204800 1788209 25730 16705
0b009e01 0b002401 10000 100 5242880 1374404 440552 227901
0b002601 0b000d01 10000 100 10240 1806817 8937 8550
0b002801 0b004801 10000 100 5242880 1272378 546521 227901
0b003c01 0b008001 10000 100 20480 1789388 34248 8979
0b000901 0b001901 10000 100 2048 1806223 19083 8207
0b008a01 0b007101 10000 100 512000 1766250 60637 29583
0b002401 0b004601 10000 100 5242880 1415342 412101 227901
0b006b01 0b008301 10000 100 204800 1781018 47064 16705
0b006401 0b002801 10000 100 204800 1808860 20916 16705
0b006c01 0b002201 10000 100 10485760 1036007 796686 447683
0b007501 0b009401 10000 100 5242880 1560105 274860 227901
0b007801 0b004901 10000 100 1024 1816188 19252 8164
0b003801 0b000901 10000 100 102400 1816240 20604 12413
0b007b01 0b008701 10000 100 20000000 38306 1805806 846520
0b003d01 0b009a01 10000 100 204800 1796566 47604 16705
0b007101 0b002c01 10000 100 2097152 1727886 116372 96034
0b006e01 0b000001 10000 100 5242880 1243968 604832 227901
0b003c01 0b005c01 10000 100 512000 1745250 104603 29583
0b007b01 0b006301 10000 100 2097152 1684186 167952 96034
0b003a01 0b005b01 10000 100 2048 1846416 8244 8207
0b007f01 0b003301 10000 100 512000 1791400 71646 29583
0b005701 0b008d01 10001 100 5120 1851620 17324 8336
0b007401 0b006901 10000 100 2048 1860794 8458 8207
0b008301 0b005f01 10000 100 204800 1817241 57002 16705
0b005401 0b000801 10000 100 2097152 1591799 287575 96034
0b005c01 0b005e01 10000 100 512000 1808338 76917 25543
0b003401 0b004b01 10000 100 1024 1880123 8162 8164
0b001001 0b001a01 10000 100 20000000 714788 1180013 842480
0b003601 0b002a01 10000 100 51200 1883459 11553 10267
0b000901 0b007901 10000 100 10485760 1059126 839528 447683
0b001501 0b001d01 10000 100 204800 1866330 35533 12665
0b004501 0b001301 10000 100 512000 1861680 42892 29583
0b007501 0b003e01 10000 100 512000 1876445 30136 29583
0b006601 0b004a01 10000 100 20000000 786635 1120607 846520
0b008a01 0b000801 10000 100 51200 1894463 14317 10267
0b000e01 0b001201 10000 100 1024 1899235 10218 8164
0b006701 0b005601 10000 100 10485760 944000 967191 447683
0b001801 0b003c01 10000 100 2097152 1577838 334548 96034
0b009801 0b008601 10000 100 2048 1904429 8266 8207
0b004f01 0b008101 10000 100 1048576 1817023 96144 52077
0b004501 0b008201 10000 100 20480 1907957 9748 8979
0b000401 0b000c01 10000 100 20000000 344879 1577097 842480
0b009501 0b006b01 10000 100 102400 1911771 12420 12413
0b004101 0b000701 10001 100 5120 1916542 8786 8336
0b005c01 0b003d01 10000 100 512000 1851245 81664 29583
0b006301 0b008901 10000 100 51200 1926430 12612 10267
0b005a01 0b002b01 10000 100 1048576 1888345 52772 52077
0b001d01 0b009001 10000 100 2097152 1700820 240809 96034
0b007101 0b007e01 10000 100 2048 1940873 4388 4167
0b001801 0b007901 10000 100 2097152 1693173 254871 96034
0b009301 0b002101 10001 100 512000 1904290 48999 29583
0b003d01 0b007a01 10000 100 20000000 12095 1941827 846520
0b004c01 0b001a01 10000 100 5242880 1154501 799907 227901
0b001301 0b001b01 10000 100 204800 1940791 20277 12665
0b006501 0b007e01 10000 100 20480 1929942 40508 8979
0b001301 0b007801 10000 100 20480 1955887 14981 8979
0b001901 0b001b01 10000 100 10485760 942269 1033245 443643
0b005c01 0b003f01 10000 100 10240 1970216 9895 8550
0b004a01 0b007c01 10000 100 20480 1974430 10609 8979
0b007c01 0b004501 10000 100 10485760 1386470 600204 447683
0b006301 0b006501 10000 100 10485760 299476 1688194 443643
0b002701 0b007101 10000 100 51200 1967467 20792 10267
0b009701 0b002c01 10000 100 5120 1980336 8345 8336
0b009f01 0b007301 10001 100 102400 1968020 20830 12413
0b001d01 0b000c01 10000 100 51200 1971066 20687 10267
0b007e01 0b009201 10000 100 1048576 1847775 146271 52077
0b004001 0b009f01 10000 100 2097152 1729396 264805 96034
0b006101 0b006901 10000 100 5242880 1180908 815698 223861
0b000001 0b002801 10000 100 5242880 1554774 444420 227901
0b002d01 0b009601 10000 100 1048576 1905673 94220 52077
0b003301 0b004001 10000 100 512000 1890685 109415 29583
0b006101 0b002501 10000 100 10485760 822994 1178725 447683
0b003101 0b003e01 10000 100 1048576 1958552 48970 48037
0b004f01 0b007801 10000 100 2048 2006243 8306 8207
0b008501 0b005901 10000 100 102400 1999916 16030 12413
0b002801 0b001901 10000 100 20000000 573628 1444363 846520
0b007701 0b000f01 10000 100 1048576 1772818 248714 52077
0b008801 0b009301 10000 100 204800 2004815 20624 16705
0b006701 0b006d01 10000 100 512000 2005761 25531 25543
0b007801 0b008701 10000 100 5242880 1522897 513706 227901
0b008001 0b004d01 10000 100 51200 2017091 23203 10267
0b004e01 0b007501 10000 100 2048 2033437 8206 8207
0b001f01 0b001301 10000 100 1048576 1940614 101262 48037
0b005e01 0b005d01 10000 100 10485760 1604844 437891 443643
0b003701 0b004301 10001 100 1048576 1979404 63954 52077
0b006201 0b007d01 10000 100 102400 1998343 46961 12413
0b006701 0b001801 10000 100 20480 2040441 8933 8979
0b009401 0b004d01 10000 100 20480 2039397 10758 8979
0b005601 0b008c01 10000 100 1048576 2008129 51094 52077
0b006001 0b000601 10000 100 1048576 1924516 135051 52077
0b005401 0b005e01 10000 100 204800 2026210 33523 12665
0b001001 0b004301 10000 100 512000 2027694 34431 29583
0b008201 0b005c01 10000 100 5242880 1829731 233446 227901
0b004c01 0b004501 10000 100 512000 1982292 82295 25543
0b009301 0b005001 10000 100 102400 2044974 25384 12413
0b008e01 0b001801 10000 100 10240 2063939 8931 8550
0b001b01 0b004601 10000 100 10485760 1171886 902398 447683
0b002001 0b001b01 10000 100 204800 2048771 26204 16705
0b000801 0b001e01 10000 100 51200 2066830 11478 10267
0b003301 0b004c01 10000 100 2097152 1679621 399530 96034
0b005001 0b001001 10000 100 5242880 1769713 311154 227901
0b007f01 0b004001 10000 100 20000000 484737 1597643 846520
0b007901 0b004001 10000 100 10485760 836799 1253396 447683
0b005301 0b005d01 10000 100 512000 2071033 25593 25543
0b004901 0b009501 10000 100 2097152 1807770 291060 96034
0b002a01 0b006801 10000 100 102400 2084114 16156 12413
0b003801 0b001801 10000 100 51200 2075588 25683 10267
0b004d01 0b003901 10000 100 1024 2093694 8306 8164
0b000d01 0b009401 10000 100 1048576 1956937 148086 52077
0b009f01 0b001e01 10000 100 5120 2085707 22790 8336
0b006501 0b001601 10000 100 2097152 1741226 374446 96034
0b004d01 0b003c01 10000 100 204800 2061154 55529 16705
0b003f01 0b009301 10000 100 512000 2048978 67976 29583
0b007d01 0b008e01 10000 100 1048576 1998482 120763 52077
0b006301 0b004101 10000 100 5242880 1834396 287922 227901
0b002201 0b002e01 10000 100 512000 2057270 67225 25543
0b003f01 0b007b01 10000 100 20480 2113232 11422 8979
0b005201 0b001401 10000 100 204800 2045601 79186 16705
0b007401 0b007a01 10000 100 20000000 47697 2082681 842480
0b006701 0b006201 10000 100 51200 2100982 30788 6227
0b006001 0b009401 10000 100 1048576 2042475 89702 52077
0b000301 0b007501 10000 100 10240 2124706 9230 8550
0b005801 0b001201 10000 100 512000 2084248 50545 29583
0b000801 0b000501 10000 100 1048576 2092122 48998 48037
0b001d01 0b007401 10000 100 102400 2122634 20533 12413
0b007e01 0b005301 10000 100 20000000 347309 1796006 846520
0b001601 0b004f01 10000 100 2097152 1937963 205358 96034
0b002f01 0b002701 10000 100 2048 2139649 5038 4167
0b001001 0b000d01 10000 100 5120 2138227 8360 8336
0b002101 0b009701 10000 100 51200 2137304 10327 10267
0b006b01 0b008f01 10000 100 512000 2098237 51041 29583
0b009601 0b006601 10000 100 5120 2143664 8554 8336
0b004a01 0b005401 10000 100 10485760 794263 1360200 447683
0b005e01 0b005c01 10000 100 1048576 2094378 60801 48037
0b003501 0b002301 10000 100 2097152 1826095 329204 96034
0b006d01 0b006001 10000 100 5120 2152068 4385 4296
0b002c01 0b008201 10000 100 5242880 1851959 304800 227901
0b008d01 0b000f01 10000 100 1048576 1832192 324885 52077
0b003201 0b002801 10000 100 2048 2155030 8275 8207
0b005e01 0b008101 10000 100 512000 2123573 42932 29583
0b000101 0b006001 10000 100 2048 2159237 8195 8207
0b002c01 0b008d01 10000 100 10240 2163991 8976 8550
0b003f01 0b008e01 10000 100 102400 2157010 19894 12413
0b007b01 0b001401 10000 100 512000 2039095 145227 29583
0b003c01 0b008501 10000 100 102400 2154339 29999 12413
0b001b01 0b001001 10000 100 204800 2171683 14002 12665
0b009801 0b004401 10000 100 5242880 1642002 548954 227901
0b006201 0b004601 10000 100 51200 2162298 29765 10267
0b008f01 0b000f01 10000 100 20000000 202713 1989364 846520
0b002301 0b007901 10001 100 1048576 2018063 174310 52077
0b009001 0b006501 10000 100 20480 2156902 38574 8979
0b007e01 0b008f01 10000 100 20000000 385884 1813157 846520
0b000801 0b003801 10000 100 1024 2192080 8184 8164
0b004201 0b001501 10000 100 20000000 497096 1703319 846520
0b001501 0b004101 10000 100 2048 2194825 8228 8207
0b009201 0b004d01 10000 100 10240 2195615 8971 8550
0b002301 0b008c01 10000 100 102400 2179069 26753 12413
0b004f01 0b005f01 10000 100 51200 2193230 15081 10267
0b003301 0b006101 10000 100 1048576 2071287 138702 52077
0b000201 0b006101 10000 100 51200 2181231 29829 10267
0b000001 0b004701 10000 100 10485760 1552283 659478 447683
0b006801 0b002801 10000 100 204800 2192846 19063 16705
0b004f01 0b001101 10000 100 102400 2199490 16701 12413
0b003f01 0b004901 10000 100 2097152 1883349 334257 96034
0b003b01 0b005401 10000 100 10485760 720132 1498734 447683
0b001601 0b004b01 10000 100 1048576 2088866 130097 52077
0b009e01 0b009401 10000 100 5120 2218771 4387 4296
0b007901 0b007501 10000 100 1048576 2179402 48629 48037
0b002801 0b009601 10000 100 2097152 2096301 136289 96034
0b007a01 0b005401 10000 100 1048576 2127294 106150 52077
0b002201 0b004201 10000 100 102400 2224778 12415 12413
0b004101 0b006001 10000 100 204800 2205529 33244 16705
0b001601 0b001f01 10000 100 5242880 1801454 437899 223861
0b007d01 0b000601 10000 100 5120 2198895 42050 8336
0b000a01 0b007101 10000 100 10485760 1755788 486679 447683
0b006301 0b004501 10000 100 10240 2241994 8532 8550
0b005f01 0b002601 10000 100 2097152 2061916 189061 96034
0b000c01 0b005001 10000 100 2048 2245579 8473 8207
0b008d01 0b005901 10000 100 20000000 228327 2026342 846520
0b008f01 0b004401 10000 100 2097152 2031537 223733 96034
0b008d01 0b009801 10000 100 1048576 2122647 133378 52077
0b008701 0b007d01 10000 100 1048576 2082149 174143 52077
0b000301 0b008f01 10000 100 1048576 2182191 75579 52077
0b009f01 0b005001 10000 100 20000000 795558 1463196 846520
0b007101 0b006a01 10000 100 204800 2248964 19211 16705
0b003501 0b004901 10000 100 10485760 1157688 1110983 447683
0b008301 0b009001 10000 100 20000000 815984 1455894 846520
0b004801 0b007001 10000 100 1048576 2127066 146879 52077
0b006801 0b000f01 10000 100 2097152 1953481 327522 96034
0b008001 0b006801 10000 100 2097152 1959807 321400 96034
0b001801 0b007401 10000 100 204800 2252431 32383 16705
0b003901 0b002701 10000 100 20000000 1225876 1067476 846520
0b002c01 0b009901 10000 100 512000 2244823 50030 29583
0b008501 0b003401 10000 100 1048576 2232154 63638 52077
0b007201 0b001701 10000 100 1048576 2102769 197179 52077
0b004d01 0b001701 10000 100 20000000 679661 1622868 846520
0b004601 0b009001 10000 100 2097152 2158629 165017 96034
0b003e01 0b005f01 10000 100 20000000 1261205 1062785 846520
0b005201 0b004401 10000 100 10485760 1549239 775331 447683
0b005f01 0b005501 10000 100 10485760 1781898 548794 443643
0b001701 0b007901 10000 100 10485760 1506486 829234 447683
0b003501 0b000c01 10000 100 20000000 635111 1715561 846520
0b006e01 0b002d01 10000 100 20000000 956819 1394132 846520
0b006f01 0b009d01 10000 100 10485760 1790389 568376 447683
0b003f01 0b006c01 10000 100 20000000 1395329 963890 846520
0b004001 0b000601 10000 100 2097152 2122782 237012 96034
0b001e01 0b003301 10000 100 10485760 1404574 961970 447683
0b005a01 0b002b01 10001 100 2097152 2220521 146224 96034
0b007401 0b001901 10000 100 10485760 1193882 1188284 447683
0b006901 0b007801 10000 100 5242880 2041102 348945 227901
0b008f01 0b001301 10000 100 2097152 2211293 180223 96034
0b004d01 0b007301 10000 100 20000000 775631 1620991 846520
0b001601 0b005401 10000 100 2097152 1385270 1015374 96034
0b008301 0b009401 10000 100 5242880 1721766 689207 227901
0b006b01 0b007201 10000 100 10485760 1550111 897435 447683
0b003d01 0b001201 10000 100 20000000 1143593 1335058 846520
0b008801 0b008901 10000 100 5242880 2083362 408707 223861
0b009301 0b001601 10000 100 5242880 2003669 494685 227901
0b002001 0b000301 10000 100 20000000 1388336 1111723 846520
0b000f01 0b001101 10000 100 20000000 572121 1930256 846520
0b003c01 0b001d01 10000 100 5242880 1498048 1008881 227901
0b008001 0b001101 10000 100 10485760 1352838 1158344 447683
0b000c01 0b009401 10000 100 5242880 2221537 291309 227901
0b008d01 0b002301 10000 100 10485760 1190239 1328310 447683
0b001601 0b006101 10000 100 2097152 2170281 371855 96034
0b009001 0b005b01 10000 100 20000000 1549894 1020812 846520
0b009201 0b003301 10000 100 20000000 1277727 1296756 846520
0b006d01 0b007201 10000 100 20000000 1245159 1336594 846520
0b002001 0b007501 10000 100 5242880 2220666 368457 227901
0b009f01 0b001301 10001 100 20000000 1107668 1487741 846520
0b004e01 0b004901 10000 100 20000000 755093 1858489 842480
0b009601 0b008001 10000 100 10485760 1933089 695175 447683
0b004f01 0b008601 10000 100 20000000 1200179 1437267 846520
0b003801 0b009e01 10000 100 20000000 1320980 1340288 846520
0b004101 0b002e01 10000 100 20000000 1080882 1590649 846520
0b002701 0b003901 10000 100 10485760 1784512 892929 447683
0b004101 0b004f01 10000 100 20000000 915621 1772658 842480
0b002701 0b001501 10000 100 20000000 1138441 1552621 846520
0b008801 0b004c01 10000 100 20000000 760916 1937884 846520
0b006a01 0b000f01 10000 100 10485760 1618354 1087568 447683
0b002601 0b004001 10000 100 20000000 1529111 1214195 846520
0b009c01 0b008b01 10000 100 10485760 1479166 1266976 447683
0b008a01 0b000701 10000 100 10485760 1799234 952984 447683
0b004201 0b002301 10000 100 10485760 1629739 1134401 447683
0b008a01 0b006201 10000 100 20000000 1238457 1536105 846520
0b001b01 0b006201 10000 100 5242880 1703218 1097006 227901
0b002e01 0b005201 10000 100 20000000 1108959 1700458 846520
0b008001 0b000601 10000 100 20000000 984534 1829713 846520
0b002b01 0b008301 10000 100 10485760 1621276 1199899 447683
0b007b01 0b006201 10000 100 5242880 1981468 847692 227901
0b002b01 0b007101 10000 100 5242880 2182886 648580 227901
0b002501 0b000b01 10000 100 20000000 1094839 1748556 846520
0b001c01 0b009a01 10000 100 20000000 1153865 1701222 846520
0b004801 0b002601 10000 100 20000000 1394482 1463522 846520
0b003001 0b005401 10000 100 20000000 518794 2358123 846520
0b000501 0b004301 10000 100 20000000 2067092 834196 846520
0b009c01 0b007e01 10000 100 20000000 907498 1999829 846520
0b007201 0b007601 10000 100 20000000 860721 2046824 842480
0b008e01 0b008301 10000 100 20000000 1629246 1309134 842480
0b005b01 0b007f01 10000 100 20000000 1989144 965364 846520
0b007401 0b005101 10000 100 20000000 1683762 1279947 846520
0b008a01 0b002b01 10000 100 10485760 2189295 805674 447683
0b008301 0b006601 10000 100 20000000 1248505 1773404 846520
0b001201 0b003c01 10000 100 20000000 952516 2071325 846520
0b006201 0b004c01 10000 100 10485760 1531849 1494687 447683
0b006101 0b000f01 10000 100 5242880 2171047 866213 227901
0b002d01 0b005701 10000 100 20000000 1499223 1538741 846520
0b003801 0b007601 10000 100 20000000 1660971 1408886 846520
0b005701 0b001f01 10000 100 20000000 1000325 2075582 846520
0b009401 0b000601 10000 100 20000000 1628829 1448436 846520
0b000601 0b008701 10000 100 20000000 1046115 2031805 846520
0b004c01 0b007b01 10000 100 20000000 845409 2234856 846520
0b004a01 0b002e01 10000 100 20000000 1814602 1267125 846520
0b005701 0b003c01 10000 100 10485760 1600634 1485079 447683
0b001101 0b000a01 10001 100 20000000 2224368 866596 846520
0b007201 0b004c01 10000 100 20000000 801132 2334098 846520
0b006c01 0b000f01 10000 100 20000000 807726 2331710 846520
0b005101 0b006f01 10000 100 20000000 2132707 1011881 846520
0b004901 0b009a01 10000 100 20000000 1652772 1517748 846520
0b004c01 0b002301 10000 100 20000000 824926 2352517 846520
0b000701 0b009101 10000 100 20000000 911722 2282525 846520
0b004801 0b005701 10000 100 20000000 1623358 1579098 846520
0b006701 0b005201 10000 100 20000000 2098364 1111635 846520
0b002501 0b001a01 10000 100 20000000 1937101 1283052 846520
0b001901 0b008701 10000 100 20000000 1966128 1305259 846520
0b001c01 0b002a01 10000 100 20000000 2032821 1240014 846520
0b000d01 0b001e01 10000 100 20000000 1634632 1639146 846520
0b002901 0b009101 10000 100 20000000 647128 2627857 846520
0b009c01 0b000101 10000 100 20000000 1586652 1690285 846520
0b003a01 0b001f01 10000 100 20000000 1969802 1312390 846520
0b002c01 0b007b01 10000 100 20000000 2057211 1254012 846520
0b008601 0b003b01 10000 100 10485760 1927768 1384251 447683
0b000301 0b009101 10000 100 20000000 1040059 2291348 846520
0b003201 0b007701 10000 100 20000000 1722344 1643608 846520
0b009b01 0b000b01 10000 100 20000000 1707149 1661190 846520
0b009b01 0b007701 10000 100 20000000 1734447 1638925 846520
0b000b01 0b003601 10000 100 20000000 1621248 1753294 846520
0b002f01 0b008001 10000 100 20000000 1351152 2024535 846520
0b007301 0b003601 10000 100 20000000 1927178 1456220 846520
0b009301 0b001e01 10000 100 20000000 1694549 1726756 846520
0b008501 0b001d01 10000 100 10485760 1499233 1929874 447683
0b007101 0b006101 10000 100 10485760 2102263 1368685 447683
0b006101 0b009201 10000 100 20000000 929000 2581003 846520
0b007f01 0b007d01 10000 100 20000000 1997846 1528222 842480
0b009e01 0b003b01 10000 100 20000000 1411726 2124142 846520
0b002a01 0b007d01 10000 100 20000000 1841434 1697542 846520
0b009301 0b006101 10000 100 10485760 2180900 1358140 447683
0b003001 0b006101 10000 100 20000000 1268515 2307578 846520
0b001e01 0b009001 10000 100 20000000 2198905 1380438 846520
0b003301 0b006201 10000 100 20000000 2028177 1592929 846520
0b002801 0b003b01 10000 100 20000000 1503702 2137902 846520
0b006101 0b009c01 10000 100 20000000 1382830 2316429 846520
0b000201 0b001401 10000 100 20000000 1411593 2335411 846520
0b002f01 0b001901 10000 100 20000000 1505369 2248051 846520
0b005c01 0b002801 10000 100 10485760 2197052 1577536 447683
0b008001 0b001d01 10000 100 20000000 341515 3450975 846520
0b003b01 0b002501 10000 100 20000000 2061390 1771626 846520
0b002f01 0b008601 10000 100 20000000 1727203 2113137 846520
0b000d01 0b001401 10000 100 20000000 1505005 2384884 846520
0b002b01 0b001d01 10000 100 20000000 1423353 2467619 846520
0b004b01 0b004801 10000 100 10485760 2176299 1724214 443643
0b005801 0b006501 10000 100 20000000 25994 3892251 846520
0b007201 0b001401 10000 100 20000000 1384863 2562918 846520
0b001001 0b001d01 10000 100 20000000 769909 3236078 842480
0b003001 0b007c01 10000 100 20000000 1645259 2403754 846520
0b005c01 0b005001 10000 100 20000000 1607741 2520547 842480
0b003001 0b004901 10000 100 20000000 2100054 2103201 846520
0b004b01 0b003c01 10000 100 20000000 1392157 2895593 846520
0b005c01 0b005801 10000 100 20000000 1754769 2556748 842480
0b004b01 0b007801 10000 100 20000000 1857135 2681330 846520
0b004b01 0b009201 10000 100 20000000 1939580 2656654 846520
0b005c01 0b006201 10000 100 20000000 1990065 2700487 846520
0b006501 0b000901 10000 100 20000000 1842232 3535849 846520
0b007b01 0b006501 10000 100 20000000 860344 4523671 846520
0b005101 0b006501 10000 100 20000000 241318 5206738 846520
0b006501 0b002d01 10000 100 20000000 1915793 3543753 846520
0b003701 0b006501 10000 100 20000000 931686 4710134 846520
0b004201 0b006501 10000 100 20000000 1517506 4463015 846520
0b007c01 0b006501 10000 100 20000000 1235456 4781883 846520
0b007f01 0b006501 10001 100 20000000 1866154 4698666 846520
