0b009701 0b003301 10000 100 51200 1910 10297 10267
0b004f01 0b003301 10000 100 2048 9002 8184 8207
0b007901 0b006f01 10000 100 51200 13184 10490 10267
0b001c01 0b006101 10000 100 102400 12324 12518 12413
0b006601 0b001801 10000 100 20480 21675 8975 8979
0b004301 0b001b01 10000 100 51200 22039 10297 10267
0b006401 0b002301 10000 100 1024 25314 8147 8164
0b008701 0b003f01 10000 100 51200 25811 16260 10267
0b008f01 0b002401 10000 100 2048 34134 8184 8207
0b004001 0b009e01 10000 100 2048 40397 8184 8207
0b008101 0b004f01 10000 100 102400 36496 12498 12413
0b008d01 0b007401 10000 100 1024 41078 8140 8164
0b005201 0b000701 10000 100 10240 41647 8597 8550
0b006101 0b000401 10000 100 512000 27810 31280 29583
0b000201 0b001101 10000 100 2048 51015 8255 8207
0b009001 0b006401 10000 100 51200 49940 10317 10267
0b006901 0b008901 10000 100 10240 53952 8948 8550
0b005101 0b004b01 10000 100 102400 47541 16422 12413
0b008c01 0b004401 10000 100 102400 56873 12498 12413
0b006601 0b006201 10000 100 51200 59513 10601 6227
0b004d01 0b001f01 10000 100 2048 64820 8184 8207
0b004f01 0b000a01 10000 100 102400 62152 12498 12413
0b006e01 0b009301 10000 100 102400 63733 12498 12413
0b006f01 0b008901 10000 100 512000 48541 32287 29583
0b005101 0b004b01 10001 100 102400 67478 14476 12413
0b000401 0b005701 10000 100 5120 74145 8323 8336
0b000a01 0b007401 10000 100 51200 73617 10317 10267
0b008e01 0b005c01 10000 100 51200 76501 10297 10267
0b001701 0b006201 10000 100 512000 51651 35649 29583
0b003801 0b005e01 10000 100 20480 78391 8975 8979
0b009001 0b003d01 10000 100 512000 63347 31490 29583
0b009a01 0b000a01 10000 100 20480 86650 9052 8979
0b004801 0b006401 10000 100 5120 88725 8324 8336
0b002801 0b004001 10000 100 1024 92949 8146 8164
0b004501 0b005001 10000 100 10240 93263 8536 8550
0b003a01 0b005201 10000 100 1024 98676 8215 8164
0b004401 0b002501 10000 100 51200 103316 10297 10267
0b007001 0b006001 10000 100 2097152 12639 105483 96034
0b004701 0b004801 10000 100 204800 108074 13528 12665
0b003901 0b003601 10000 100 2097152 22969 100285 91994
0b009501 0b002601 10000 100 10240 115350 8552 8550
0b004e01 0b000401 10000 100 102400 111633 12498 12413
0b001301 0b001b01 10000 100 1048576 73703 52241 48037
0b008201 0b006e01 10000 100 204800 112292 25038 16705
0b002b01 0b008101 10000 100 51200 128058 11866 10267
0b009d01 0b005a01 10000 100 20480 132893 8975 8979
0b008c01 0b009301 10000 100 10240 136546 8536 8550
0b007801 0b009101 10000 100 512000 86308 62283 29583
0b004401 0b003201 10000 100 10240 141144 8547 8550
0b000801 0b006c01 10000 100 20480 142218 8975 8979
0b003b01 0b009801 10000 100 1048576 93962 59042 52077
0b007501 0b003b01 10000 100 2048 145472 8381 8207
0b002f01 0b003d01 10000 100 512000 115182 41904 29583
0b006201 0b008801 10000 100 102400 147054 13202 12413
0b002001 0b003601 10000 100 102400 145909 16861 12413
0b007a01 0b009e01 10000 100 51200 156465 11482 10267
0b002101 0b008701 10000 100 102400 153143 16930 12413
0b007c01 0b001001 10000 100 10240 162326 8536 8550
0b009901 0b009701 10000 100 1048576 119794 52175 48037
0b005701 0b002101 10000 100 204800 148885 25689 16705
0b000b01 0b008701 10000 100 10240 166956 9310 8550
0b005d01 0b003d01 10000 100 20480 168204 9843 8979
0b003201 0b000201 10000 100 1048576 120369 57781 52077
0b006901 0b008501 10000 100 512000 148954 33535 29583
0b007701 0b001401 10000 100 2097152 61156 122260 96034
0b004401 0b001301 10000 100 10240 180776 8729 8550
0b000601 0b002001 10000 100 5120 181750 8466 8336
0b001301 0b005001 10000 100 204800 175035 17342 16705
0b007801 0b005001 10000 100 1024 184293 8297 8164
0b008e01 0b002a01 10000 100 2048 187579 8184 8207
0b001801 0b008c01 10000 100 512000 167883 31806 29583
0b008501 0b007d01 10000 100 51200 193381 10382 10267
0b009801 0b004701 10000 100 5120 192968 16039 8336
0b003d01 0b003601 10000 100 10240 206061 4552 4510
0b009b01 0b008c01 10000 100 51200 201484 11941 10267
0b005701 0b008d01 10000 100 2097152 100904 112521 96034
0b003601 0b005f01 10000 100 5120 209849 8507 8336
0b000401 0b007401 10000 100 1024 210439 8165 8164
0b005301 0b008701 10000 100 102400 203809 16136 12413
0b000c01 0b009501 10000 100 1048576 129813 97072 52077
0b000c01 0b004201 10000 100 20480 220674 9049 8979
0b005901 0b009001 10000 100 2048 221986 8251 8207
0b007a01 0b001201 10000 100 5120 224064 8548 8336
0b008301 0b009c01 10000 100 204800 217096 18710 16705
0b007501 0b003701 10000 100 512000 184585 53379 29583
0b009201 0b004701 10000 100 5120 228678 10064 8336
0b006401 0b002801 10000 100 204800 216261 23607 16705
0b004001 0b007101 10000 100 2097152 60728 179172 96034
0b006d01 0b000401 10000 100 51200 227980 12056 10267
0b000d01 0b002801 10000 100 204800 212747 27641 16705
0b007001 0b001201 10000 100 20480 233289 8985 8979
0b004301 0b008601 10000 100 2048 234381 8185 8207
0b004d01 0b009f01 10000 100 512000 194882 49527 29583
0b004001 0b007101 10001 100 204800 219564 25121 16705
0b001501 0b004d01 10000 100 204800 228347 17547 16705
0b009d01 0b004701 10000 100 512000 182394 63621 29583
0b003901 0b000501 10000 100 2048 240168 8251 8207
0b009401 0b001301 10000 100 512000 205345 43907 29583
0b002801 0b009301 10000 100 1048576 155055 94456 52077
0b007b01 0b006901 10000 100 204800 220034 30066 16705
0b006d01 0b009801 10000 100 1024 244623 8181 8164
0b002801 0b004401 10000 100 1048576 160063 94534 52077
0b001d01 0b003701 10000 100 512000 198294 56906 29583
0b008201 0b006701 10000 100 2097152 63014 200543 96034
0b003b01 0b009a01 10000 100 204800 238401 25954 16705
0b009001 0b007f01 10000 100 2097152 91923 172687 96034
0b001801 0b007901 10000 100 512000 209296 55722 29583
0b009901 0b002101 10000 100 51200 256181 10312 10267
0b005201 0b007001 10000 100 1024 265112 8191 8164
0b007d01 0b008b01 10000 100 10240 266696 8951 8550
0b007601 0b002d01 10000 100 5120 267791 8324 8336
0b001101 0b003f01 10000 100 51200 264786 11379 10267
0b001d01 0b005e01 10000 100 10240 269016 8825 8550
0b002201 0b004001 10000 100 51200 266448 13024 10267
0b002901 0b007401 10000 100 5120 272032 8530 8336
0b005e01 0b001e01 10000 100 5120 272504 8483 8336
0b006001 0b000601 10000 100 1048576 209356 73962 52077
0b001c01 0b006b01 10000 100 51200 271059 12460 10267
0b005d01 0b000c01 10000 100 51200 272184 13013 10267
0b004001 0b008301 10000 100 5120 277568 8570 8336
0b003701 0b008a01 10000 100 204800 265206 21369 16705
0b006e01 0b005201 10000 100 51200 281390 12409 10267
0b005201 0b005d01 10000 100 102400 281739 14259 8373
0b005101 0b006d01 10000 100 10240 287948 8674 8550
0b003301 0b004b01 10000 100 102400 278984 21271 12413
0b008b01 0b008301 10000 100 5242880 23343 278260 223861
0b007c01 0b004c01 10000 100 512000 239468 62408 29583
0b004501 0b007101 10000 100 2097152 110159 192156 96034
0b007601 0b002601 10000 100 51200 291985 12529 10267
0b004201 0b006a01 10000 100 51200 295310 10318 10267
0b008001 0b000b01 10000 100 1048576 248758 57624 52077
0b005301 0b004701 10000 100 51200 293978 12721 10267
0b007e01 0b006001 10000 100 2048 300075 8240 8207
0b002c01 0b007901 10000 100 5242880 10661 298882 227901
0b009201 0b005301 10000 100 204800 288686 25883 16705
0b001c01 0b005901 10000 100 20480 304254 10716 8979
0b006201 0b003f01 10000 100 51200 302557 12508 10267
0b007a01 0b009501 10000 100 2097152 135064 180977 96034
0b006a01 0b006501 10000 100 51200 306920 10073 6227
0b004d01 0b007f01 10000 100 1048576 222952 95015 52077
0b000101 0b008901 10000 100 5120 312556 8533 8336
0b009301 0b002901 10000 100 512000 288820 33210 29583
0b001601 0b001501 10000 100 51200 318127 6399 6227
0b004d01 0b008301 10000 100 1048576 226910 102993 52077
0b000801 0b001301 10000 100 512000 290589 39730 29583
0b009601 0b006b01 10000 100 20480 322423 8996 8979
0b005a01 0b004c01 10000 100 512000 275961 58270 29583
0b007201 0b000401 10000 100 51200 322963 11693 10267
0b005601 0b008601 10000 100 204800 319390 18911 16705
0b007801 0b008b01 10000 100 1048576 176300 162350 52077
0b006001 0b009401 10000 100 1048576 283081 56667 52077
0b004f01 0b004001 10000 100 1024 337913 4153 4124
0b000f01 0b002601 10000 100 1048576 280578 63612 52077
0b007101 0b003401 10000 100 204800 313977 30419 16705
0b000601 0b008c01 10000 100 10240 335813 8782 8550
0b003801 0b005e01 10001 100 1048576 243918 104837 52077
0b008501 0b007301 10000 100 2097152 242867 106937 96034
0b009101 0b001201 10000 100 1024 343660 8140 8164
0b005301 0b002f01 10000 100 512000 322744 34241 29583
0b006201 0b004301 10000 100 2097152 251547 105644 96034
0b009d01 0b009e01 10000 100 2097152 220835 136847 91994
0b009b01 0b002301 10000 100 5120 349595 8633 8336
0b008b01 0b005e01 10000 100 512000 306786 55085 29583
0b004601 0b000a01 10000 100 512000 320820 42734 29583
0b007a01 0b001b01 10000 100 5120 355046 8594 8336
0b009101 0b004301 10000 100 20480 360365 8994 8979
0b002f01 0b003b01 10000 100 512000 324228 49232 29583
0b009b01 0b003801 10000 100 10240 364800 8990 8550
0b009701 0b009f01 10000 100 51200 368575 7489 6227
0b003d01 0b001b01 10000 100 102400 363288 14020 12413
0b008f01 0b009c01 10000 100 2097152 232056 145454 96034
0b006b01 0b006001 10000 100 204800 363160 14391 12665
0b005f01 0b004c01 10000 100 1048576 321184 66297 52077
0b008601 0b001d01 10000 100 51200 382462 11900 10267
0b006501 0b001c01 10000 100 102400 370302 25256 12413
0b004801 0b001501 10000 100 102400 383490 12832 12413
0b006501 0b008101 10000 100 512000 319132 81136 29583
0b009601 0b005101 10000 100 51200 390595 11276 10267
0b003901 0b008d01 10000 100 20480 391964 9962 8979
0b006a01 0b003701 10000 100 1048576 307642 96305 52077
0b004101 0b001201 10000 100 204800 392010 17640 16705
0b006601 0b005401 10000 100 102400 394309 16790 12413
0b006301 0b002501 10000 100 51200 407513 10457 10267
0b009601 0b005f01 10000 100 5120 409967 8529 8336
0b003a01 0b001001 10000 100 512000 350738 72749 29583
0b004201 0b005301 10000 100 10240 419356 9302 8550
0b001401 0b008901 10000 100 5242880 175302 255153 227901
0b009401 0b000e01 10000 100 512000 376143 55210 29583
0b002701 0b004901 10000 100 204800 415352 18085 16705
0b005101 0b007201 10000 100 2048 428136 8184 8207
0b002a01 0b001d01 10000 100 512000 336536 103686 29583
0b008e01 0b003b01 10000 100 204800 422282 21004 16705
0b005301 0b008f01 10000 100 5120 439652 8506 8336
0b008101 0b008501 10000 100 512000 402898 47076 25543
0b008e01 0b001801 10000 100 1024 445127 8203 8164
0b005601 0b009301 10000 100 2048 445209 8220 8207
0b006901 0b009501 10000 100 512000 421381 32873 29583
0b002a01 0b002701 10000 100 512000 366387 88261 25543
0b002a01 0b000301 10000 100 1048576 313161 145049 52077
0b000e01 0b002701 10000 100 51200 443487 15580 10267
0b003901 0b003b01 10000 100 102400 450082 11457 8373
0b008201 0b003201 10000 100 512000 431714 31914 29583
0b000501 0b007d01 10000 100 1024 456437 8274 8164
0b009901 0b005301 10000 100 102400 447678 17275 12413
0b005e01 0b000901 10000 100 10240 458571 9827 8550
0b004701 0b009901 10000 100 2048 463857 8690 8207
0b003601 0b000601 10000 100 2097152 273478 200914 96034
0b006d01 0b000c01 10000 100 51200 462201 12530 10267
0b008b01 0b009401 10000 100 1024 466731 8165 8164
0b008901 0b001801 10000 100 10240 466335 8636 8550
0b008601 0b007e01 10000 100 1048576 353760 124037 52077
0b002e01 0b001901 10001 100 512000 426700 52107 29583
0b005e01 0b008201 10000 100 204800 448755 32442 16705
0b004e01 0b000b01 10000 100 102400 461316 20752 12413
0b006d01 0b007001 10000 100 51200 473009 10304 10267
0b009c01 0b005401 10000 100 5120 475907 8852 8336
0b009d01 0b007f01 10000 100 204800 469782 17563 16705
0b000a01 0b008e01 10000 100 2097152 358543 128830 96034
0b007501 0b009e01 10000 100 2097152 296181 196212 96034
0b002b01 0b007b01 10000 100 102400 477197 18483 12413
0b003901 0b009801 10000 100 1024 488222 8210 8164
0b001201 0b003901 10000 100 1024 489844 8190 8164
0b004501 0b009701 10000 100 2048 490302 8188 8207
0b002d01 0b009f01 10000 100 5242880 73559 426434 227901
0b005d01 0b007801 10000 100 51200 489604 10970 10267
0b002501 0b007101 10000 100 51200 488023 14432 10267
0b006301 0b001401 10000 100 102400 488537 16437 12413
0b002901 0b008401 10000 100 102400 478813 30687 12413
0b005d01 0b001b01 10000 100 204800 491566 18203 16705
0b005b01 0b006b01 10000 100 51200 501234 11737 10267
0b000301 0b002401 10000 100 51200 500506 12630 10267
0b003e01 0b009d01 10000 100 2097152 407578 108715 96034
0b004a01 0b005d01 10000 100 2097152 244823 274891 96034
0b005c01 0b008301 10000 100 512000 469833 52386 29583
0b006a01 0b007801 10000 100 1024 521913 8185 8164
0b006101 0b006901 10000 100 5242880 157441 373451 223861
0b000a01 0b003001 10000 100 51200 517848 13122 10267
0b000c01 0b003d01 10000 100 51200 521554 12915 10267
0b000601 0b009b01 10000 100 204800 515006 19643 16705
0b000701 0b001201 10000 100 512000 483570 51707 29583
0b007701 0b000801 10000 100 5120 527833 8367 8336
0b006d01 0b000e01 10000 100 10240 531532 8803 8550
0b009201 0b001001 10000 100 102400 528997 17042 12413
0b005801 0b001401 10000 100 51200 538253 10822 10267
0b004d01 0b004a01 10000 100 204800 529777 20807 12665
0b001201 0b005401 10000 100 51200 541109 13045 10267
0b005001 0b006201 10000 100 102400 537598 16899 12413
0b008f01 0b003601 10000 100 2097152 370614 184663 96034
0b005f01 0b008201 10000 100 1048576 490295 66622 52077
0b008f01 0b003701 10000 100 5120 549361 8576 8336
0b000d01 0b004d01 10000 100 2097152 399934 159019 96034
0b009a01 0b002501 10000 100 5120 550570 8467 8336
0b002801 0b002c01 10000 100 512000 504109 55302 25543
0b007901 0b009a01 10000 100 10485760 32072 528320 447683
0b009901 0b009501 10000 100 5120 558455 4784 4296
0b003c01 0b002701 10000 100 5242880 112014 452180 227901
0b002901 0b008a01 10000 100 512000 465499 103640 29583
0b000701 0b007c01 10000 100 20480 561543 9817 8979
0b005a01 0b002801 10000 100 204800 554685 18936 16705
0b001201 0b004701 10000 100 102400 558297 16755 12413
0b002f01 0b004101 10000 100 2097152 394223 182215 96034
0b004e01 0b003d01 10000 100 5242880 128344 449570 227901
0b002201 0b005001 10000 100 5120 571653 8534 8336
0b009401 0b005e01 10000 100 10240 576039 8655 8550
0b007001 0b008f01 10000 100 20480 575915 13229 8979
0b000001 0b008b01 10000 100 5120 580547 8813 8336
0b008f01 0b006901 10000 100 2097152 409826 179856 96034
0b004a01 0b007101 10000 100 2097152 309609 281624 96034
0b001601 0b009e01 10000 100 102400 578573 12788 12413
0b003c01 0b002101 10000 100 1048576 400379 191083 52077
0b004f01 0b004901 10000 100 102400 586604 8928 8373
0b006c01 0b008b01 10000 100 204800 578722 19872 16705
0b005001 0b007f01 10000 100 102400 587001 12621 12413
0b008001 0b006e01 10000 100 5120 592431 8316 8336
0b000201 0b001901 10000 100 204800 574640 28725 16705
0b005e01 0b008301 10000 100 10240 593857 9807 8550
0b007601 0b006501 10000 100 2048 597308 8516 8207
0b004401 0b007e01 10000 100 512000 534852 76590 29583
0b002301 0b004b01 10000 100 20480 604696 9603 8979
0b009e01 0b005b01 10000 100 512000 551224 65184 29583
0b004001 0b004801 10000 100 2097152 411819 204697 91994
0b004c01 0b006501 10000 100 512000 533362 84000 29583
0b000c01 0b004c01 10000 100 512000 555063 63176 29583
0b006001 0b009501 10000 100 512000 588384 31811 29583
0b001f01 0b009701 10000 100 51200 602334 17902 10267
0b002001 0b004601 10000 100 1048576 505878 115923 52077
0b005e01 0b007901 10000 100 512000 555330 69162 29583
0b007c01 0b001b01 10000 100 10240 615446 9423 8550
0b002201 0b005a01 10000 100 5242880 190965 438907 227901
0b000901 0b003c01 10000 100 10240 623198 8954 8550
0b004c01 0b001401 10000 100 204800 597601 37008 16705
0b007c01 0b006501 10000 100 102400 617069 21550 12413
0b007801 0b009001 10000 100 51200 622676 19087 10267
0b009a01 0b004c01 10000 100 51200 630718 12161 10267
0b008f01 0b001f01 10000 100 1048576 574655 68835 52077
0b009a01 0b005b01 10000 100 204800 618729 25732 16705
0b007001 0b005501 10000 100 102400 631894 12897 12413
0b006b01 0b008a01 10000 100 10240 637413 9024 8550
0b001101 0b007801 10000 100 20480 644085 9337 8979
0b001101 0b001b01 10000 100 204800 634650 18861 12665
0b004a01 0b007201 10000 100 51200 643085 12843 10267
0b006a01 0b005801 10000 100 5242880 318715 337774 227901
0b009901 0b007301 10000 100 512000 585132 77492 29583
0b008001 0b003801 10000 100 512000 617232 49262 29583
0b001f01 0b007501 10000 100 5242880 241155 425985 227901
0b007c01 0b007e01 10000 100 1048576 563464 104414 48037
0b002a01 0b003d01 10000 100 5242880 224255 444190 227901
0b001501 0b004d01 10001 100 51200 656953 12104 10267
0b009d01 0b000f01 10000 100 5120 660908 8566 8336
0b009201 0b003d01 10000 100 2048 666442 8261 8207
0b004001 0b003401 10000 100 102400 651215 24397 12413
0b000e01 0b005701 10000 100 20480 665286 10425 8979
0b007f01 0b006b01 10000 100 1048576 614059 62999 52077
0b007701 0b008d01 10000 100 512000 641749 38710 29583
0b007101 0b005c01 10000 100 512000 581884 99343 29583
0b004a01 0b002a01 10000 100 5242880 234150 450003 227901
0b009601 0b000d01 10000 100 10240 677241 8642 8550
0b002001 0b003001 10000 100 5120 679548 8810 8336
0b006201 0b007d01 10000 100 102400 678813 15943 12413
0b002b01 0b008b01 10000 100 204800 668976 26016 16705
0b000301 0b008f01 10000 100 1048576 568160 127897 52077
0b009201 0b006f01 10000 100 5120 687981 8538 8336
0b007501 0b000c01 10000 100 10485760 18451 678900 447683
0b006301 0b008901 10000 100 51200 685591 12593 10267
0b008f01 0b006d01 10000 100 102400 690414 12786 12413
0b002601 0b009601 10000 100 2097152 514952 188448 96034
0b006c01 0b003a01 10000 100 51200 692644 11064 10267
0b000701 0b009201 10000 100 1048576 595448 110073 52077
0b004501 0b004f01 10000 100 512000 659424 46960 25543
0b005901 0b001401 10000 100 2048 698224 8225 8207
0b008e01 0b002101 10000 100 1048576 599884 107275 52077
0b008601 0b005d01 10000 100 1048576 569591 137672 52077
0b008301 0b002201 10000 100 102400 688669 18746 12413
0b004701 0b005501 10000 100 2048 701952 8674 8207
0b006801 0b003f01 10000 100 5242880 417212 295051 227901
0b006601 0b000201 10000 100 51200 700887 12807 10267
0b008201 0b001001 10000 100 1048576 620857 95135 52077
0b000001 0b000701 10000 100 5120 711473 4625 4296
0b002501 0b006d01 10000 100 102400 700163 17421 12413
0b002e01 0b000701 10000 100 2048 709594 8236 8207
0b009301 0b002a01 10000 100 204800 695285 25727 16705
0b008101 0b001101 10000 100 102400 701247 22628 12413
0b004101 0b006f01 10000 100 1024 715703 8194 8164
0b001701 0b008401 10000 100 512000 647919 76438 29583
0b000201 0b005d01 10000 100 10240 718947 9324 8550
0b006801 0b001401 10000 100 1048576 633623 94804 52077
0b001801 0b003d01 10000 100 51200 718169 11602 10267
0b005a01 0b003401 10000 100 102400 712866 17162 12413
0b009901 0b008901 10000 100 102400 709773 22051 12413
0b004301 0b005601 10000 100 20480 722748 9581 8979
0b004e01 0b009401 10000 100 5242880 364744 367668 227901
0b004601 0b003001 10000 100 102400 717330 17273 12413
0b007a01 0b002701 10000 100 5242880 264078 471443 227901
0b004701 0b006201 10000 100 51200 725669 12110 10267
0b001201 0b008901 10000 100 102400 728422 14793 12413
0b001201 0b004201 10000 100 10240 735109 8620 8550
0b001801 0b004901 10000 100 51200 737436 12539 10267
0b008501 0b000201 10000 100 512000 722177 32230 29583
0b001d01 0b006001 10000 100 204800 724476 32706 16705
0b002201 0b002f01 10000 100 20480 755024 4997 4939
0b003c01 0b008f01 10000 100 1048576 611327 151981 52077
0b005401 0b001601 10000 100 10485760 140707 623601 447683
0b004401 0b009401 10000 100 512000 733019 31567 29583
0b008301 0b001d01 10000 100 20480 753782 11148 8979
0b002801 0b004701 10000 100 20480 755940 10130 8979
0b004801 0b008601 10000 100 5120 761352 8547 8336
0b000801 0b008c01 10000 100 5120 762597 8366 8336
0b007801 0b001301 10000 100 5242880 97698 678400 227901
0b009001 0b002101 10000 100 204800 758589 21396 16705
0b004b01 0b001f01 10000 100 51200 765296 16042 10267
0b000001 0b009a01 10000 100 1024 774738 8149 8164
0b008e01 0b007101 10000 100 1024 774950 8233 8164
0b009d01 0b006b01 10000 100 20480 776274 9033 8979
0b006f01 0b003e01 10000 100 51200 769773 16931 10267
0b005801 0b008d01 10000 100 51200 779062 10723 10267
0b006e01 0b008501 10000 100 20480 780576 9414 8979
0b000f01 0b009501 10000 100 1048576 710436 82490 52077
0b003201 0b005a01 10000 100 20480 786030 11307 8979
0b006201 0b004601 10000 100 51200 781285 16243 10267
0b004001 0b001e01 10000 100 1024 789534 8272 8164
0b007d01 0b003501 10000 100 204800 763256 35874 16705
0b006c01 0b004601 10000 100 20480 794149 9534 8979
0b005301 0b007201 10000 100 20480 795965 9139 8979
0b003a01 0b008301 10000 100 1048576 710313 104464 52077
0b006601 0b003c01 10000 100 2048 807336 8406 8207
0b004d01 0b003d01 10000 100 1048576 757688 61168 52077
0b006801 0b005c01 10000 100 2048 813069 8237 8207
0b000001 0b002301 10000 100 5242880 310792 510549 227901
0b007101 0b008801 10000 100 2097152 493784 331607 96034
0b009801 0b008501 10000 100 204800 800191 25367 16705
0b004001 0b008601 10000 100 2097152 626650 202398 96034
0b002c01 0b002601 10000 100 512000 784751 58828 25543
0b001801 0b008a01 10000 100 5120 835202 8577 8336
0b000001 0b000601 10000 100 5242880 243687 600519 223861
0b006601 0b004e01 10000 100 10240 837395 9018 8550
0b000001 0b008b01 10001 100 204800 827700 20193 16705
0b005f01 0b004c01 10001 100 512000 784982 63997 29583
0b000f01 0b000a01 10000 100 102400 844635 10081 8373
0b001401 0b003201 10000 100 102400 848464 12825 12413
0b004901 0b000901 10000 100 2097152 579658 284618 96034
0b002701 0b004d01 10000 100 5242880 566436 298038 227901
0b006f01 0b006a01 10000 100 1048576 735378 129246 48037
0b004c01 0b002501 10000 100 10240 855202 9423 8550
0b008101 0b007001 10000 100 5242880 557361 310949 227901
0b002a01 0b008d01 10000 100 10240 862633 9415 8550
0b005c01 0b003001 10000 100 10485760 305071 567019 447683
0b007301 0b007d01 10000 100 512000 811398 62810 25543
0b000601 0b004f01 10000 100 204800 851551 26233 16705
0b002901 0b008c01 10000 100 10240 870603 10350 8550
0b008001 0b005f01 10000 100 204800 851649 36223 16705
0b003a01 0b008501 10000 100 102400 864597 23488 12413
0b006001 0b003e01 10000 100 1024 880117 8189 8164
0b008f01 0b004601 10000 100 2097152 726398 163360 96034
0b006301 0b004501 10000 100 10240 882817 9087 8550
0b007701 0b002b01 10000 100 5120 883670 8377 8336
0b002501 0b003901 10000 100 10485760 373675 520515 447683
0b002901 0b006601 10000 100 10485760 81220 813549 447683
0b003c01 0b006901 10000 100 102400 876192 21325 12413
0b008a01 0b002501 10000 100 5242880 516044 382080 227901
0b006501 0b003101 10000 100 10240 887869 10409 8550
0b003a01 0b005b01 10000 100 10485760 33764 870542 447683
0b007801 0b002401 10000 100 5242880 239748 665293 227901
0b005701 0b004d01 10000 100 10240 900431 9037 8550
0b004d01 0b001501 10000 100 1048576 807238 102414 52077
0b003c01 0b001801 10000 100 5242880 288996 621939 227901
0b006401 0b007901 10000 100 512000 869369 42330 29583
0b000701 0b006901 10000 100 512000 816912 95624 29583
0b001701 0b001f01 10000 100 512000 842644 74241 25543
0b001a01 0b006b01 10000 100 1048576 817381 104056 52077
0b003301 0b005d01 10000 100 5242880 256419 668666 227901
0b009701 0b008a01 10000 100 102400 908551 27715 12413
0b009201 0b000e01 10000 100 102400 914339 22158 12413
0b006401 0b004901 10000 100 102400 922515 14579 12413
0b007c01 0b005401 10000 100 512000 848341 90547 29583
0b005e01 0b005d01 10000 100 5242880 395728 549532 223861
0b008c01 0b000b01 10000 100 5120 936836 8552 8336
0b009501 0b000901 10000 100 1048576 886378 60576 52077
0b003501 0b008e01 10000 100 102400 933876 13518 12413
0b005901 0b009301 10000 100 51200 943257 10488 10267
0b009301 0b008401 10000 100 10485760 390525 565657 447683
0b003f01 0b006b01 10000 100 512000 910441 48219 29583
0b002901 0b007c01 10000 100 5120 951760 8991 8336
0b001e01 0b005701 10000 100 1024 952660 8578 8164
0b004f01 0b005401 10000 100 51200 949238 12032 10267
0b006101 0b008f01 10000 100 102400 950967 15277 12413
0b008501 0b007e01 10000 100 204800 942237 25396 16705
0b009401 0b008201 10000 100 1024 959897 8271 8164
0b001501 0b007101 10000 100 512000 884119 85038 29583
0b004501 0b007601 10000 100 1048576 856644 113996 52077
0b004d01 0b008601 10000 100 1048576 914079 58643 52077
0b008601 0b007001 10000 100 1048576 907345 67418 52077
0b000e01 0b004301 10000 100 512000 905561 70319 29583
0b008a01 0b006401 10000 100 512000 937232 39277 29583
0b002401 0b001001 10000 100 204800 959476 19431 16705
0b000e01 0b000d01 10000 100 5120 974645 4684 4296
0b004c01 0b001401 10001 100 1024 972927 8435 8164
0b005c01 0b007f01 10000 100 1024 974522 8140 8164
0b001c01 0b000401 10000 100 5242880 291475 692423 227901
0b001501 0b009401 10000 100 2097152 791194 192993 96034
0b002a01 0b009901 10000 100 512000 913152 71602 29583
0b002401 0b000d01 10000 100 10240 977863 8695 8550
0b006e01 0b000f01 10000 100 1048576 865956 123163 52077
0b007c01 0b009801 10000 100 10240 982887 8636 8550
0b001c01 0b000a01 10000 100 5242880 321236 670531 227901
0b000701 0b001801 10000 100 2097152 712414 289757 96034
0b006201 0b008b01 10000 100 204800 984845 22783 16705
0b008201 0b008901 10000 100 20480 1004750 5603 4939
0b005701 0b003901 10000 100 102400 993500 17338 12413
0b002e01 0b001901 10000 100 10485760 135957 875275 447683
0b005d01 0b006701 10000 100 102400 1003027 16035 12413
0b005901 0b009201 10000 100 204800 999815 26570 16705
0b008f01 0b009901 10000 100 2097152 794541 233057 96034
0b007901 0b003a01 10000 100 102400 1009602 18453 12413
0b009101 0b006501 10000 100 512000 971578 58094 29583
0b005301 0b007d01 10000 100 20480 1022064 9530 8979
0b003e01 0b004401 10000 100 1024 1024500 8965 8164
0b002501 0b001401 10000 100 10240 1030366 9541 8550
0b004501 0b001701 10000 100 2097152 687653 354382 96034
0b004601 0b002c01 10000 100 1024 1035644 8254 8164
0b004801 0b008201 10000 100 102400 1026538 18329 12413
0b000101 0b001401 10000 100 1048576 922896 124082 52077
0b005a01 0b005101 10000 100 5242880 749919 299076 223861
0b008801 0b009601 10000 100 5242880 229047 820636 227901
0b007a01 0b007101 10000 100 102400 1039245 12588 8373
0b002d01 0b001101 10000 100 51200 1037020 16752 10267
0b001601 0b003201 10000 100 10240 1046929 8773 8550
0b004e01 0b007a01 10000 100 2097152 835782 220334 96034
0b008301 0b008201 10000 100 204800 1036236 24068 12665
0b005101 0b000e01 10000 100 2048 1051973 9522 8207
0b001101 0b007501 10000 100 102400 1049255 12952 12413
0b000301 0b007e01 10000 100 5120 1053867 8828 8336
0b002a01 0b008201 10000 100 5242880 667612 395938 227901
0b003301 0b005d01 10001 100 1048576 906849 156895 52077
0b001f01 0b001601 10000 100 51200 1058293 10785 6227
0b005801 0b009d01 10000 100 1048576 1013393 56047 52077
0b009301 0b000701 10000 100 102400 1056262 14563 12413
0b004c01 0b007801 10001 100 512000 971669 101694 29583
0b000301 0b001c01 10000 100 10240 1065397 9654 8550
0b001401 0b005401 10000 100 2097152 865794 209669 96034
0b007201 0b003201 10000 100 102400 1058639 17238 12413
0b008201 0b000101 10000 100 5242880 565815 514721 227901
0b000001 0b002701 10000 100 20480 1071090 10417 8979
0b007501 0b008801 10000 100 1048576 948963 132632 52077
0b002c01 0b002401 10000 100 204800 1032490 49750 12665
0b009901 0b007301 10001 100 102400 1061221 21592 12413
0b003201 0b004001 10000 100 2097152 836409 247249 96034
0b002501 0b001301 10000 100 10240 1075980 9482 8550
0b004901 0b009e01 10000 100 10240 1079104 9722 8550
0b005301 0b001201 10000 100 512000 1056911 32023 29583
0b005101 0b005a01 10000 100 2097152 915606 174341 91994
0b002501 0b003501 10000 100 2097152 956929 134605 96034
0b001901 0b006101 10000 100 512000 1044123 48329 29583
0b003b01 0b007401 10000 100 204800 1051641 41466 16705
0b009e01 0b009801 10000 100 20480 1087550 7097 4939
0b001e01 0b007d01 10000 100 5120 1082817 12307 8336
0b009e01 0b006301 10000 100 51200 1081242 16164 10267
0b006701 0b005f01 10000 100 204800 1073891 26080 16705
0b000501 0b004e01 10000 100 51200 1088666 11501 10267
0b003701 0b007d01 10000 100 2097152 843292 259393 96034
0b002e01 0b004b01 10000 100 102400 1089518 15539 12413
0b008101 0b001d01 10000 100 1024 1098222 8262 8164
0b004901 0b008a01 10000 100 10485760 65691 1040939 447683
0b005201 0b000801 10000 100 2097152 994873 112276 96034
0b008201 0b007501 10000 100 5120 1098996 8353 8336
0b006301 0b004101 10000 100 5242880 628068 480563 227901
0b000e01 0b004601 10000 100 2048 1106255 8473 8207
0b006b01 0b001e01 10000 100 10240 1107598 8968 8550
0b003a01 0b000701 10000 100 2048 1110894 8227 8207
0b002001 0b007d01 10000 100 1048576 983717 135580 52077
0b009401 0b009201 10000 100 2097152 930621 189511 91994
0b005f01 0b005401 10000 100 2097152 788990 332147 91994
0b004301 0b008201 10000 100 20480 1112432 9062 8979
0b006301 0b009601 10000 100 51200 1111266 10627 10267
0b007a01 0b002101 10000 100 5120 1114352 8491 8336
0b004001 0b002c01 10000 100 5120 1117878 8806 8336
0b005401 0b005101 10000 100 2097152 959737 168002 91994
0b006301 0b008701 10000 100 20480 1123712 10297 8979
0b007301 0b005a01 10000 100 10240 1126657 8717 8550
0b002801 0b006801 10000 100 102400 1117907 18404 12413
0b006901 0b008301 10000 100 204800 1113136 23705 16705
0b000701 0b001901 10000 100 2048 1128890 8339 8207
0b007c01 0b003301 10000 100 512000 1075255 64854 29583
0b008801 0b009c01 10000 100 2097152 700540 440985 96034
0b001c01 0b005601 10000 100 10485760 157195 985586 447683
0b009901 0b001e01 10000 100 5120 1134777 8952 8336
0b007501 0b004901 10000 100 1024 1135118 8685 8164
0b000601 0b005f01 10000 100 204800 1117631 29633 16705
0b003901 0b002c01 10000 100 5120 1140834 8881 8336
0b004301 0b001301 10000 100 512000 1083509 67742 29583
0b000201 0b003e01 10000 100 10240 1143514 9544 8550
0b003801 0b005b01 10000 100 2048 1154010 8324 8207
0b009c01 0b000c01 10000 100 10240 1157276 9220 8550
0b005501 0b008d01 10001 100 5120 1157262 9363 8336
0b009b01 0b006701 10000 100 20000000 7542 1160632 846520
0b007101 0b006901 10000 100 2048 1162997 8634 8207
0b002601 0b006c01 10000 100 5120 1163097 10078 8336
0b007d01 0b004701 10000 100 10485760 94209 1079006 447683
0b008501 0b007101 10000 100 512000 1103906 73076 29583
0b007501 0b007b01 10000 100 2097152 945175 234348 91994
0b004b01 0b004501 10000 100 512000 1109350 72503 25543
0b003101 0b004b01 10000 100 1024 1175077 8206 8164
0b008a01 0b002001 10000 100 5242880 482035 703224 227901
0b001d01 0b001301 10000 100 1048576 1024364 163113 48037
0b001301 0b001d01 10000 100 204800 1166457 21466 12665
0b001801 0b001001 10000 100 204800 1167052 24535 12665
0b000601 0b008a01 10000 100 5242880 571863 622578 227901
0b005501 0b008d01 10000 100 1048576 1006759 188387 52077
0b000c01 0b001201 10000 100 1024 1187022 8169 8164
0b008501 0b000801 10000 100 51200 1184039 13757 10267
0b009301 0b008601 10000 100 2048 1190267 8227 8207
0b004901 0b002901 10000 100 20480 1192045 14684 8979
0b009001 0b006b01 10000 100 102400 1194856 17070 12413
0b005d01 0b009101 10000 100 1048576 1125293 86939 52077
0b006301 0b001901 10000 100 204800 1187034 26030 16705
0b002f01 0b002801 10000 100 2048 1212137 4200 4167
0b002001 0b000401 10000 100 5120 1210626 8743 8336
0b001e01 0b006d01 10000 100 2097152 935591 284856 96034
0b006e01 0b007e01 10000 100 2048 1213045 8322 8207
0b007401 0b000f01 10000 100 1048576 1108012 114892 52077
0b007201 0b003e01 10000 100 512000 1172777 52967 29583
0b005a01 0b006601 10000 100 10240 1220944 8713 8550
0b000b01 0b001101 10000 100 2097152 957585 272266 96034
0b003601 0b001001 10000 100 2097152 1018327 213863 96034
0b004c01 0b002601 10000 100 1048576 1030957 202999 52077
0b006101 0b008601 10000 100 204800 1210258 26661 16705
0b005e01 0b005101 10000 100 10240 1233860 4797 4510
0b005d01 0b004901 10000 100 2048 1232852 8311 8207
0b003001 0b004001 10000 100 512000 1181678 59983 29583
0b007801 0b006301 10000 100 2097152 1052615 189655 96034
0b004801 0b007c01 10000 100 20480 1234019 10943 8979
0b007f01 0b005c01 10000 100 5242880 987713 258001 227901
0b009201 0b002c01 10000 100 5120 1237709 8687 8336
0b006a01 0b002201 10000 100 10485760 647505 600017 447683
0b002501 0b009801 10000 100 512000 1201428 52563 29583
0b003001 0b004c01 10000 100 2097152 1049763 205999 96034
0b001b01 0b008801 10000 100 1024 1251048 8246 8164
0b009201 0b003401 10000 100 20000000 248345 1015146 846520
0b000201 0b008e01 10000 100 20480 1257506 11967 8979
0b002301 0b002001 10000 100 2097152 876825 397531 91994
0b001c01 0b003d01 10000 100 5120 1267048 8495 8336
0b000301 0b006c01 10000 100 1048576 1107045 170499 52077
0b007d01 0b004d01 10000 100 51200 1260683 17937 10267
0b008301 0b009301 10000 100 204800 1253009 27116 16705
0b008f01 0b004d01 10000 100 20480 1274622 9360 8979
0b001601 0b003c01 10000 100 2097152 986148 300165 96034
0b006e01 0b002c01 10000 100 2097152 1079929 206445 96034
0b005201 0b005e01 10000 100 204800 1266381 21286 12665
0b008e01 0b002101 10001 100 512000 1190181 98273 29583
0b002001 0b003e01 10000 100 102400 1270471 18988 12413
0b001801 0b007701 10000 100 204800 1263039 26591 16705
0b004b01 0b006f01 10000 100 5120 1281407 8778 8336
0b002c01 0b002701 10000 100 2048 1286573 4404 4167
0b003a01 0b006601 10000 100 204800 1266647 26179 16705
0b003601 0b007e01 10000 100 5120 1283768 9159 8336
0b000201 0b001201 10000 100 2097152 1098673 199186 96034
0b004b01 0b001a01 10000 100 5242880 591982 707015 227901
0b006c01 0b001c01 10000 100 1024 1291318 8702 8164
0b006b01 0b008701 10000 100 5120 1291688 8606 8336
0b008e01 0b005001 10000 100 102400 1278108 23293 12413
0b003a01 0b007101 10000 100 2048 1293939 8350 8207
0b004701 0b009501 10000 100 2097152 1129856 173347 96034
0b007b01 0b009201 10000 100 1048576 1154859 148489 52077
0b009d01 0b008601 10000 100 51200 1292242 11256 10267
0b000601 0b001e01 10000 100 51200 1291768 12965 10267
0b003401 0b001d01 10000 100 512000 1212174 93152 29583
0b005e01 0b005f01 10000 100 10485760 296794 1009853 443643
0b008c01 0b007501 10000 100 1024 1302816 8253 8164
0b005701 0b000e01 10000 100 10485760 726032 586787 447683
0b005801 0b002b01 10000 100 1048576 1180215 133468 52077
0b008801 0b000f01 10000 100 1048576 1145121 168655 52077
0b005001 0b001401 10000 100 204800 1278501 37040 16705
0b008101 0b003e01 10000 100 512000 1241497 76194 29583
0b001e01 0b009901 10000 100 10485760 453680 865354 447683
0b003501 0b000301 10000 100 51200 1307484 11906 10267
0b007a01 0b008e01 10000 100 1048576 1249050 71888 52077
0b005101 0b005d01 10000 100 512000 1294395 27726 25543
0b002e01 0b003e01 10000 100 1048576 1224094 98266 52077
0b003a01 0b009b01 10000 100 10240 1314063 8901 8550
0b001a01 0b004501 10000 100 204800 1294343 42230 16705
0b008001 0b001501 10000 100 5120 1327882 9237 8336
0b004001 0b003a01 10000 100 512000 1299566 37962 29583
0b005601 0b001201 10000 100 512000 1302655 35292 29583
0b006401 0b001601 10000 100 2097152 1170529 168162 96034
0b001801 0b006b01 10000 100 204800 1318397 22415 16705
0b006601 0b005201 10000 100 20000000 57875 1283441 846520
0b005a01 0b008f01 10000 100 5120 1331528 10050 8336
0b008001 0b000601 10000 100 512000 1244228 97549 29583
0b009101 0b006601 10000 100 5120 1339790 9322 8336
0b006901 0b008f01 10000 100 512000 1311398 39406 29583
0b001f01 0b007601 10000 100 1048576 1201461 150227 52077
0b002001 0b007901 10000 100 2097152 1049381 304426 96034
0b003f01 0b001701 10000 100 5242880 852570 502497 227901
0b000201 0b000e01 10000 100 20480 1351147 5453 4939
0b005401 0b008c01 10000 100 1048576 1255080 102655 52077
0b003601 0b008901 10000 100 10240 1347700 10493 8550
0b008b01 0b006501 10000 100 20480 1348065 10178 8979
0b007801 0b001401 10000 100 512000 1274434 85114 29583
0b000901 0b002a01 10000 100 204800 1338009 24441 16705
0b008101 0b001b01 10000 100 2097152 1198604 167064 96034
0b002701 0b008001 10000 100 1048576 1249448 117983 52077
0b000a01 0b005001 10000 100 2048 1360511 8708 8207
0b004501 0b005e01 10000 100 10485760 668582 703974 447683
0b006601 0b004b01 10000 100 102400 1357392 16631 12413
0b000b01 0b009401 10000 100 1048576 1223085 152162 52077
0b000601 0b003801 10000 100 1024 1370050 8254 8164
0b001301 0b004101 10000 100 2048 1371765 8257 8207
0b008d01 0b004d01 10000 100 10240 1372259 8849 8550
0b007a01 0b000601 10000 100 5120 1374309 8563 8336
0b002401 0b004d01 10000 100 5120 1376045 8700 8336
0b004c01 0b008701 10000 100 204800 1341315 44533 16705
0b000201 0b005001 10000 100 204800 1358943 27929 16705
0b004d01 0b008101 10000 100 1048576 1282865 110710 52077
0b002801 0b002901 10000 100 102400 1382858 11076 8373
0b002701 0b009901 10000 100 1024 1387009 8200 8164
0b002b01 0b006201 10000 100 51200 1379386 16346 10267
0b006001 0b009e01 10000 100 10485760 765842 630209 447683
0b001b01 0b006d01 10000 100 10240 1391660 9341 8550
0b009f01 0b005b01 10000 100 10485760 512567 895588 447683
0b003b01 0b005001 10000 100 204800 1364093 44194 16705
0b004d01 0b007801 10000 100 2048 1401127 8332 8207
0b005a01 0b001f01 10000 100 51200 1397636 12525 10267
0b005d01 0b008c01 10000 100 51200 1400484 10394 10267
0b003e01 0b006601 10000 100 2048 1403629 8314 8207
0b000e01 0b000201 10000 100 5120 1409083 5048 4296
0b000601 0b000501 10000 100 1048576 1307575 109801 48037
0b006e01 0b006a01 10000 100 204800 1405603 13606 12665
0b009801 0b001801 10000 100 512000 1361126 60052 29583
0b000001 0b001a01 10000 100 5120 1415526 8795 8336
0b003201 0b002301 10000 100 2097152 1141309 284208 96034
0b009c01 0b006501 10000 100 512000 1361065 65673 29583
0b001601 0b007401 10000 100 204800 1407768 20452 16705
0b002e01 0b002b01 10000 100 10240 1423463 4871 4510
0b002a01 0b001101 10000 100 51200 1418338 14186 10267
0b007301 0b007d01 10001 100 20480 1431032 5710 4939
0b003f01 0b009101 10000 100 1048576 1309664 127199 52077
0b008801 0b004a01 10000 100 51200 1420075 17824 10267
0b007201 0b005601 10000 100 51200 1426741 11854 10267
0b000001 0b002801 10000 100 5242880 971735 466984 227901
0b009401 0b000301 10000 100 51200 1427366 11666 10267
0b000e01 0b007101 10000 100 1048576 1275763 164789 52077
0b007b01 0b002b01 10000 100 10240 1431067 9724 8550
0b001601 0b007901 10000 100 2097152 1058233 385013 96034
0b003b01 0b008d01 10000 100 5242880 866206 580257 227901
0b004101 0b005001 10000 100 1048576 1322585 125125 52077
0b008a01 0b001301 10000 100 2097152 1255363 192724 96034
0b003001 0b006101 10000 100 1048576 1294554 153591 52077
0b000d01 0b008701 10000 100 1024 1441732 8593 8164
0b006601 0b002201 10000 100 512000 1417009 33535 29583
0b000701 0b001b01 10000 100 51200 1440108 12722 10267
0b001d01 0b003e01 10000 100 5120 1448482 8788 8336
0b009601 0b004f01 10000 100 102400 1438821 23181 12413
0b002901 0b007101 10000 100 5242880 816231 649316 227901
0b003601 0b004d01 10000 100 2097152 1167428 301448 96034
0b007601 0b007501 10000 100 1048576 1362127 108847 48037
0b002201 0b004601 10000 100 5242880 1075556 396300 227901
0b003301 0b002101 10000 100 10485760 407272 1064922 447683
0b004601 0b007001 10000 100 1048576 1329417 143241 52077
0b001401 0b004b01 10000 100 1048576 1305542 170992 52077
0b007901 0b004501 10000 100 10485760 866544 612873 447683
0b000501 0b005f01 10000 100 10485760 52982 1426927 447683
0b005901 0b004d01 10000 100 512000 1431638 54335 29583
0b007e01 0b007a01 10000 100 1048576 1417583 69673 48037
0b008a01 0b004401 10000 100 2097152 1143015 350626 96034
0b003501 0b005e01 10000 100 2097152 1338999 156149 96034
0b008801 0b009801 10000 100 1048576 1326654 169123 52077
0b006f01 0b001701 10000 100 1048576 1314232 184927 52077
0b000c01 0b003601 10000 100 512000 1437080 62684 29583
0b008201 0b007d01 10000 100 1048576 1364359 138899 52077
0b007701 0b005401 10000 100 1048576 1329558 174128 52077
0b000e01 0b002101 10000 100 2097152 1203199 301378 96034
0b005501 0b002c01 10000 100 10485760 455393 1052106 447683
0b009b01 0b001501 10000 100 1048576 1442031 66043 52077
0b001f01 0b008901 10000 100 10485760 452964 1070416 447683
0b007201 0b009401 10000 100 5242880 975066 551184 227901
0b001401 0b004f01 10000 100 2097152 1211227 317444 96034
0b007d01 0b006801 10000 100 2097152 1224880 307739 96034
0b003901 0b002001 10000 100 10485760 337095 1195834 447683
0b004e01 0b001001 10000 100 5242880 1234414 298633 227901
0b002301 0b000301 10000 100 5242880 651942 885101 227901
0b002301 0b007801 10000 100 512000 1414576 124527 29583
0b008101 0b005401 10000 100 1048576 1433274 108875 52077
0b003a01 0b009f01 10000 100 2097152 1346289 196207 96034
0b007501 0b008701 10000 100 5242880 951810 607947 227901
0b002901 0b008301 10000 100 10485760 465224 1109893 447683
0b008001 0b009401 10000 100 5242880 791976 784047 227901
0b007f01 0b003f01 10000 100 2097152 1408577 174528 96034
0b008b01 0b001701 10000 100 5242880 822166 761973 227901
0b007f01 0b009801 10000 100 2097152 1387360 205442 96034
0b001a01 0b005601 10000 100 2097152 1301379 299014 96034
0b005801 0b002b01 10001 100 2097152 1387825 232952 96034
0b000801 0b008a01 10000 100 10485760 1014864 619970 447683
0b006101 0b009c01 10000 100 20000000 283643 1352392 846520
0b001401 0b006101 10000 100 2097152 1356425 290392 96034
0b000001 0b005801 10000 100 2097152 1439825 208107 96034
0b001b01 0b009001 10000 100 2097152 1370714 283689 96034
0b000f01 0b003f01 10000 100 2097152 1448627 206405 96034
0b001701 0b001b01 10000 100 10485760 588918 1088164 443643
0b001a01 0b006301 10000 100 20000000 84734 1602518 846520
0b009301 0b004401 10000 100 5242880 1026250 663036 227901
0b006701 0b007801 10000 100 5242880 1264245 435486 227901
0b001801 0b004601 10000 100 10485760 542179 1168660 447683
0b001801 0b006201 10000 100 5242880 874261 839533 227901
0b000e01 0b001a01 10000 100 20000000 84995 1633888 846520
0b006501 0b004101 10000 100 5242880 684089 1037147 227901
0b003a01 0b002001 10000 100 5242880 172348 1554638 227901
0b003c01 0b004901 10000 100 2097152 1442710 285627 96034
0b002601 0b003b01 10000 100 20000000 144577 1602810 846520
0b001401 0b001f01 10000 100 5242880 1125909 644971 223861
0b004901 0b004b01 10000 100 20000000 40218 1747594 842480
0b001701 0b007101 10000 100 2097152 1445026 343931 96034
0b008001 0b009601 10000 100 5242880 1205193 589076 227901
0b008301 0b008901 10000 100 5242880 1302100 503991 223861
0b004801 0b005401 10000 100 10485760 496414 1328756 447683
0b000a01 0b009401 10000 100 5242880 1345487 489951 227901
0b009c01 0b007101 10000 100 10485760 452857 1394333 447683
0b000001 0b004701 10000 100 10485760 970177 879385 447683
0b008501 0b000701 10000 100 10485760 1124521 728513 447683
0b001701 0b000101 10000 100 20000000 118469 1743785 846520
0b008301 0b005a01 10000 100 20000000 246073 1619567 846520
0b003301 0b004f01 10000 100 10485760 248313 1620583 447683
0b008e01 0b001601 10000 100 5242880 1252293 618737 227901
0b003201 0b004901 10000 100 10485760 723554 1157494 447683
0b004401 0b009001 10000 100 2097152 1349142 544886 96034
0b003f01 0b004f01 10000 100 5242880 951357 957681 227901
0b005b01 0b002801 10000 100 10485760 980163 941106 447683
0b004c01 0b007801 10000 100 5242880 935974 990448 227901
0b001e01 0b009001 10000 100 10485760 833703 1103033 447683
0b003401 0b004b01 10000 100 5242880 1113374 824236 227901
0b004201 0b007501 10000 100 10485760 1123889 842902 447683
0b009b01 0b005f01 10000 100 5242880 779384 1187977 227901
0b003e01 0b009b01 10000 100 20000000 601943 1381448 846520
0b000701 0b007901 10000 100 10485760 661953 1325205 447683
0b007b01 0b005301 10000 100 20000000 217068 1776838 846520
0b001001 0b006801 10000 100 20000000 196064 1798478 846520
0b009901 0b005001 10000 100 20000000 328434 1666949 846520
0b000201 0b004401 10000 100 5242880 823804 1173737 227901
0b003c01 0b001701 10000 100 10485760 265615 1739885 447683
0b007101 0b005201 10000 100 10485760 379329 1652976 447683
0b002601 0b002a01 10000 100 10485760 1241630 800553 443643
0b006201 0b004c01 10000 100 10485760 387254 1665100 447683
0b004c01 0b001901 10000 100 10485760 604431 1471948 447683
0b005501 0b003c01 10000 100 10485760 1000397 1084603 447683
0b001501 0b007901 10000 100 10485760 941554 1149402 447683
0b007b01 0b008f01 10000 100 20000000 241176 1875048 846520
0b003901 0b002501 10000 100 20000000 955213 1172457 846520
0b006401 0b009101 10000 100 2097152 1339956 790332 96034
0b001f01 0b008501 10000 100 20000000 377755 1755704 846520
0b003d01 0b006d01 10000 100 20000000 761308 1399836 846520
0b002401 0b008e01 10000 100 10485760 1444196 721085 447683
0b001c01 0b003301 10000 100 10485760 1035055 1134756 447683
0b008801 0b002301 10000 100 10485760 743899 1432179 447683
0b003a01 0b003801 10000 100 20000000 854007 1323972 842480
0b006901 0b007201 10000 100 10485760 968820 1213783 447683
0b005001 0b004401 10000 100 10485760 968274 1218893 447683
0b000901 0b003601 10000 100 20000000 782023 1415530 846520
0b009901 0b001301 10000 100 20000000 523502 1678776 846520
0b003201 0b000c01 10000 100 20000000 396945 1834516 846520
0b006601 0b004f01 10000 100 5242880 1114177 1119464 227901
0b008001 0b006601 10000 100 20000000 496188 1738043 846520
0b007601 0b004001 10000 100 10485760 523000 1717582 447683
0b007d01 0b001101 10000 100 10485760 845523 1396046 447683
0b007801 0b006201 10000 100 5242880 1238418 1033664 227901
0b008d01 0b003301 10000 100 20000000 798580 1509718 846520
0b005b01 0b004a01 10000 100 20000000 24324 2284099 846520
0b000201 0b004a01 10000 100 20000000 112803 2197402 846520
0b007101 0b007a01 10000 100 20000000 29810 2283760 842480
0b000401 0b004301 10000 100 20000000 516336 1798922 846520
0b000701 0b001101 10000 100 20000000 14495 2309592 846520
0b008801 0b005901 10000 100 20000000 142704 2181417 846520
0b009e01 0b000401 10000 100 20000000 187415 2142351 846520
0b009801 0b000f01 10000 100 20000000 156277 2180947 846520
0b004001 0b002301 10000 100 10485760 707901 1641963 447683
0b003b01 0b007301 10000 100 20000000 924043 1433020 846520
0b008901 0b006901 10000 100 20000000 797604 1563022 846520
0b006b01 0b005f01 10000 100 20000000 248003 2116877 846520
0b009101 0b008001 10000 100 10485760 1208181 1169418 447683
0b007101 0b001901 10000 100 10485760 746176 1635199 447683
0b004801 0b002e01 10000 100 20000000 1134126 1265794 846520
0b000f01 0b000a01 10001 100 20000000 1392290 1026848 842480
0b009c01 0b000501 10000 100 20000000 400220 2022705 846520
0b002b01 0b003001 10000 100 20000000 1314199 1122645 846520
0b003c01 0b006c01 10000 100 20000000 1137697 1301094 846520
0b007c01 0b004001 10000 100 20000000 258590 2203090 846520
0b004f01 0b006f01 10000 100 20000000 1332941 1131904 846520
0b008e01 0b006101 10000 100 10485760 1363063 1118293 447683
0b009001 0b000301 10000 100 20000000 109520 2378789 846520
0b006e01 0b006101 10000 100 10485760 1313914 1175139 443643
0b000d01 0b001101 10000 100 20000000 102547 2388038 846520
0b004c01 0b005901 10000 100 20000000 405322 2106947 846520
0b004a01 0b004801 10000 100 10485760 907861 1621884 443643
0b008b01 0b005b01 10000 100 20000000 968685 1576938 846520
0b002301 0b004801 10000 100 20000000 177660 2373924 846520
0b009e01 0b005801 10000 100 20000000 914506 1652622 846520
0b000501 0b007c01 10000 100 10485760 1175894 1414928 447683
0b004601 0b005701 10000 100 20000000 1014598 1591001 846520
0b003401 0b004101 10000 100 20000000 423977 2183635 846520
0b008c01 0b005701 10000 100 20000000 593650 2033797 846520
0b008501 0b002b01 10000 100 10485760 1368309 1260325 447683
0b001d01 0b000601 10000 100 20000000 519612 2127021 846520
0b000301 0b001d01 10000 100 5242880 1405769 1247134 227901
0b001901 0b000501 10000 100 20000000 697556 1955372 846520
0b003701 0b002701 10000 100 20000000 589111 2079668 846520
0b009f01 0b000e01 10000 100 10485760 360135 2315920 447683
0b006501 0b005601 10000 100 10485760 687478 1997958 447683
0b003601 0b005301 10000 100 20000000 958553 1727041 846520
0b003801 0b003c01 10000 100 20000000 218919 2469060 842480
0b006501 0b007401 10000 100 20000000 97477 2591908 846520
0b009701 0b008b01 10000 100 10485760 835592 1873311 447683
0b002501 0b004901 10000 100 5242880 1209357 1513170 227901
0b000401 0b008101 10000 100 20000000 859229 1880447 846520
0b000101 0b009e01 10000 100 20000000 1345374 1399888 846520
0b005901 0b007f01 10000 100 20000000 1243214 1504944 846520
0b007d01 0b000601 10000 100 20000000 615333 2134260 846520
0b009801 0b007501 10000 100 20000000 1339930 1432119 846520
0b003e01 0b004f01 10000 100 20000000 1100756 1672811 846520
0b004b01 0b007b01 10000 100 20000000 398798 2382914 846520
0b006a01 0b000f01 10000 100 20000000 504829 2293565 846520
0b000b01 0b001401 10000 100 20000000 940629 1861060 846520
0b006f01 0b007601 10000 100 20000000 537951 2268360 846520
0b005501 0b001f01 10000 100 20000000 625202 2181776 846520
0b007001 0b003601 10000 100 20000000 1204486 1603894 846520
0b002a01 0b007b01 10000 100 20000000 795896 2013942 846520
0b002401 0b004001 10000 100 20000000 804296 2038438 846520
0b003001 0b006201 10000 100 20000000 1267611 1588631 846520
0b001a01 0b009a01 10000 100 20000000 1134311 1732034 846520
0b002001 0b004701 10000 100 20000000 217310 2649875 846520
0b003401 0b003901 10000 100 20000000 1230876 1660834 842480
0b004701 0b009a01 10000 100 20000000 1032981 1873987 846520
0b007101 0b005101 10000 100 20000000 1052350 1858928 846520
0b001001 0b005501 10000 100 10485760 1425810 1493391 447683
0b004601 0b002601 10000 100 20000000 871551 2056826 846520
0b002f01 0b007701 10000 100 20000000 941707 1991429 846520
0b000501 0b008701 10000 100 20000000 238170 2699886 846520
0b004b01 0b002301 10000 100 20000000 385997 2553366 846520
0b006101 0b000f01 10000 100 5242880 776279 2167492 227901
0b001d01 0b002901 10000 100 20000000 492283 2453424 846520
0b000c01 0b009001 10000 100 20000000 1418903 1544340 846520
0b006501 0b006701 10000 100 10485760 1351077 1663973 443643
0b000201 0b009101 10000 100 20000000 1375301 1661951 846520
0b000b01 0b001e01 10000 100 20000000 1021645 2063167 846520
0b003801 0b001f01 10000 100 20000000 1231125 1864185 846520
0b001001 0b003c01 10000 100 20000000 526746 2573789 846520
0b008e01 0b001e01 10000 100 20000000 1059093 2064732 846520
0b006801 0b000f01 10000 100 10485760 1011472 2117232 447683
0b002501 0b009c01 10000 100 20000000 931962 2245083 846520
0b004e01 0b002c01 10000 100 10485760 560055 2618189 447683
0b007c01 0b007d01 10000 100 20000000 1204283 1990368 842480
0b008801 0b001e01 10000 100 10485760 164443 3035622 447683
0b006401 0b006501 10000 100 10485760 1288476 1914428 443643
0b002d01 0b005401 10000 100 20000000 324245 2896393 846520
0b002001 0b007e01 10000 100 20000000 97963 3142952 846520
0b007801 0b008701 10000 100 20000000 23941 3232410 846520
0b006f01 0b001401 10000 100 20000000 865540 2398246 846520
0b006f01 0b004c01 10000 100 20000000 500707 2795762 846520
0b000501 0b009101 10000 100 20000000 1154503 2144003 846520
0b006501 0b007e01 10000 100 20000000 284706 3014511 846520
0b002301 0b001a01 10000 100 20000000 1210687 2125385 846520
0b002601 0b004401 10000 100 10485760 1223930 2128015 447683
0b002801 0b007d01 10000 100 20000000 966233 2513795 846520
0b002d01 0b007c01 10000 100 20000000 1028286 2468142 846520
0b006c01 0b000501 10000 100 20000000 430185 3093660 846520
0b001701 0b008701 10000 100 20000000 1228829 2297159 846520
0b008f01 0b000601 10000 100 20000000 1018018 2520030 846520
0b001b01 0b007701 10000 100 20000000 307699 3232275 846520
0b004a01 0b009201 10000 100 20000000 759913 2801124 846520
0b009601 0b007701 10000 100 20000000 1084029 2555865 846520
0b002b01 0b007d01 10000 100 20000000 335871 3308588 846520
0b002301 0b000b01 10000 100 20000000 684275 2981842 846520
0b008501 0b006201 10000 100 20000000 774035 2904242 846520
0b001001 0b002d01 10000 100 20000000 1419815 2275128 846520
0b003b01 0b001d01 10000 100 20000000 614782 3143688 846520
0b003e01 0b002e01 10000 100 20000000 1204044 2556708 846520
0b000401 0b004c01 10000 100 20000000 1347585 2448349 846520
0b009701 0b007e01 10000 100 20000000 478300 3319553 846520
0b004a01 0b006b01 10000 100 20000000 1074845 2756134 846520
0b003601 0b000b01 10000 100 20000000 1197066 2673939 846520
0b002901 0b001d01 10000 100 20000000 341522 3533675 846520
0b002c01 0b008001 10000 100 20000000 793762 3087418 846520
0b004a01 0b007801 10000 100 20000000 708385 3173802 846520
0b009601 0b000b01 10000 100 20000000 1066967 2826239 846520
0b002d01 0b004901 10000 100 20000000 1312533 2610582 846520
0b002b01 0b004c01 10000 100 10485760 128671 3809794 447683
0b002c01 0b001901 10000 100 20000000 890148 3097622 846520
0b002c01 0b006201 10000 100 20000000 409180 3626515 846520
0b002c01 0b008601 10000 100 20000000 1028795 3018262 846520
0b009801 0b008701 10000 100 20000000 26220 4051511 846520
0b003d01 0b001d01 10000 100 10485760 557398 3574651 447683
0b002d01 0b006101 10000 100 20000000 792821 3500377 846520
0b009701 0b000101 10000 100 20000000 902771 3406754 846520
0b006401 0b000901 10000 100 20000000 1233658 3103750 846520
0b008301 0b004c01 10000 100 20000000 475573 3889840 846520
0b006401 0b002d01 10000 100 20000000 1279633 3103742 846520
0b006401 0b004a01 10000 100 20000000 1337731 3061554 846520
0b000e01 0b001d01 10000 100 20000000 119445 4453313 846520
0b009701 0b000201 10000 100 20000000 1345712 3256155 846520
0b009701 0b006001 10000 100 20000000 1346062 3255934 846520
0b000301 0b006d01 10000 100 20000000 896504 3862294 846520
0b007d01 0b001d01 10000 100 20000000 213447 4632276 846520
0b000301 0b003801 10000 100 20000000 1018299 3877712 846520
0b007801 0b006501 10000 100 20000000 537716 4490907 846520
0b000301 0b009801 10000 100 20000000 1223088 3828583 846520
0b000301 0b008d01 10000 100 20000000 1403011 3708473 846520
0b005601 0b006501 10000 100 20000000 16246 5631171 846520
0b007c01 0b006501 10001 100 20000000 1121976 5260301 846520
0b000301 0b006501 10000 100 20000000 254539 6400641 846520
0b004001 0b006501 10000 100 20000000 637755 6180782 846520
0b007901 0b006501 10000 100 20000000 772160 6369653 846520
0b004f01 0b006501 10000 100 20000000 150823 7164930 846520
