0b00d601 0b006901 10000 100 2048 12054 12356 12415
0b012701 0b011501 10000 100 102400 18500 16740 16787
0b007001 0b00bd01 10000 100 20480 25428 13902 13959
0b000901 0b003801 10000 100 10240 36894 8999 9061
0b00ee01 0b00df01 10000 100 51200 42191 12440 12495
0b011d01 0b005901 10000 100 5120 43268 12614 12672
0b008201 0b006801 10000 100 102400 43069 20794 20827
0b013201 0b012501 10000 100 204800 39725 25340 25371
0b003d01 0b007c01 10000 100 5120 60422 12614 12672
0b001701 0b005f01 10000 100 2048 63834 12356 12415
0b00ea01 0b001001 10000 100 5120 64254 12638 12672
0b003401 0b00d701 10000 100 204800 49145 29384 29411
0b00c901 0b003001 10000 100 20480 69362 13902 13959
0b008001 0b010f01 10000 100 20480 73574 15688 13959
0b000201 0b00c201 10000 100 5120 82423 12614 12672
0b009101 0b011e01 10000 100 204800 67673 29384 29411
0b013801 0b007b01 10000 100 51200 80658 16484 16535
0b010901 0b007e01 10000 100 51200 82600 16492 16535
0b011601 0b00a001 10000 100 102400 82608 20796 20827
0b002801 0b012701 10000 100 20480 93950 13902 13959
0b001b01 0b006d01 10000 100 512000 58162 55188 55166
0b010001 0b004801 10000 100 102400 94316 20787 20827
0b012c01 0b012b01 10000 100 5120 111850 4526 4592
0b00ae01 0b002c01 10000 100 2048 106260 12356 12415
0b00d401 0b011301 10000 100 204800 96537 29384 29411
0b013001 0b000601 10000 100 2048 115114 12385 12415
0b007901 0b004001 10000 100 51200 122742 12440 12495
0b011a01 0b012301 10000 100 204800 108204 27034 25371
0b002801 0b00df01 10000 100 1024 128658 12288 12329
0b00bf01 0b000901 10000 100 512000 88995 55193 55166
0b001701 0b007801 10000 100 204800 117639 30233 29411
0b00b601 0b00bd01 10000 100 512000 107134 47100 47086
0b000601 0b005701 10000 100 1048576 56631 100283 100154
0b006001 0b005901 10000 100 2048 151762 8343 8375
0b011901 0b00c801 10000 100 51200 159812 16484 16535
0b00c601 0b00f301 10000 100 512000 131415 51177 51126
0b00e901 0b003101 10000 100 1048576 86527 100282 100154
0b00c901 0b00c401 10000 100 51200 190444 12668 8455
0b00c501 0b007701 10000 100 2048 195519 12366 12415
0b003701 0b00ac01 10000 100 2097152 22517 188363 188068
0b00a701 0b004e01 10000 100 2097152 25166 188344 188068
0b00e701 0b004d01 10000 100 1024 201228 12350 12329
0b007401 0b004201 10000 100 1048576 119477 96222 96114
0b009c01 0b00d501 10000 100 20480 210365 13934 13959
0b00d701 0b012601 10000 100 102400 203947 20796 20827
0b00e001 0b00c101 10000 100 2097152 40449 184334 184028
0b005a01 0b00c401 10000 100 51200 208596 16500 16535
0b00d501 0b00b101 10000 100 10240 217390 13079 13101
0b009a01 0b002901 10000 100 204800 205562 29412 29411
0b004901 0b00f401 10000 100 5120 222453 12614 12672
0b012101 0b00f101 10000 100 102400 214390 20803 20827
0b00b601 0b007b01 10000 100 512000 192950 55209 55166
0b007f01 0b005c01 10000 100 51200 237917 12539 12495
0b005801 0b000101 10000 100 51200 237630 16503 16535
0b00ec01 0b012201 10000 100 512000 199572 62496 55166
0b00ca01 0b003c01 10000 100 512000 206086 58501 55166
0b000901 0b00d801 10000 100 1048576 170165 100262 100154
0b00b101 0b002801 10000 100 51200 255441 16535 16535
0b003f01 0b00b901 10000 100 2097152 85263 188344 188068
0b010c01 0b012501 10000 100 51200 264664 12461 12495
0b004701 0b00b801 10000 100 10240 268578 13081 13101
0b012d01 0b013401 10000 100 2048 277283 8312 8375
0b004901 0b00fb01 10000 100 2048 274112 12368 12415
0b004501 0b007601 10000 100 5120 279933 8570 8632
0b006401 0b00ca01 10000 100 51200 267474 21289 16535
0b011901 0b007a01 10000 100 512000 202709 86594 55166
0b004701 0b011101 10000 100 5120 279470 12614 12672
0b00bc01 0b000801 10000 100 102400 272436 20802 20827
0b004401 0b012901 10000 100 102400 279473 20784 20827
0b000601 0b00ec01 10000 100 204800 271283 30188 29411
0b008901 0b00a101 10000 100 10240 298440 9776 9061
0b012b01 0b008b01 10000 100 51200 292645 16484 16535
0b008101 0b012f01 10000 100 512000 254584 55188 55166
0b001e01 0b009001 10000 100 2097152 129156 188363 188068
0b00ad01 0b00fc01 10000 100 1024 305429 12319 12329
0b011101 0b009101 10000 100 102400 298054 20802 20827
0b008e01 0b00a801 10000 100 5120 311475 8570 8632
0b006f01 0b00d401 10000 100 2097152 128319 193004 188068
0b00c601 0b009301 10000 100 102400 301481 20797 20827
0b005301 0b00fd01 10000 100 51200 305927 16484 16535
0b011401 0b00ca01 10000 100 2097152 138331 194716 188068
0b005101 0b010901 10000 100 2097152 147238 188363 188068
0b00fc01 0b013901 10000 100 2048 335232 12377 12415
0b00a401 0b00de01 10000 100 51200 332335 16542 16535
0b007101 0b00cb01 10000 100 51200 339589 16503 16535
0b009801 0b010601 10000 100 10240 345312 13463 13101
0b006b01 0b00ca01 10000 100 1024 348101 12294 12329
0b000301 0b011a01 10000 100 51200 363636 18584 16535
0b012c01 0b00e601 10000 100 512000 197216 185286 55166
0b013601 0b005c01 10000 100 1024 375847 12271 12329
0b00d501 0b003901 10000 100 1024 377047 12294 12329
0b00ed01 0b011401 10000 100 102400 376815 20803 20827
0b002701 0b003701 10000 100 1048576 235853 162510 96114
0b00ef01 0b00a701 10000 100 1024 386320 12270 12329
0b00f501 0b00a301 10000 100 51200 388269 16767 16535
0b013e01 0b003301 10000 100 102400 384917 20835 20827
0b00f801 0b00ff01 10000 100 10240 402245 5375 5021
0b011801 0b013301 10000 100 2097152 218056 190995 184028
0b00e201 0b006801 10000 100 204800 374450 41340 29411
0b004701 0b001b01 10000 100 1048576 315083 109928 100154
0b00dc01 0b004c01 10000 100 51200 411596 16484 16535
0b00b601 0b007e01 10000 100 10240 430891 13044 13101
0b001301 0b011901 10000 100 5120 447537 12828 12672
0b00f101 0b008a01 10000 100 5120 449744 12622 12672
0b003a01 0b002901 10000 100 512000 418491 53290 51126
0b005501 0b010901 10000 100 102400 439329 37892 20827
0b002e01 0b012601 10000 100 20480 464590 13907 13959
0b008501 0b00b901 10000 100 5120 471190 8607 8632
0b00a301 0b009601 10000 100 102400 452144 29520 16787
0b008601 0b003a01 10000 100 1048576 377824 104636 100154
0b000801 0b008701 10000 100 10240 469430 13043 13101
0b00d301 0b00c101 10000 100 204800 454994 32976 25371
0b008201 0b003d01 10000 100 1024 485694 12333 12329
0b008001 0b00ae01 10000 100 10240 489779 9010 9061
0b00b401 0b00d401 10000 100 512000 401411 98178 55166
0b005501 0b011501 10000 100 512000 396726 106808 55166
0b004801 0b00e101 10000 100 102400 484473 20880 20827
0b00d001 0b001c01 10000 100 512000 450773 64145 55166
0b010001 0b006901 10000 100 1048576 415524 101106 100154
0b005701 0b00f101 10000 100 51200 503588 16577 16535
0b00ec01 0b00a101 10000 100 1024 513125 12387 12329
0b001201 0b00ce01 10000 100 5242880 79202 452599 451803
0b00ea01 0b011a01 10000 100 512000 428790 103821 55166
0b007801 0b003701 10000 100 512000 472712 62402 55166
0b00ff01 0b009701 10000 100 204800 503989 33028 29411
0b00f301 0b013b01 10000 100 20480 523496 13915 13959
0b00a301 0b009701 10000 100 102400 515944 26027 16787
0b009f01 0b00ea01 10000 100 1024 547576 12349 12329
0b008601 0b00b201 10000 100 102400 542605 26355 16787
0b012f01 0b001901 10000 100 2097152 385739 188344 188068
0b010601 0b00fd01 10000 100 204800 538247 39946 29411
0b011e01 0b008401 10000 100 10240 565895 13052 13101
0b001501 0b00e801 10000 100 51200 556934 22815 16535
0b00d901 0b00d301 10000 100 102400 563090 16980 12747
0b008d01 0b013801 10000 100 10240 567601 13043 13101
0b00b401 0b013601 10000 100 10240 575850 13818 13101
0b002701 0b00a001 10000 100 204800 560116 36796 29411
0b011f01 0b001c01 10000 100 512000 546552 55226 55166
0b00a001 0b008101 10000 100 1024 598683 8773 8289
0b00e801 0b009201 10000 100 1024 595693 12270 12329
0b013101 0b002601 10000 100 1024 584899 23894 12329
0b010201 0b00bb01 10000 100 102400 588477 20993 20827
0b00c501 0b00f101 10000 100 5120 603166 8582 8632
0b012c01 0b011201 10000 100 102400 596068 17021 16787
0b00f301 0b009b01 10000 100 1024 609985 12291 12329
0b012f01 0b005901 10000 100 1024 616096 12299 12329
0b012201 0b00d601 10000 100 20480 615314 15621 13959
0b012801 0b008f01 10000 100 5120 617501 13464 12672
0b00d101 0b00b001 10000 100 5242880 35430 607976 451803
0b010401 0b00d601 10000 100 1048576 546620 102005 100154
0b003e01 0b001501 10000 100 102400 637989 16991 16787
0b00de01 0b004401 10000 100 204800 622911 35766 29411
0b004301 0b000501 10000 100 512000 565219 95466 55166
0b001101 0b001b01 10000 100 2097152 404786 261479 179988
0b001601 0b011501 10000 100 2048 661683 12389 12415
0b00e301 0b00d501 10000 100 51200 661615 14288 12495
0b00ef01 0b00e601 10000 100 512000 630396 47856 47086
0b013901 0b00c601 10000 100 102400 655374 24060 20827
0b00fe01 0b010001 10000 100 10240 678972 13137 13101
0b007501 0b000801 10000 100 10240 679461 13060 13101
0b00d101 0b00f101 10000 100 1024 685668 8226 8289
0b002101 0b004b01 10000 100 204800 667756 29454 29411
0b010101 0b00dd01 10000 100 204800 666616 32356 29411
0b000f01 0b001e01 10000 100 20480 683966 15909 9919
0b005e01 0b007401 10000 100 5242880 259004 453830 447763
0b00ec01 0b011601 10000 100 1048576 487548 227709 100154
0b000101 0b011f01 10000 100 20480 704341 13933 13959
0b013101 0b00a901 10000 100 5120 709609 13463 12672
0b009001 0b004c01 10000 100 102400 705651 20803 20827
0b009d01 0b000801 10000 100 102400 709190 21372 20827
0b00cf01 0b010a01 10000 100 512000 675751 57876 55166
0b007a01 0b00e801 10000 100 204800 686280 47444 29411
0b004101 0b012f01 10000 100 51200 718656 16749 16535
0b007001 0b00bc01 10000 100 1048576 555113 188280 100154
0b011c01 0b008e01 10000 100 5120 731774 12627 12672
0b00e701 0b00bf01 10000 100 2048 739932 12506 12415
0b006301 0b009a01 10000 100 20480 738330 16070 13959
0b006d01 0b011f01 10000 100 102400 738773 20803 20827
0b013301 0b013d01 10000 100 2097152 272779 487400 179988
0b00e001 0b002501 10000 100 20480 746527 14721 13959
0b006901 0b002601 10000 100 10240 750318 13261 13101
0b00dc01 0b011301 10000 100 512000 566929 201874 55166
0b002b01 0b009a01 10000 100 204800 730715 38255 29411
0b006e01 0b00c601 10000 100 512000 589562 186496 55166
0b009501 0b013101 10000 100 204800 735734 42315 29411
0b010001 0b003101 10000 100 204800 742847 39649 29411
0b003201 0b00f301 10000 100 512000 669748 114154 55166
0b007301 0b000a01 10000 100 2048 779942 12373 12415
0b009b01 0b003e01 10000 100 2048 781001 12460 12415
0b000701 0b011d01 10000 100 20480 781016 13921 13959
0b011e01 0b000f01 10000 100 102400 765702 29346 20827
0b002c01 0b00a401 10000 100 512000 663146 135799 55166
0b008701 0b004b01 10000 100 51200 792663 16506 16535
0b005801 0b012c01 10000 100 1048576 508720 304075 100154
0b00f201 0b008901 10000 100 102400 790663 30477 20827
0b002001 0b008601 10000 100 10240 809380 13145 13101
0b00d201 0b00d701 10000 100 204800 793609 29358 21331
0b00f101 0b00dc01 10000 100 512000 519573 305747 51126
0b00da01 0b011c01 10000 100 512000 751838 90999 55166
0b012201 0b00a301 10000 100 51200 833468 16516 16535
0b007501 0b00d701 10000 100 1048576 720606 131495 100154
0b002d01 0b013d01 10000 100 102400 833427 21061 20827
0b003201 0b011801 10000 100 512000 537227 318041 55166
0b002401 0b007f01 10000 100 51200 847320 17365 16535
0b00b201 0b012001 10000 100 2048 853906 12395 12415
0b00e301 0b007501 10000 100 204800 828570 37927 29411
0b00f601 0b011701 10000 100 10240 853427 13742 13101
0b00ba01 0b003c01 10000 100 5120 872012 12726 12672
0b002601 0b011201 10000 100 102400 869907 21057 20827
0b00a801 0b005f01 10000 100 512000 821665 70271 55166
0b002601 0b008501 10000 100 10240 891305 13150 13101
0b004601 0b006201 10000 100 20480 895733 9982 9919
0b012201 0b00be01 10000 100 5120 895458 12614 12672
0b007701 0b009a01 10000 100 512000 822250 87628 55166
0b00c201 0b00fa01 10000 100 102400 895921 17857 16787
0b00d701 0b00a401 10000 100 51200 900451 18668 16535
0b00a901 0b00fb01 10000 100 20480 905209 13963 13959
0b003001 0b00ed01 10000 100 2048 910049 12375 12415
0b006601 0b009701 10000 100 102400 892753 30909 20827
0b002a01 0b011b01 10000 100 5120 913315 12634 12672
0b004401 0b00b001 10000 100 204800 895827 30238 29411
0b008701 0b006501 10000 100 10240 913713 13114 13101
0b00c401 0b007c01 10000 100 2048 917995 12390 12415
0b006101 0b008201 10000 100 2097152 223987 706833 188068
0b004c01 0b00e801 10000 100 2048 938330 12527 12415
0b008d01 0b009001 10000 100 204800 924280 29884 25371
0b006b01 0b00e801 10000 100 102400 936054 21231 20827
0b011c01 0b00a701 10000 100 204800 923795 44181 29411
0b011d01 0b000501 10000 100 10240 984068 13046 13101
0b00ef01 0b00c001 10000 100 204800 966582 34158 25371
0b00b901 0b00ce01 10000 100 102400 993918 20824 20827
0b012a01 0b00c901 10000 100 2048 1007104 12366 12415
0b009501 0b00e001 10000 100 2048 1009415 12440 12415
0b00f301 0b013d01 10000 100 204800 995025 36418 29411
0b013201 0b00fe01 10000 100 1024 1025057 12270 12329
0b009201 0b010d01 10000 100 5120 1026198 12633 12672
0b002901 0b006401 10000 100 102400 1021130 20829 20827
0b00d601 0b00e401 10000 100 1048576 701041 341645 96114
0b009a01 0b004a01 10000 100 10240 1029888 13131 13101
0b00b101 0b011a01 10000 100 51200 1026032 17005 16535
0b012001 0b000101 10000 100 2048 1032088 12453 12415
0b004901 0b001b01 10000 100 10240 1033040 13065 13101
0b00bd01 0b012801 10000 100 1048576 814863 234386 100154
0b008701 0b002601 10000 100 10240 1040539 13111 13101
0b00c101 0b011001 10000 100 102400 1040445 21328 20827
0b010f01 0b00bc01 10000 100 512000 981719 85220 55166
0b003e01 0b00bd01 10000 100 2048 1065537 12356 12415
0b00b801 0b007b01 10000 100 20480 1064134 14402 13959
0b003b01 0b007e01 10000 100 20480 1072830 13910 13959
0b000701 0b001c01 10000 100 20480 1080673 9908 9919
0b013301 0b00ff01 10000 100 204800 1069410 30424 29411
0b000d01 0b004001 10000 100 5120 1090365 13038 12672
0b003b01 0b004e01 10000 100 51200 1088570 16604 16535
0b00a901 0b002501 10000 100 512000 1016720 90978 55166
0b009f01 0b009e01 10000 100 512000 1009574 99113 47086
0b008101 0b001701 10000 100 20480 1095505 13926 13959
0b010601 0b00e301 10000 100 512000 1055588 56302 55166
0b001601 0b001901 10000 100 1048576 949354 168354 92074
0b00a601 0b004001 10000 100 2048 1108695 12430 12415
0b006301 0b00f701 10000 100 5120 1109580 12623 12672
0b009301 0b006201 10000 100 20480 1110847 13929 13959
0b005701 0b00c401 10000 100 20480 1116171 14088 13959
0b00b001 0b003f01 10000 100 512000 929772 202183 55166
0b00af01 0b00e601 10000 100 512000 786000 346869 55166
0b00c701 0b010201 10000 100 512000 1021221 112933 55166
0b000701 0b00a101 10000 100 204800 1105614 29939 29411
0b00f101 0b00d001 10000 100 5120 1138101 8602 8632
0b000f01 0b007501 10000 100 1048576 678449 468272 100154
0b011b01 0b006e01 10000 100 1024 1135355 12352 12329
0b012501 0b009f01 10000 100 102400 1135333 20841 20827
0b011301 0b008c01 10000 100 5120 1146490 12698 12672
0b011401 0b007701 10000 100 204800 1127998 35944 29411
0b002c01 0b006d01 10000 100 512000 1109352 55220 55166
0b003001 0b003e01 10000 100 512000 1129154 47100 47086
0b00fd01 0b00dc01 10000 100 5120 1173018 8654 8632
0b008e01 0b009101 10000 100 51200 1178671 12441 12495
0b011f01 0b00bc01 10000 100 10240 1186222 13057 13101
0b011e01 0b010c01 10000 100 2048 1194518 8326 8375
0b00fb01 0b011201 10000 100 1048576 340609 862539 100154
0b00c701 0b003901 10000 100 102400 1184968 21986 20827
0b00a801 0b011f01 10000 100 5120 1195771 12646 12672
0b011401 0b003001 10000 100 1024 1201103 12270 12329
0b010401 0b00d801 10000 100 20480 1200398 14007 13959
0b00e401 0b00fb01 10000 100 512000 1099455 115450 51126
0b00ea01 0b005701 10000 100 5120 1202932 12618 12672
0b00b301 0b000f01 10000 100 512000 1069260 148675 55166
0b009c01 0b010d01 10000 100 1048576 1107349 112949 100154
0b00f101 0b011b01 10000 100 5120 1209877 12805 12672
0b010e01 0b00c901 10000 100 512000 1095690 128799 55166
0b00b001 0b005201 10000 100 102400 1206955 21383 20827
0b00eb01 0b00a901 10000 100 1048576 791510 437055 100154
0b00e101 0b006801 10000 100 204800 1186680 42560 29411
0b00a301 0b00da01 10000 100 10240 1221445 13142 13101
0b00f001 0b002501 10000 100 5120 1222963 12614 12672
0b013501 0b00b701 10000 100 512000 1164185 72978 55166
0b00c201 0b008c01 10000 100 51200 1223834 16502 16535
0b009301 0b002701 10000 100 51200 1223984 16505 16535
0b010701 0b003a01 10000 100 51200 1223881 21763 16535
0b00d001 0b00e901 10000 100 1048576 1001188 245596 96114
0b013c01 0b00a501 10000 100 2048 1239684 12356 12415
0b00ae01 0b00f501 10000 100 1048576 494427 767264 100154
0b00ac01 0b002101 10000 100 1048576 842547 419856 100154
0b010b01 0b012301 10000 100 102400 1251443 17916 16787
0b011901 0b00ff01 10000 100 2097152 294157 976749 188068
0b005601 0b003a01 10000 100 512000 1076913 194534 55166
0b011b01 0b00cb01 10000 100 512000 1183039 91408 55166
0b007301 0b011b01 10000 100 20480 1265683 14416 13959
0b008301 0b002401 10000 100 204800 1254434 29417 29411
0b009b01 0b013e01 10000 100 512000 1197195 86750 55166
0b00c901 0b00a801 10000 100 102400 1261792 23023 20827
0b002301 0b00d301 10000 100 1024 1272684 12270 12329
0b013001 0b007101 10000 100 10240 1275957 13769 13101
0b005401 0b011901 10000 100 1024 1284056 12270 12329
0b00c301 0b004a01 10000 100 51200 1304044 16509 16535
0b00f201 0b002001 10000 100 10240 1310109 13178 13101
0b00fd01 0b007101 10000 100 512000 1252379 71541 55166
0b001201 0b003701 10000 100 51200 1311829 12488 12495
0b010601 0b001001 10000 100 51200 1312011 16568 16535
0b00be01 0b007c01 10000 100 1024 1317992 12270 12329
0b00d401 0b009801 10000 100 512000 1279579 55940 55166
0b000001 0b000c01 10000 100 5242880 779800 558075 443723
0b004b01 0b006c01 10000 100 51200 1325322 13126 12495
0b00d301 0b011401 10000 100 10240 1332604 13308 13101
0b007f01 0b00ad01 10000 100 102400 1336612 21324 20827
0b00bc01 0b00d501 10000 100 1048576 1128841 229590 100154
0b005a01 0b001601 10000 100 102400 1350768 20812 20827
0b005401 0b008101 10000 100 102400 1354525 21058 20827
0b00ad01 0b00bc01 10000 100 512000 922724 453194 51126
0b002001 0b00da01 10000 100 1048576 1255142 133640 100154
0b007401 0b000701 10000 100 102400 1364144 29315 20827
0b005201 0b002e01 10000 100 512000 1286845 110181 55166
0b011201 0b000801 10000 100 5120 1385350 12618 12672
0b004b01 0b007a01 10000 100 10240 1390051 9103 9061
0b002e01 0b00fd01 10000 100 204800 1375754 31700 29411
0b00a001 0b009201 10000 100 102400 1394496 16784 16787
0b00b801 0b001901 10000 100 51200 1396866 16682 16535
0b004f01 0b000d01 10000 100 5120 1404333 12791 12672
0b009a01 0b002801 10000 100 1024 1406609 12317 12329
0b005601 0b004e01 10000 100 512000 1172440 249710 51126
0b013b01 0b001301 10000 100 5120 1418765 12841 12672
0b00e601 0b000301 10000 100 204800 1410814 30392 29411
0b008b01 0b001f01 10000 100 512000 1338557 103099 55166
0b00bb01 0b009901 10000 100 1048576 1320968 140671 96114
0b007301 0b007701 10000 100 102400 1451665 12948 12747
0b003f01 0b004e01 10000 100 204800 1434072 35180 29411
0b006e01 0b011401 10000 100 204800 1438225 34340 29411
0b009b01 0b00ff01 10000 100 1048576 1287018 185922 100154
0b004701 0b004001 10000 100 2097152 1228925 246022 179988
0b000701 0b00ff01 10000 100 204800 1446831 31981 29411
0b004b01 0b000101 10000 100 204800 1449704 30961 29411
0b00ba01 0b001301 10000 100 10240 1467427 15684 13101
0b001201 0b00e501 10000 100 10240 1473116 13060 13101
0b008c01 0b002b01 10000 100 512000 1388516 99560 55166
0b001601 0b010f01 10000 100 10240 1483612 13146 13101
0b009a01 0b00f001 10000 100 512000 1402583 97242 55166
0b00ba01 0b010401 10000 100 204800 1436016 64822 29411
0b010f01 0b012901 10000 100 1024 1493542 8229 8289
0b012f01 0b00e701 10000 100 1048576 1012220 498221 100154
0b010b01 0b011301 10000 100 10240 1503727 9027 9061
0b000501 0b003301 10000 100 204800 1477877 40626 25371
0b010701 0b00fd01 10000 100 1048576 1132032 389900 100154
0b011301 0b002a01 10000 100 204800 1488181 38065 29411
0b000801 0b011301 10000 100 51200 1514032 16544 16535
0b000201 0b013501 10000 100 51200 1520043 17055 16535
0b005b01 0b004d01 10000 100 512000 1314087 226584 51126
0b003901 0b00ec01 10000 100 20480 1526900 14093 13959
0b005001 0b012601 10000 100 1048576 1381877 160510 100154
0b006f01 0b013b01 10000 100 204800 1499710 42680 29411
0b00a101 0b00a901 10000 100 51200 1535361 8576 8455
0b013d01 0b002501 10000 100 204800 1506691 37485 29411
0b008201 0b005901 10000 100 5120 1536391 12618 12672
0b008401 0b012601 10000 100 204800 1514635 36312 29411
0b005601 0b000701 10000 100 1048576 1002115 549858 100154
0b000101 0b011701 10000 100 204800 1506642 49407 29411
0b004201 0b000e01 10000 100 512000 1425430 131340 55166
0b008001 0b013c01 10000 100 2048 1545457 12356 12415
0b008a01 0b001501 10000 100 512000 1501528 56680 55166
0b00c101 0b007e01 10000 100 51200 1538050 21045 16535
0b005801 0b004c01 10000 100 512000 1333301 230817 51126
0b001801 0b00a001 10000 100 51200 1549856 16844 16535
0b011701 0b003301 10000 100 10240 1557266 13241 13101
0b008901 0b012e01 10000 100 2048 1568970 12418 12415
0b00c301 0b002801 10000 100 102400 1563319 20816 20827
0b007301 0b013101 10000 100 1024 1573710 12273 12329
0b000d01 0b011901 10000 100 10240 1583365 13047 13101
0b00c001 0b011f01 10000 100 102400 1576649 21074 20827
0b00f901 0b00cd01 10000 100 1048576 498779 1103145 96114
0b007f01 0b004901 10000 100 1048576 1489634 133473 96114
0b00ae01 0b012601 10000 100 2048 1615174 12356 12415
0b013b01 0b007001 10000 100 1024 1621180 12332 12329
0b00f201 0b009901 10000 100 512000 1556964 85524 55166
0b001201 0b00ec01 10000 100 51200 1628083 16540 16535
0b00d601 0b001801 10000 100 51200 1629858 16576 16535
0b00f801 0b00c101 10000 100 2048 1638254 8312 8375
0b007b01 0b004201 10000 100 1048576 1281215 369224 96114
0b00f001 0b003601 10000 100 5120 1642109 12678 12672
0b010001 0b00a301 10000 100 2048 1655039 12356 12415
0b002f01 0b00d901 10000 100 20480 1656502 14004 13959
0b009001 0b00c801 10000 100 5120 1657751 12764 12672
0b012d01 0b00a701 10000 100 10240 1659001 13051 13101
0b00d601 0b00e001 10000 100 51200 1664445 12732 12495
0b00cf01 0b012a01 10000 100 512000 1547514 130793 55166
0b011701 0b00c401 10000 100 102400 1657739 21393 20827
0b007901 0b013101 10000 100 1048576 1255756 425757 100154
0b00a301 0b00e401 10000 100 2048 1670049 12376 12415
0b001001 0b002401 10000 100 512000 1501037 186395 51126
0b013301 0b001f01 10000 100 5120 1681013 12698 12672
0b010001 0b003a01 10000 100 1024 1689984 12270 12329
0b005501 0b011901 10000 100 10240 1693059 13164 13101
0b011c01 0b002101 10000 100 102400 1692792 20989 20827
0b003301 0b002901 10000 100 10240 1708717 9019 9061
0b00b701 0b010701 10000 100 512000 1503465 233207 55166
0b00b901 0b009301 10000 100 2048 1729360 8319 8375
0b007a01 0b00a001 10000 100 204800 1686123 52360 29411
0b004201 0b00f901 10000 100 20480 1725912 13990 13959
0b012c01 0b00e701 10000 100 102400 1720705 20944 20827
0b00e901 0b00cf01 10000 100 512000 1651073 92996 51126
0b012601 0b007d01 10000 100 10240 1736862 13158 13101
0b012f01 0b003001 10000 100 512000 1622858 130622 55166
0b003b01 0b003a01 10000 100 1048576 1579068 176817 92074
0b005e01 0b003301 10000 100 512000 1624447 132244 55166
0b007901 0b013501 10000 100 204800 1717963 40624 29411
0b012201 0b001a01 10000 100 10240 1750735 13127 13101
0b010101 0b006501 10000 100 512000 1688767 75640 55166
0b001001 0b00f801 10000 100 20480 1750552 13912 13959
0b012901 0b010a01 10000 100 204800 1739787 25545 25371
0b011801 0b009a01 10000 100 20480 1754317 13978 13959
0b010c01 0b003001 10000 100 10240 1756937 13069 13101
0b007c01 0b012701 10000 100 512000 1711704 58648 55166
0b003901 0b00a701 10000 100 20480 1757246 14182 13959
0b012a01 0b009501 10000 100 51200 1755510 17660 16535
0b012501 0b000401 10000 100 102400 1751034 23136 20827
0b001b01 0b00bd01 10000 100 51200 1783019 16760 16535
0b00df01 0b002f01 10000 100 1048576 1435812 371773 100154
0b005f01 0b001701 10000 100 102400 1786882 20820 20827
0b010801 0b00e101 10000 100 1048576 1090994 723031 100154
0b00cf01 0b012501 10000 100 1048576 538322 1285803 100154
0b011501 0b007501 10000 100 204800 1795256 30543 29411
0b00e201 0b000801 10000 100 51200 1816401 16691 16535
0b00ef01 0b00c201 10000 100 5120 1836912 8597 8632
0b009d01 0b001601 10000 100 102400 1828175 21988 20827
0b007c01 0b00f601 10000 100 20480 1840209 14074 13959
0b00bd01 0b012a01 10000 100 512000 1791835 63856 55166
0b00e001 0b011e01 10000 100 20480 1842932 13989 13959
0b00d601 0b001c01 10000 100 10240 1851715 13132 13101
0b009a01 0b004c01 10000 100 1048576 1592302 275748 100154
0b005f01 0b00b701 10000 100 204800 1831034 38352 29411
0b005a01 0b00c301 10000 100 204800 1840417 29897 29411
0b000001 0b011701 10000 100 5120 1857750 12675 12672
0b00e901 0b007301 10000 100 51200 1864105 19111 16535
0b006501 0b004601 10000 100 2097152 822875 1066212 184028
0b009201 0b010401 10000 100 102400 1874790 22449 20827
0b00c201 0b011601 10000 100 204800 1875226 38336 29411
0b00ba01 0b010701 10000 100 10240 1900343 15345 13101
0b00ce01 0b003901 10000 100 2048 1904948 12356 12415
0b004c01 0b006501 10000 100 204800 1891469 25987 25371
0b008501 0b007c01 10000 100 204800 1893869 29460 29411
0b003c01 0b00c001 10000 100 204800 1892880 30750 29411
0b013201 0b005801 10000 100 102400 1903830 21660 20827
0b008401 0b00d501 10000 100 51200 1910800 16992 16535
0b00ec01 0b012001 10000 100 51200 1915952 21491 16535
0b007c01 0b011c01 10000 100 102400 1927766 21550 20827
0b000501 0b00ba01 10000 100 10240 1939657 13104 13101
0b00f101 0b00d301 10000 100 204800 1916114 37329 25371
0b00f401 0b013001 10000 100 10240 1943903 13127 13101
0b004401 0b00a901 10000 100 102400 1943274 21492 20827
0b005501 0b00f801 10000 100 5120 1952762 12635 12672
0b012c01 0b003d01 10000 100 5120 1956081 12715 12672
0b000301 0b00b901 10000 100 1048576 1120904 851842 100154
0b00ba01 0b00f201 10000 100 512000 1777055 205698 55166
0b003301 0b00d001 10000 100 102400 1960523 23101 20827
0b004301 0b013101 10000 100 5242880 318040 1667610 451803
0b005f01 0b010f01 10000 100 204800 1951300 35775 29411
0b001501 0b006101 10000 100 51200 1978469 17100 16535
0b001401 0b007901 10000 100 10240 1994233 13214 13101
0b00b901 0b012301 10000 100 1048576 1385167 628628 100154
0b00e901 0b013d01 10000 100 1048576 297300 1729071 100154
0b001801 0b009901 10000 100 512000 1935014 97835 55166
0b00e001 0b00aa01 10000 100 102400 2022060 24039 20827
0b009901 0b00d401 10000 100 2048 2038084 12356 12415
0b002501 0b007201 10000 100 1024 2038981 12270 12329
0b00fd01 0b00bf01 10000 100 204800 2002514 50535 29411
0b005801 0b00aa01 10000 100 1048576 1839614 221486 100154
0b004301 0b009601 10000 100 20480 2046879 15761 13959
0b013301 0b00d601 10000 100 20480 2050181 14162 13959
0b013901 0b005801 10000 100 10240 2052613 13391 13101
0b000901 0b009601 10000 100 204800 2032547 38196 29411
0b002401 0b00f001 10000 100 20480 2061075 13998 13959
0b008d01 0b013201 10000 100 2048 2062783 12356 12415
0b003901 0b00c201 10000 100 51200 2059806 17015 16535
0b002401 0b003701 10000 100 204800 2030882 48954 25371
0b005d01 0b00a201 10000 100 2097152 365453 1716596 188068
0b005701 0b00d401 10000 100 102400 2062613 21293 20827
0b005d01 0b002301 10000 100 51200 2063192 20861 16535
0b009501 0b00e501 10000 100 51200 2076735 16908 16535
0b010301 0b004401 10000 100 102400 2085750 21416 20827
0b011701 0b004701 10000 100 51200 2086639 21117 16535
0b00b801 0b00f001 10000 100 51200 2092612 16700 16535
0b004b01 0b012301 10000 100 2097152 428153 1687457 188068
0b002b01 0b009b01 10000 100 51200 2102254 17117 16535
0b00e401 0b00b401 10000 100 10240 2108286 13238 13101
0b007501 0b012f01 10000 100 5120 2110850 12651 12672
0b00b801 0b003701 10000 100 204800 2098889 32235 29411
0b000c01 0b009d01 10000 100 51200 2125432 16702 16535
0b011c01 0b007a01 10000 100 2048 2132619 12399 12415
0b005b01 0b004901 10000 100 204800 2106848 48878 25371
0b011101 0b001801 10000 100 2048 2144388 12358 12415
0b008001 0b00e201 10001 100 204800 2118787 44429 29411
0b006401 0b00b401 10000 100 20480 2150533 14179 13959
0b003601 0b00f901 10000 100 20480 2158833 14070 13959
0b00a201 0b00c501 10000 100 102400 2159415 20995 20827
0b001901 0b000401 10000 100 512000 2098252 87255 51126
0b011b01 0b000801 10000 100 1048576 1124737 1061365 100154
0b000d01 0b013601 10000 100 204800 2156780 36157 29411
0b004101 0b002c01 10000 100 51200 2177721 17843 16535
0b004a01 0b00e201 10000 100 51200 2185943 17584 16535
0b00c301 0b011301 10000 100 51200 2193890 17330 16535
0b011c01 0b00de01 10000 100 5120 2201541 12643 12672
0b000801 0b012a01 10000 100 204800 2185601 29456 29411
0b00ba01 0b00bb01 10000 100 5242880 1266331 950515 443723
0b002501 0b00a801 10000 100 51200 2203030 16574 16535
0b007501 0b00f301 10000 100 512000 1767239 457413 55166
0b009b01 0b010701 10000 100 1048576 1299688 929221 100154
0b000e01 0b007e01 10000 100 20480 2215508 14174 13959
0b013b01 0b00fc01 10000 100 1048576 1271187 964972 100154
0b008901 0b009e01 10000 100 512000 2110157 128598 51126
0b005001 0b008901 10000 100 1048576 1397903 854689 100154
0b006001 0b012a01 10000 100 10240 2242724 13059 13101
0b00c901 0b000501 10000 100 51200 2242843 16600 16535
0b011401 0b00e301 10000 100 1024 2256538 12435 12329
0b00a601 0b00bb01 10000 100 102400 2261054 17533 16787
0b002501 0b008e01 10000 100 102400 2258033 20996 20827
0b000001 0b000f01 10000 100 5120 2276712 4526 4592
0b00b901 0b011901 10000 100 51200 2265781 17586 16535
0b007201 0b00e801 10000 100 5120 2275159 12620 12672
0b009b01 0b009501 10000 100 204800 2268862 23833 21331
0b000101 0b004f01 10000 100 20480 2285491 14011 13959
0b010201 0b012c01 10000 100 5120 2292442 8588 8632
0b008301 0b00df01 10000 100 1024 2290251 12316 12329
0b001701 0b012301 10000 100 51200 2289007 16623 16535
0b010301 0b003b01 10000 100 20480 2294115 14765 13959
0b013b01 0b004201 10000 100 102400 2290120 21342 20827
0b003201 0b007a01 10000 100 51200 2298143 16716 16535
0b008401 0b00a601 10000 100 10240 2307748 9104 9061
0b008001 0b010601 10000 100 5120 2304398 12715 12672
0b004901 0b009b01 10000 100 5120 2307221 12724 12672
0b008501 0b002801 10000 100 204800 2284950 35529 29411
0b006d01 0b00fc01 10000 100 5120 2308170 12698 12672
0b00e101 0b00b801 10000 100 512000 2043983 284594 55166
0b00f401 0b006601 10000 100 512000 2239477 90166 55166
0b006301 0b00b701 10000 100 1048576 1476707 861707 100154
0b00a201 0b00fe01 10000 100 102400 2317506 20990 20827
0b002d01 0b006501 10000 100 10240 2332168 13047 13101
0b00d401 0b00d901 10000 100 1048576 2250249 95382 92074
0b00a801 0b00e401 10000 100 20480 2335971 13990 13959
0b00e701 0b000801 10000 100 1024 2339247 12270 12329
0b00a701 0b00be01 10000 100 512000 2297524 57980 51126
0b004b01 0b00f001 10000 100 51200 2343483 17864 16535
0b00fa01 0b00d601 10000 100 1048576 1557528 806175 96114
0b000201 0b00eb01 10000 100 1048576 1554002 810596 100154
0b00a601 0b013701 10000 100 2097152 667935 1697504 188068
0b011b01 0b00cd01 10000 100 5120 2361316 12715 12672
0b003201 0b009201 10000 100 51200 2359798 16752 16535
0b011601 0b005401 10000 100 512000 2294711 84621 55166
0b00ba01 0b00bf01 10000 100 10485760 949742 1436841 883287
0b011001 0b00ea01 10000 100 2097152 1008692 1380517 188068
0b00b201 0b002901 10000 100 2048 2377864 12478 12415
0b00c801 0b005901 10000 100 2097152 1082375 1348318 188068
0b00b101 0b013a01 10000 100 1048576 1775888 662894 100154
0b00b401 0b002501 10000 100 5242880 269869 2180404 451803
0b001d01 0b000401 10000 100 2097152 811287 1656902 184028
0b00ed01 0b002801 10000 100 512000 2347570 134536 55166
0b001501 0b011c01 10000 100 2097152 1468693 1023229 188068
0b011401 0b004301 10000 100 1048576 1696327 802680 100154
0b004a01 0b00d501 10000 100 2097152 624271 1914150 188068
0b002001 0b004c01 10000 100 1048576 1345838 1214793 100154
0b010401 0b005801 10000 100 1048576 1971922 599426 100154
0b008b01 0b00a401 10000 100 2097152 806577 1784296 184028
0b007001 0b007801 10000 100 20000000 475118 2116443 1680960
0b003401 0b00c201 10000 100 512000 2280997 323714 55166
0b010201 0b008601 10000 100 2097152 1056071 1604440 188068
0b000801 0b004601 10000 100 512000 2374876 309095 55166
0b003901 0b002a01 10000 100 2097152 1415414 1272282 184028
0b010001 0b007c01 10000 100 512000 2148465 547776 55166
0b013e01 0b00f901 10000 100 2097152 1121664 1595206 188068
0b004301 0b00fb01 10000 100 512000 2033581 683977 55166
0b003901 0b00c901 10000 100 1048576 583926 2140391 100154
0b009601 0b009001 10000 100 10485760 1340459 1426295 883287
0b008701 0b00fc01 10000 100 512000 2173580 616312 55166
0b000b01 0b005201 10000 100 1048576 939490 1868702 100154
0b00bb01 0b010401 10000 100 1048576 1862123 984306 100154
0b00c801 0b00cf01 10000 100 10485760 1860691 1008181 883287
0b00cd01 0b00e401 10000 100 1048576 2377385 510823 96114
0b00cb01 0b004401 10000 100 512000 2347984 549748 55166
0b010701 0b00bb01 10000 100 1048576 1822690 1085892 100154
0b010101 0b00cf01 10000 100 2097152 508929 2412829 188068
0b007b01 0b011f01 10000 100 1048576 1956249 969336 100154
0b005601 0b007a01 10000 100 5242880 717618 2216581 447763
0b009101 0b004101 10000 100 2097152 1266809 1685975 188068
0b007401 0b003801 10000 100 2097152 1344177 1649059 188068
0b012a01 0b002b01 10000 100 1048576 468873 2538102 100154
0b001001 0b012401 10000 100 1048576 1859048 1166567 100154
0b000b01 0b010301 10000 100 2097152 812692 2277025 188068
0b00e301 0b00ff01 10000 100 1048576 2198444 934381 96114
0b008201 0b007501 10000 100 512000 2117793 1022734 55166
0b007a01 0b011a01 10000 100 5242880 92886 3096455 451803
0b009c01 0b010301 10000 100 1048576 2287461 913165 100154
0b004e01 0b010001 10000 100 1048576 2185639 1034935 100154
0b010201 0b00a001 10000 100 1048576 1570046 1657944 100154
0b011601 0b002301 10000 100 1048576 2288203 954941 100154
0b00bc01 0b000d01 10000 100 1048576 2346897 922722 100154
0b00f801 0b008101 10000 100 2097152 678010 2598965 188068
0b006b01 0b008601 10000 100 1048576 1992813 1297018 100154
0b007e01 0b013a01 10000 100 2097152 1304253 2011377 188068
0b00b101 0b005601 10000 100 1048576 2309720 1008702 100154
0b001801 0b00d601 10000 100 2097152 738441 2580401 188068
0b011e01 0b008901 10000 100 5242880 669664 2672618 451803
0b008001 0b00e201 10000 100 2097152 1610515 1773898 188068
0b011f01 0b012501 10000 100 2097152 2320885 1067076 184028
0b004301 0b007b01 10000 100 5242880 727305 2671900 447763
0b00c601 0b002d01 10000 100 2097152 1095126 2389518 188068
0b008801 0b012101 10000 100 2097152 662207 2838440 188068
0b011e01 0b012701 10000 100 2097152 2146980 1354245 184028
0b012501 0b00bc01 10000 100 1048576 2226977 1285058 100154
0b004201 0b012301 10000 100 2097152 1061232 2455244 188068
0b001f01 0b002f01 10000 100 2097152 1968882 1600732 184028
0b013f01 0b007201 10000 100 2097152 1182188 2423616 188068
0b006d01 0b002001 10000 100 2097152 1458763 2185557 188068
0b010101 0b002001 10000 100 1048576 2294023 1422864 100154
0b007c01 0b009301 10000 100 2097152 1380446 2418284 188068
0b00a701 0b004601 10000 100 1048576 2358681 1484584 100154
0b00c101 0b008701 10000 100 2097152 1374821 2569545 188068
0b00c601 0b00cb01 10000 100 10485760 1472559 2481103 883287
0b00b301 0b009401 10000 100 2097152 1823495 2134587 184028
0b010e01 0b008901 10000 100 2097152 1754193 2220109 188068
0b00e101 0b011101 10000 100 2097152 1762064 2338830 188068
0b00f501 0b00fb01 10000 100 20000000 1295923 2838914 1680960
0b00b001 0b00b101 10000 100 20000000 2151510 1993824 1680960
0b005201 0b00a401 10000 100 2097152 1688066 2556797 188068
0b013101 0b002b01 10000 100 1048576 355933 3931215 100154
0b001001 0b003101 10000 100 2097152 2233343 2056512 184028
0b00a301 0b002a01 10000 100 5242880 237158 4180490 451803
0b003101 0b00e201 10000 100 2097152 2290740 2134727 188068
0b010a01 0b012d01 10000 100 5242880 732952 3703760 447763
0b000301 0b001701 10000 100 2097152 2053039 2472260 184028
0b00a501 0b002601 10000 100 2097152 2258748 2321150 188068
0b008901 0b00e201 10000 100 2097152 352511 4242024 188068
0b006d01 0b009a01 10000 100 2097152 1935882 2838868 188068
0b002901 0b00a901 10000 100 2097152 1076588 3727291 188068
0b012a01 0b00de01 10000 100 2097152 1648427 3191841 188068
0b004501 0b003d01 10000 100 5242880 443464 4483671 451803
0b011601 0b004401 10000 100 2097152 1423954 3512284 188068
0b00de01 0b00a901 10000 100 2097152 847943 4126324 188068
0b002a01 0b00c201 10000 100 2097152 1330329 3777377 188068
0b004301 0b007b01 10001 100 5242880 1239925 3880710 447763
0b009401 0b001301 10000 100 2097152 2186430 2935151 188068
0b002901 0b009e01 10000 100 2097152 2181972 2966569 188068
0b006301 0b00d901 10000 100 5242880 271743 4931358 451803
0b00c601 0b012201 10000 100 2097152 1637292 3657053 188068
0b00cb01 0b00bc01 10000 100 2097152 2158899 3202502 188068
0b013e01 0b011f01 10000 100 5242880 1267986 4153756 447763
0b005101 0b005c01 10000 100 20000000 2041436 3395464 1680960
0b006401 0b008001 10000 100 2097152 2311745 3387785 188068
0b002c01 0b005601 10000 100 2097152 2316134 3385723 188068
0b008901 0b002e01 10000 100 2097152 2200492 3672317 188068
0b010e01 0b002601 10000 100 2097152 2113705 3820541 188068
0b010001 0b003701 10000 100 2097152 2011206 3947377 188068
0b00b201 0b013f01 10000 100 5242880 143548 5960147 451803
0b00e801 0b010f01 10000 100 5242880 9113 6222701 451803
0b010a01 0b013801 10000 100 2097152 2241727 4111597 184028
0b008001 0b00a601 10000 100 10485760 775261 5582020 887327
0b000901 0b003a01 10000 100 5242880 1126086 5290834 447763
0b007f01 0b004801 10000 100 5242880 1881141 4657567 447763
0b00ec01 0b002601 10000 100 5242880 236022 6346027 451803
0b00c301 0b008301 10000 100 5242880 2009822 4637393 451803
0b002d01 0b00f301 10000 100 2097152 2368340 4492865 188068
0b002901 0b003f01 10000 100 5242880 1908956 5154318 447763
0b00b401 0b00a301 10000 100 5242880 2087028 5340759 447763
0b00c401 0b003701 10000 100 2097152 242285 7216528 188068
0b012a01 0b00c901 10001 100 5242880 2044746 5770791 451803
0b00f701 0b00e001 10000 100 10485760 942020 6983660 887327
0b009a01 0b00f101 10000 100 5242880 1288358 6703759 451803
0b00f001 0b004e01 10000 100 5242880 1351009 6720084 451803
0b010d01 0b004a01 10000 100 5242880 2056768 6032869 451803
0b002d01 0b007801 10000 100 2097152 2137665 6019083 188068
0b006c01 0b003701 10000 100 2097152 2154484 6206182 188068
0b010d01 0b004001 10000 100 5242880 1947940 6451045 451803
0b005501 0b00e201 10000 100 5242880 1519064 6945655 451803
0b00ec01 0b004901 10000 100 5242880 690581 7867593 451803
0b010101 0b000201 10000 100 5242880 2117889 6499437 451803
0b00f401 0b00dc01 10000 100 10485760 443556 8204191 887327
0b009701 0b003401 10000 100 5242880 1894342 6815724 451803
0b00ca01 0b009f01 10000 100 5242880 2011375 6774938 451803
0b006001 0b013d01 10000 100 5242880 1716394 7337704 451803
0b008c01 0b007e01 10000 100 5242880 1533319 7693239 451803
0b013e01 0b005001 10000 100 5242880 682676 8545712 451803
0b011501 0b00d801 10000 100 5242880 1298724 7963910 451803
0b004f01 0b00dd01 10000 100 5242880 696730 8744046 451803
0b000501 0b008801 10000 100 5242880 2275201 7215413 451803
0b010f01 0b010701 10000 100 5242880 74702 9466381 443723
0b012501 0b009b01 10000 100 5242880 2014576 7635804 451803
0b000101 0b005101 10000 100 5242880 1967553 7797492 451803
0b007901 0b011801 10000 100 5242880 889199 9048743 451803
0b007b01 0b003101 10000 100 5242880 924787 9013520 451803
0b006601 0b009e01 10000 100 10485760 794602 9173193 891367
0b009801 0b002a01 10000 100 10485760 101798 10277475 891367
0b00d001 0b000101 10000 100 5242880 2012078 8411016 451803
0b001e01 0b006801 10000 100 5242880 1095803 9386540 451803
0b003301 0b004e01 10000 100 5242880 1909775 8622074 451803
0b00e801 0b00dc01 10000 100 10485760 1878076 8710470 887327
0b006601 0b00ba01 10000 100 5242880 820542 10383678 451803
0b013401 0b011601 10000 100 10485760 570411 10719651 887327
0b009d01 0b007b01 10000 100 5242880 762665 10559855 451803
0b002101 0b007f01 10000 100 2097152 2096376 9333322 188068
0b00ad01 0b006601 10000 100 10485760 98908 11420710 891367
0b002001 0b00aa01 10000 100 10485760 34467 11573029 891367
0b010501 0b006301 10000 100 10485760 1360771 10498713 891367
0b00c001 0b001f01 10000 100 5242880 1017649 11112464 451803
0b00fd01 0b012901 10000 100 5242880 1811562 10353889 451803
0b002801 0b011301 10000 100 5242880 2114715 10104228 451803
0b000d01 0b011401 10000 100 5242880 2338724 9888697 451803
0b006601 0b004301 10000 100 10485760 1303274 10934690 887327
0b00d001 0b009d01 10000 100 5242880 1626712 10648298 451803
0b011b01 0b010001 10000 100 10485760 1940164 10625905 887327
0b00c701 0b008301 10000 100 5242880 2189084 10652691 451803
0b00c101 0b00a001 10000 100 20000000 569867 12396723 1689040
0b007b01 0b004e01 10000 100 5242880 358447 12740212 447763
0b003601 0b011701 10000 100 10485760 415135 12697067 891367
0b004d01 0b005401 10000 100 10485760 854041 12457191 887327
0b009b01 0b003801 10000 100 10485760 573572 12799551 891367
0b00db01 0b00c301 10000 100 10485760 2171240 11217634 887327
0b013701 0b012b01 10000 100 20000000 338110 13190063 1685000
0b012701 0b000401 10000 100 20000000 1417414 12449419 1689040
0b001b01 0b011601 10000 100 5242880 2223797 11811275 451803
0b009d01 0b012901 10000 100 5242880 1519144 12550644 451803
0b00c701 0b00ac01 10000 100 10485760 2199927 12031973 891367
0b00e401 0b00fa01 10000 100 20000000 314831 14019958 1685000
0b007601 0b001601 10000 100 5242880 2223072 12112033 451803
0b013a01 0b012001 10000 100 20000000 1910250 12458500 1685000
0b001d01 0b003b01 10000 100 20000000 1539819 13227182 1685000
0b004d01 0b00ef01 10000 100 5242880 1987197 12854813 451803
0b00bf01 0b00d301 10000 100 5242880 503816 14383782 451803
0b004d01 0b008801 10000 100 10485760 797404 14499413 891367
0b00b601 0b005101 10000 100 10485760 884562 14510411 891367
0b009501 0b013f01 10000 100 10485760 871070 14570950 891367
0b006401 0b009201 10000 100 10485760 1950611 13512695 891367
0b012601 0b006401 10000 100 5242880 1132252 14531184 451803
0b00e901 0b008801 10000 100 10485760 1588145 14106783 891367
0b005501 0b010701 10000 100 10485760 395847 15309288 891367
0b002e01 0b000201 10000 100 20000000 1497812 14281492 1685000
0b000001 0b004701 10000 100 5242880 994536 14945098 451803
0b010301 0b005801 10000 100 10485760 468030 15687196 891367
0b002101 0b001401 10000 100 20000000 1916100 14292115 1685000
0b00cd01 0b006f01 10000 100 10485760 1440209 14842291 891367
0b00ee01 0b013501 10000 100 10485760 102632 16409644 891367
0b00f201 0b005601 10000 100 5242880 648680 15997365 451803
0b010a01 0b003c01 10000 100 10485760 526221 16178352 891367
0b011601 0b00c301 10000 100 10485760 354461 16529851 891367
0b00b301 0b006b01 10000 100 10485760 657319 16287129 891367
0b00b001 0b005d01 10000 100 10485760 780580 16511786 891367
0b00ed01 0b004701 10000 100 10485760 1453939 15927187 891367
0b002201 0b00d001 10000 100 20000000 627408 17185194 1689040
0b005601 0b010401 10000 100 5242880 2136362 16114084 451803
0b002201 0b007901 10000 100 20000000 1685588 16582698 1689040
0b00c101 0b009801 10000 100 10485760 1809080 16724865 891367
0b006701 0b008301 10000 100 20000000 1704928 16897059 1689040
0b010a01 0b004701 10000 100 10485760 2380478 16637197 891367
0b001501 0b000101 10000 100 20000000 321356 18788814 1685000
0b011001 0b00db01 10000 100 10485760 2309816 16867647 891367
0b002301 0b00aa01 10000 100 10485760 2292441 17163697 891367
0b013c01 0b004801 10000 100 10485760 1361868 18285255 891367
0b009d01 0b005901 10000 100 10485760 2144141 17943656 891367
0b00e101 0b00f501 10000 100 20000000 277348 19928265 1685000
0b00aa01 0b002c01 10000 100 10485760 450260 19938321 891367
0b013801 0b001c01 10000 100 10485760 1375946 19083782 891367
0b00a201 0b00cc01 10000 100 5242880 439101 20370496 451803
0b010101 0b00da01 10000 100 20000000 307281 20656453 1689040
0b009401 0b011401 10000 100 10485760 541736 20531361 891367
0b003e01 0b000601 10000 100 20000000 1862743 19323351 1685000
0b009f01 0b005d01 10000 100 10485760 497748 20727932 891367
0b00f701 0b002301 10000 100 10485760 2302406 19122188 891367
0b003c01 0b005301 10000 100 20000000 1149864 20291139 1689040
0b005701 0b004501 10000 100 20000000 1815456 19628887 1685000
0b00b701 0b006101 10000 100 10485760 976225 20595663 891367
0b00d901 0b012e01 10000 100 20000000 611169 21018266 1689040
0b011101 0b012101 10000 100 20000000 957475 20765515 1685000
0b006901 0b00ad01 10000 100 10485760 267377 21543020 891367
0b005e01 0b003201 10000 100 10485760 694070 21378176 891367
0b003401 0b000a01 10000 100 20000000 1171984 20966233 1685000
0b00e101 0b00a401 10000 100 10485760 1395806 20757024 891367
0b00d501 0b013a01 10000 100 10485760 1202205 21660030 891367
0b00c701 0b00fc01 10000 100 20000000 911061 22100449 1685000
0b000b01 0b003601 10000 100 20000000 541723 22578090 1685000
0b010601 0b000f01 10000 100 10485760 1121552 22172099 891367
0b004a01 0b007301 10000 100 10485760 1820035 21502678 887327
0b004c01 0b008701 10000 100 10485760 1141541 22363847 891367
0b000c01 0b003901 10000 100 20000000 512661 23061667 1685000
0b00c601 0b009401 10000 100 20000000 1630174 22245637 1689040
0b005c01 0b013f01 10000 100 5242880 363563 23701275 451803
0b003c01 0b000d01 10000 100 20000000 1237318 22980553 1685000
0b008001 0b002b01 10000 100 20000000 1416181 22846247 1689040
0b011701 0b004d01 10000 100 20000000 756115 23851187 1689040
0b009a01 0b003201 10000 100 10485760 227421 24599796 891367
0b00b301 0b007d01 10000 100 10485760 2098450 23052834 891367
0b011a01 0b005801 10000 100 10485760 712472 24448204 891367
0b000101 0b008e01 10000 100 10485760 1962568 23212836 891367
0b00c901 0b00a501 10000 100 20000000 185204 25006426 1689040
0b012101 0b005b01 10000 100 20000000 2147390 23053904 1689040
0b007d01 0b00db01 10000 100 20000000 652510 24573840 1689040
0b009801 0b007101 10000 100 10485760 785121 24957219 891367
0b005901 0b00a401 10000 100 20000000 464490 25426737 1689040
0b00c701 0b00e801 10000 100 20000000 311926 26070759 1685000
0b00ec01 0b00cb01 10000 100 20000000 1644075 25035806 1685000
0b001001 0b00f201 10000 100 10485760 2071866 24615208 891367
0b004101 0b011301 10000 100 10485760 240671 26452707 891367
0b003a01 0b001a01 10000 100 20000000 1475287 25702681 1685000
0b000901 0b008801 10000 100 10485760 1714697 25486458 891367
0b00f101 0b00a601 10000 100 20000000 1906621 25515076 1689040
0b00fd01 0b00cc01 10000 100 20000000 865043 26875070 1685000
0b00bd01 0b013d01 10000 100 10485760 2359700 25466572 891367
0b00f101 0b011e01 10000 100 20000000 1983771 25891756 1689040
0b011301 0b000001 10000 100 20000000 445009 27433188 1689040
0b010a01 0b00b201 10000 100 20000000 456654 27534458 1689040
0b008901 0b00bc01 10000 100 10485760 2139461 25968351 887327
0b013101 0b00e301 10000 100 10485760 635847 27723661 891367
0b012801 0b010f01 10000 100 20000000 83905 28298332 1685000
0b001b01 0b00b201 10000 100 20000000 166785 28272759 1689040
0b007801 0b002501 10000 100 20000000 2310968 26278291 1689040
0b003b01 0b013601 10000 100 20000000 1907424 26848845 1689040
0b00bb01 0b00c901 10000 100 20000000 293175 28597382 1689040
0b003b01 0b008301 10000 100 10485760 1767015 27826555 891367
0b003001 0b010f01 10000 100 20000000 2364950 27259194 1689040
0b010301 0b009801 10000 100 20000000 1403841 28243308 1689040
0b007a01 0b00e701 10000 100 20000000 277965 30158125 1689040
0b00c501 0b000201 10000 100 20000000 1729234 29064900 1689040
0b00d101 0b004501 10000 100 10485760 1087559 29729718 891367
0b005c01 0b00f001 10000 100 10485760 128172 30753257 891367
0b011001 0b002001 10000 100 10485760 1922211 29179338 891367
0b005b01 0b003301 10000 100 20000000 1651354 29484868 1689040
0b012401 0b002301 10000 100 20000000 2355199 28938804 1689040
0b009501 0b007901 10000 100 20000000 1355738 30025298 1689040
0b003d01 0b013301 10000 100 10485760 1192230 30328893 891367
0b002101 0b00ba01 10000 100 20000000 700421 31428297 1689040
0b000e01 0b00e001 10000 100 20000000 1756413 30389448 1689040
0b00d401 0b007201 10000 100 10485760 200670 32151203 891367
0b008601 0b00aa01 10000 100 10485760 317083 32361816 887327
0b00e201 0b00f001 10000 100 10485760 79362 33414878 887327
0b000901 0b011b01 10000 100 20000000 1117259 32480036 1689040
0b00dc01 0b00ed01 10000 100 20000000 2133039 32461259 1685000
0b004701 0b003401 10000 100 20000000 2297286 32512959 1689040
0b00f601 0b008f01 10000 100 10485760 301472 35334657 891367
0b00e701 0b013b01 10000 100 20000000 1516142 34150478 1689040
0b004b01 0b003201 10000 100 20000000 1147257 34593953 1689040
0b003a01 0b002301 10000 100 10485760 1804559 33981969 887327
0b013601 0b001d01 10000 100 10485760 2223264 33616011 891367
0b000b01 0b010f01 10000 100 20000000 2092231 34104050 1689040
0b00c601 0b005a01 10000 100 20000000 1444261 34815385 1689040
0b00ac01 0b005901 10000 100 10485760 2055856 34559741 891367
0b006101 0b00ee01 10000 100 20000000 1975937 35166650 1689040
0b005b01 0b010101 10000 100 20000000 1342923 35825033 1689040
0b007301 0b004001 10000 100 10485760 1090107 36123937 887327
0b011901 0b000601 10000 100 20000000 350466 37389012 1689040
0b006401 0b001901 10000 100 20000000 905458 37817647 1689040
0b00e501 0b011501 10000 100 20000000 512229 39633193 1689040
0b009501 0b00f001 10000 100 20000000 2285697 38165947 1689040
0b004d01 0b012301 10000 100 20000000 1545102 38992451 1689040
0b001301 0b011401 10000 100 10485760 1254789 40163801 891367
0b011701 0b00e201 10000 100 20000000 1487947 40421419 1689040
0b008201 0b004601 10000 100 10485760 224465 42066667 891367
0b005d01 0b00f901 10000 100 20000000 2035243 40519438 1689040
0b00a801 0b007f01 10000 100 20000000 801593 42733980 1689040
0b003501 0b00c701 10000 100 20000000 271151 43493126 1689040
0b010601 0b005601 10000 100 10485760 1901677 42416408 891367
0b000901 0b013101 10000 100 20000000 541509 43920104 1689040
0b009601 0b012401 10000 100 20000000 867023 43763902 1689040
0b008a01 0b011b01 10000 100 20000000 474901 44606462 1689040
0b013301 0b00e401 10000 100 20000000 245821 45385040 1689040
0b001d01 0b003501 10000 100 20000000 1429579 44218930 1685000
0b013601 0b000f01 10000 100 20000000 1070828 45343364 1689040
0b006201 0b00e201 10000 100 20000000 131446 47829052 1689040
0b00b001 0b010101 10000 100 20000000 886191 47216965 1689040
0b010501 0b00a101 10000 100 20000000 115563 48217258 1689040
0b002501 0b009c01 10000 100 10485760 471483 48091099 891367
0b00fb01 0b003701 10000 100 10485760 2219731 46380550 891367
0b007b01 0b002e01 10000 100 10485760 849971 47785912 891367
0b00cd01 0b011901 10000 100 20000000 357621 48344040 1689040
0b00e601 0b002601 10000 100 20000000 567402 48205798 1689040
0b013a01 0b00b401 10000 100 20000000 1276346 47763702 1689040
0b00b601 0b00c401 10000 100 20000000 470591 48730961 1689040
0b00f601 0b000d01 10000 100 20000000 1969067 47747792 1689040
0b003201 0b008d01 10000 100 10485760 1734976 48605464 891367
0b00f201 0b008001 10000 100 20000000 1618152 48968371 1689040
0b013b01 0b00a901 10000 100 20000000 2118132 49607572 1689040
0b00af01 0b004101 10000 100 20000000 1342901 50959212 1689040
0b009601 0b00d601 10000 100 20000000 1874804 51294268 1689040
0b00dc01 0b009901 10000 100 20000000 2013861 51428129 1689040
0b00bf01 0b013901 10000 100 20000000 907662 53003727 1689040
0b00cd01 0b013101 10000 100 20000000 2312086 52440251 1689040
0b00ac01 0b009901 10000 100 20000000 1104759 54538664 1685000
0b004601 0b009001 10000 100 20000000 1970350 55600331 1689040
0b001501 0b00cd01 10000 100 20000000 183837 58587061 1689040
0b000e01 0b00cc01 10000 100 20000000 954126 58318744 1689040
0b000c01 0b012201 10000 100 20000000 2336107 57934645 1689040
0b000701 0b012201 10000 100 20000000 1157966 59669088 1689040
0b000d01 0b002301 10000 100 20000000 508761 61095796 1685000
0b009d01 0b00c601 10000 100 20000000 485537 61967274 1689040
0b009201 0b005c01 10000 100 20000000 2219070 60302705 1689040
0b001801 0b00a101 10000 100 20000000 1375188 64765253 1689040
0b011801 0b000d01 10000 100 20000000 933181 65616208 1689040
0b00c601 0b001301 10000 100 20000000 1297139 65408487 1689040
0b00e101 0b006101 10000 100 20000000 181952 67366552 1689040
0b011c01 0b006801 10000 100 20000000 794704 66916184 1689040
0b003701 0b005401 10000 100 20000000 1245809 66822047 1689040
0b00f601 0b003a01 10000 100 20000000 683031 67852332 1689040
0b009701 0b00f601 10000 100 20000000 1276156 68077495 1689040
0b00a301 0b013401 10000 100 20000000 300010 72135988 1689040
0b013501 0b00b001 10000 100 20000000 2326687 72960492 1689040
0b009f01 0b006601 10000 100 20000000 719683 75943079 1689040
0b00b801 0b002e01 10000 100 20000000 525877 76298391 1689040
0b009c01 0b010c01 10000 100 20000000 1053775 76808925 1689040
0b001f01 0b008001 10000 100 20000000 538203 77496544 1689040
0b011301 0b004301 10000 100 20000000 871784 77271645 1689040
0b006701 0b010001 10000 100 20000000 348200 78370065 1689040
0b009701 0b004601 10000 100 20000000 1235189 77505006 1689040
0b005b01 0b010d01 10000 100 20000000 2095024 79804753 1689040
0b010501 0b00b701 10000 100 20000000 854062 82868259 1689040
0b012801 0b001e01 10000 100 20000000 500089 84921688 1689040
0b013a01 0b00b701 10000 100 20000000 1254473 85004397 1689040
0b007e01 0b013701 10000 100 20000000 1926221 84780593 1689040
0b00ca01 0b010101 10000 100 20000000 339116 87455254 1689040
0b009001 0b004801 10000 100 20000000 1373829 86740253 1689040
0b007c01 0b00d801 10000 100 20000000 404406 89570262 1689040
0b012701 0b00c001 10000 100 20000000 1418533 89512134 1689040
0b00eb01 0b003001 10000 100 20000000 2283479 89595573 1689040
0b00a601 0b005101 10000 100 20000000 550161 93523210 1689040
0b000a01 0b008601 10000 100 20000000 2350824 91882023 1689040
0b007801 0b00f501 10000 100 20000000 47972 97170524 1689040
0b006d01 0b001701 10000 100 20000000 2030723 95771505 1689040
0b00e201 0b012001 10000 100 20000000 782917 99597649 1689040
0b006a01 0b00cb01 10000 100 20000000 1503793 100853530 1689040
0b00d101 0b001e01 10000 100 20000000 630997 107411386 1689040
0b005c01 0b00a801 10000 100 20000000 1165760 110148531 1689040
0b004601 0b012d01 10000 100 20000000 1401834 114956508 1689040
0b010d01 0b001e01 10000 100 20000000 405427 120441356 1689040
