0b009701 0b003301 10000 100 51200 1910 10242 10267
0b004f01 0b003301 10000 100 2048 9002 8178 8207
0b007901 0b006f01 10000 100 51200 13184 10401 10267
0b001c01 0b006101 10000 100 102400 12324 12411 12413
0b006601 0b001801 10000 100 20480 21675 8951 8979
0b004301 0b001b01 10000 100 51200 22039 10242 10267
0b006401 0b002301 10000 100 1024 25314 8167 8164
0b008701 0b003f01 10000 100 51200 25811 16136 10267
0b008f01 0b002401 10000 100 2048 34134 8178 8207
0b004001 0b009e01 10000 100 2048 40397 8178 8207
0b008101 0b004f01 10000 100 102400 36496 12392 12413
0b008d01 0b007401 10000 100 1024 41078 8144 8164
0b005201 0b000701 10000 100 10240 41647 8542 8550
0b006101 0b000401 10000 100 512000 27810 29609 29583
0b000201 0b001101 10000 100 2048 51015 8262 8207
0b009001 0b006401 10000 100 51200 49940 10243 10267
0b006901 0b008901 10000 100 10240 53952 8906 8550
0b005101 0b004b01 10000 100 102400 47541 16677 12413
0b008c01 0b004401 10000 100 102400 56873 12392 12413
0b006601 0b006201 10000 100 51200 59513 10500 6227
0b004d01 0b001f01 10000 100 2048 64820 8178 8207
0b004f01 0b000a01 10000 100 102400 62152 12392 12413
0b006e01 0b009301 10000 100 102400 63733 12392 12413
0b006f01 0b008901 10000 100 512000 48541 30025 29583
0b005101 0b004b01 10001 100 102400 67478 14986 12413
0b000401 0b005701 10000 100 5120 74145 8328 8336
0b001701 0b006201 10000 100 512000 51651 31746 29583
0b000a01 0b007401 10000 100 51200 73617 10250 10267
0b008e01 0b005c01 10000 100 51200 76501 10256 10267
0b003801 0b005e01 10000 100 20480 78391 8951 8979
0b009001 0b003d01 10000 100 512000 63347 29594 29583
0b009a01 0b000a01 10000 100 20480 86650 9045 8979
0b004801 0b006401 10000 100 5120 88725 8307 8336
0b002801 0b004001 10000 100 1024 92949 8145 8164
0b004501 0b005001 10000 100 10240 93263 8521 8550
0b003a01 0b005201 10000 100 1024 98676 8188 8164
0b007001 0b006001 10000 100 2097152 12639 96192 96034
0b004401 0b002501 10000 100 51200 103316 10242 10267
0b003901 0b003601 10000 100 2097152 22969 92128 91994
0b004701 0b004801 10000 100 204800 108074 13477 12665
0b001301 0b001b01 10000 100 1048576 73703 48343 48037
0b009501 0b002601 10000 100 10240 115350 8537 8550
0b004e01 0b000401 10000 100 102400 111633 12392 12413
0b008201 0b006e01 10000 100 204800 112292 24980 16705
0b002b01 0b008101 10000 100 51200 128058 11773 10267
0b009d01 0b005a01 10000 100 20480 132893 8951 8979
0b008c01 0b009301 10000 100 10240 136546 8521 8550
0b003b01 0b009801 10000 100 1048576 93962 53412 52077
0b004401 0b003201 10000 100 10240 141144 8539 8550
0b000801 0b006c01 10000 100 20480 142218 8951 8979
0b007801 0b009101 10000 100 512000 86308 67484 29583
0b007501 0b003b01 10000 100 2048 145472 8333 8207
0b002f01 0b003d01 10000 100 512000 115182 40198 29583
0b006201 0b008801 10000 100 102400 147054 13192 12413
0b002001 0b003601 10000 100 102400 145909 16668 12413
0b007701 0b001401 10000 100 2097152 61156 105223 96034
0b009901 0b009701 10000 100 1048576 119794 48087 48037
0b007a01 0b009e01 10000 100 51200 156465 11837 10267
0b007c01 0b001001 10000 100 10240 162326 8521 8550
0b002101 0b008701 10000 100 102400 153143 18441 12413
0b003201 0b000201 10000 100 1048576 120369 53206 52077
0b005701 0b002101 10000 100 204800 148885 25274 16705
0b005d01 0b003d01 10000 100 20480 168204 9751 8979
0b006901 0b008501 10000 100 512000 148954 31543 29583
0b000b01 0b008701 10000 100 10240 166956 13963 8550
0b004401 0b001301 10000 100 10240 180776 8738 8550
0b000601 0b002001 10000 100 5120 181750 8432 8336
0b001301 0b005001 10000 100 204800 175035 16945 16705
0b007801 0b005001 10000 100 1024 184293 8243 8164
0b008e01 0b002a01 10000 100 2048 187579 8188 8207
0b001801 0b008c01 10000 100 512000 167883 29608 29583
0b004001 0b007101 10000 100 2097152 60728 140104 96034
0b008501 0b007d01 10000 100 51200 193381 10310 10267
0b005701 0b008d01 10000 100 2097152 100904 104803 96034
0b009801 0b004701 10000 100 5120 192968 17352 8336
0b003d01 0b003601 10000 100 10240 206061 4786 4510
0b009b01 0b008c01 10000 100 51200 201484 13766 10267
0b003601 0b005f01 10000 100 5120 209849 8652 8336
0b000401 0b007401 10000 100 1024 210439 8470 8164
0b005301 0b008701 10000 100 102400 203809 15949 12413
0b000c01 0b009501 10000 100 1048576 129813 95102 52077
0b000c01 0b004201 10000 100 20480 220674 9002 8979
0b005901 0b009001 10000 100 2048 221986 8224 8207
0b007a01 0b001201 10000 100 5120 224064 8550 8336
0b008301 0b009c01 10000 100 204800 217096 18789 16705
0b006401 0b002801 10000 100 204800 216261 21454 16705
0b007501 0b003701 10000 100 512000 184585 53883 29583
0b009d01 0b004701 10000 100 512000 182394 56662 29583
0b006d01 0b000401 10000 100 51200 227980 12421 10267
0b000d01 0b002801 10000 100 204800 212747 27847 16705
0b004d01 0b009f01 10000 100 512000 194882 46495 29583
0b004001 0b007101 10001 100 204800 219564 22018 16705
0b007001 0b001201 10000 100 20480 233289 8951 8979
0b004301 0b008601 10000 100 2048 234381 8179 8207
0b009201 0b004701 10000 100 5120 228678 14283 8336
0b009401 0b001301 10000 100 512000 205345 38138 29583
0b001501 0b004d01 10000 100 204800 228347 17385 16705
0b002801 0b009301 10000 100 1048576 155055 91935 52077
0b003901 0b000501 10000 100 2048 240168 8512 8207
0b008201 0b006701 10000 100 2097152 63014 185941 96034
0b001d01 0b003701 10000 100 512000 198294 50960 29583
0b002801 0b004401 10000 100 1048576 160063 92177 52077
0b006d01 0b009801 10000 100 1024 244623 8169 8164
0b007b01 0b006901 10000 100 204800 220034 32838 16705
0b008b01 0b008301 10000 100 5242880 23343 232846 223861
0b009001 0b007f01 10000 100 2097152 91923 166689 96034
0b003b01 0b009a01 10000 100 204800 238401 20378 16705
0b001801 0b007901 10000 100 512000 209296 51746 29583
0b009901 0b002101 10000 100 51200 256181 10262 10267
0b005201 0b007001 10000 100 1024 265112 8228 8164
0b006001 0b000601 10000 100 1048576 209356 64567 52077
0b002c01 0b007901 10000 100 5242880 10661 263323 227901
0b007d01 0b008b01 10000 100 10240 266696 9369 8550
0b007601 0b002d01 10000 100 5120 267791 8367 8336
0b001101 0b003f01 10000 100 51200 264786 13903 10267
0b002201 0b004001 10000 100 51200 266448 12393 10267
0b002901 0b007401 10000 100 5120 272032 8503 8336
0b005e01 0b001e01 10000 100 5120 272504 8509 8336
0b004501 0b007101 10000 100 2097152 110159 172388 96034
0b001d01 0b005e01 10000 100 10240 269016 14196 8550
0b001c01 0b006b01 10000 100 51200 271059 12413 10267
0b005d01 0b000c01 10000 100 51200 272184 12953 10267
0b004001 0b008301 10000 100 5120 277568 8464 8336
0b003701 0b008a01 10000 100 204800 265206 20976 16705
0b007c01 0b004c01 10000 100 512000 239468 48315 29583
0b006e01 0b005201 10000 100 51200 281390 12300 10267
0b007a01 0b009501 10000 100 2097152 135064 159069 96034
0b005201 0b005d01 10000 100 102400 281739 13525 8373
0b005101 0b006d01 10000 100 10240 287948 8715 8550
0b003301 0b004b01 10000 100 102400 278984 20959 12413
0b008001 0b000b01 10000 100 1048576 248758 53197 52077
0b007601 0b002601 10000 100 51200 291985 12541 10267
0b004201 0b006a01 10000 100 51200 295310 10264 10267
0b005301 0b004701 10000 100 51200 293978 13281 10267
0b007e01 0b006001 10000 100 2048 300075 9898 8207
0b009201 0b005301 10000 100 204800 288686 25385 16705
0b001c01 0b005901 10000 100 20480 304254 10665 8979
0b006201 0b003f01 10000 100 51200 302557 12382 10267
0b006a01 0b006501 10000 100 51200 306920 11006 6227
0b009301 0b002901 10000 100 512000 288820 30652 29583
0b004d01 0b007f01 10000 100 1048576 222952 96858 52077
0b000101 0b008901 10000 100 5120 312556 8573 8336
0b004d01 0b008301 10000 100 1048576 226910 95117 52077
0b001601 0b001501 10000 100 51200 318127 6777 6227
0b000801 0b001301 10000 100 512000 290589 35946 29583
0b009d01 0b009e01 10000 100 2097152 220835 105858 91994
0b005a01 0b004c01 10000 100 512000 275961 55062 29583
0b009601 0b006b01 10000 100 20480 322423 8969 8979
0b006001 0b009401 10000 100 1048576 283081 52194 52077
0b007201 0b000401 10000 100 51200 322963 13144 10267
0b000f01 0b002601 10000 100 1048576 280578 57891 52077
0b007801 0b008b01 10000 100 1048576 176300 162297 52077
0b008501 0b007301 10000 100 2097152 242867 97210 96034
0b005601 0b008601 10000 100 204800 319390 20694 16705
0b007101 0b003401 10000 100 204800 313977 28226 16705
0b004f01 0b004001 10000 100 1024 337913 4385 4124
0b000601 0b008c01 10000 100 10240 335813 8546 8550
0b008b01 0b005e01 10000 100 512000 306786 42880 29583
0b006201 0b004301 10000 100 2097152 251547 98344 96034
0b003801 0b005e01 10001 100 1048576 243918 106522 52077
0b009101 0b001201 10000 100 1024 343660 8135 8164
0b005301 0b002f01 10000 100 512000 322744 33447 29583
0b009b01 0b002301 10000 100 5120 349595 8645 8336
0b004601 0b000a01 10000 100 512000 320820 40068 29583
0b008f01 0b009c01 10000 100 2097152 232056 130991 96034
0b007a01 0b001b01 10000 100 5120 355046 8974 8336
0b009101 0b004301 10000 100 20480 360365 8964 8979
0b002f01 0b003b01 10000 100 512000 324228 46064 29583
0b009b01 0b003801 10000 100 10240 364800 8919 8550
0b009701 0b009f01 10000 100 51200 368575 7177 6227
0b003d01 0b001b01 10000 100 102400 363288 14691 12413
0b006b01 0b006001 10000 100 204800 363160 15076 12665
0b003601 0b000601 10000 100 2097152 273478 120443 96034
0b004801 0b001501 10000 100 102400 383490 12648 12413
0b006501 0b001c01 10000 100 102400 370302 27222 12413
0b006501 0b008101 10000 100 512000 319132 80768 29583
0b006a01 0b003701 10000 100 1048576 307642 93496 52077
0b009601 0b005101 10000 100 51200 390595 11047 10267
0b008601 0b001d01 10000 100 51200 382462 19949 10267
0b003901 0b008d01 10000 100 20480 391964 10499 8979
0b005f01 0b004c01 10000 100 1048576 321184 81950 52077
0b001401 0b008901 10000 100 5242880 175302 230189 227901
0b004101 0b001201 10000 100 204800 392010 17269 16705
0b006601 0b005401 10000 100 102400 394309 17903 12413
0b006301 0b002501 10000 100 51200 407513 10429 10267
0b009601 0b005f01 10000 100 5120 409967 8477 8336
0b003a01 0b001001 10000 100 512000 350738 72538 29583
0b009401 0b000e01 10000 100 512000 376143 47176 29583
0b004201 0b005301 10000 100 10240 419356 10627 8550
0b002a01 0b001d01 10000 100 512000 336536 96871 29583
0b005101 0b007201 10000 100 2048 428136 8178 8207
0b002701 0b004901 10000 100 204800 415352 22357 16705
0b008e01 0b003b01 10000 100 204800 422282 21330 16705
0b008101 0b008501 10000 100 512000 402898 41216 25543
0b005301 0b008f01 10000 100 5120 439652 8470 8336
0b002a01 0b002701 10000 100 512000 366387 84330 25543
0b008601 0b007e01 10000 100 1048576 353760 98828 52077
0b006901 0b009501 10000 100 512000 421381 31410 29583
0b008e01 0b001801 10000 100 1024 445127 8190 8164
0b005601 0b009301 10000 100 2048 445209 8233 8207
0b002a01 0b000301 10000 100 1048576 313161 141075 52077
0b002d01 0b009f01 10000 100 5242880 73559 385183 227901
0b008201 0b003201 10000 100 512000 431714 30001 29583
0b003901 0b003b01 10000 100 102400 450082 13413 8373
0b000e01 0b002701 10000 100 51200 443487 20573 10267
0b009901 0b005301 10000 100 102400 447678 16956 12413
0b000a01 0b008e01 10000 100 2097152 358543 108108 96034
0b005e01 0b000901 10000 100 10240 458571 9533 8550
0b000501 0b007d01 10000 100 1024 456437 12863 8164
0b005e01 0b008201 10000 100 204800 448755 23391 16705
0b004701 0b009901 10000 100 2048 463857 8633 8207
0b008b01 0b009401 10000 100 1024 466731 8160 8164
0b008901 0b001801 10000 100 10240 466335 8668 8550
0b006d01 0b000c01 10000 100 51200 462201 15682 10267
0b002e01 0b001901 10001 100 512000 426700 52669 29583
0b004e01 0b000b01 10000 100 102400 461316 20923 12413
0b006d01 0b007001 10000 100 51200 473009 10256 10267
0b009c01 0b005401 10000 100 5120 475907 9784 8336
0b007501 0b009e01 10000 100 2097152 296181 190446 96034
0b009d01 0b007f01 10000 100 204800 469782 17592 16705
0b003901 0b009801 10000 100 1024 488222 8158 8164
0b002b01 0b007b01 10000 100 102400 477197 19720 12413
0b001201 0b003901 10000 100 1024 489844 8250 8164
0b004501 0b009701 10000 100 2048 490302 8180 8207
0b005d01 0b007801 10000 100 51200 489604 10657 10267
0b002501 0b007101 10000 100 51200 488023 14259 10267
0b004e01 0b003d01 10000 100 5242880 128344 373987 227901
0b003e01 0b009d01 10000 100 2097152 407578 96646 96034
0b006301 0b001401 10000 100 102400 488537 21332 12413
0b002901 0b008401 10000 100 102400 478813 31652 12413
0b000301 0b002401 10000 100 51200 500506 11406 10267
0b005b01 0b006b01 10000 100 51200 501234 12576 10267
0b005d01 0b001b01 10000 100 204800 491566 23645 16705
0b004a01 0b005d01 10000 100 2097152 244823 271249 96034
0b005c01 0b008301 10000 100 512000 469833 51386 29583
0b000701 0b001201 10000 100 512000 483570 41907 29583
0b006a01 0b007801 10000 100 1024 521913 8239 8164
0b000a01 0b003001 10000 100 51200 517848 12765 10267
0b000601 0b009b01 10000 100 204800 515006 17351 16705
0b007701 0b000801 10000 100 5120 527833 8393 8336
0b000c01 0b003d01 10000 100 51200 521554 15003 10267
0b008f01 0b003601 10000 100 2097152 370614 169310 96034
0b006d01 0b000e01 10000 100 10240 531532 9887 8550
0b009201 0b001001 10000 100 102400 528997 16777 12413
0b005801 0b001401 10000 100 51200 538253 10471 10267
0b002f01 0b004101 10000 100 2097152 394223 155767 96034
0b004d01 0b004a01 10000 100 204800 529777 21151 12665
0b005001 0b006201 10000 100 102400 537598 14160 12413
0b006101 0b006901 10000 100 5242880 157441 396579 223861
0b001201 0b005401 10000 100 51200 541109 15010 10267
0b002801 0b002c01 10000 100 512000 504109 53674 25543
0b008f01 0b003701 10000 100 5120 549361 8495 8336
0b009a01 0b002501 10000 100 5120 550570 8521 8336
0b005f01 0b008201 10000 100 1048576 490295 72429 52077
0b009901 0b009501 10000 100 5120 558455 5481 4296
0b004a01 0b007101 10000 100 2097152 309609 254686 96034
0b002901 0b008a01 10000 100 512000 465499 100447 29583
0b003c01 0b002101 10000 100 1048576 400379 170345 52077
0b000701 0b007c01 10000 100 20480 561543 9243 8979
0b001201 0b004701 10000 100 102400 558297 15883 12413
0b008f01 0b006901 10000 100 2097152 409826 167452 96034
0b005a01 0b002801 10000 100 204800 554685 22611 16705
0b002201 0b005001 10000 100 5120 571653 8408 8336
0b002201 0b005a01 10000 100 5242880 190965 389591 227901
0b009401 0b005e01 10000 100 10240 576039 8583 8550
0b000d01 0b004d01 10000 100 2097152 399934 188239 96034
0b000001 0b008b01 10000 100 5120 580547 8752 8336
0b007001 0b008f01 10000 100 20480 575915 14134 8979
0b001601 0b009e01 10000 100 102400 578573 12575 12413
0b002001 0b004601 10000 100 1048576 505878 85880 52077
0b004f01 0b004901 10000 100 102400 586604 9227 8373
0b005001 0b007f01 10000 100 102400 587001 12484 12413
0b006c01 0b008b01 10000 100 204800 578722 20977 16705
0b008001 0b006e01 10000 100 5120 592431 8497 8336
0b005e01 0b008301 10000 100 10240 593857 9462 8550
0b004401 0b007e01 10000 100 512000 534852 69221 29583
0b000201 0b001901 10000 100 204800 574640 30333 16705
0b001f01 0b007501 10000 100 5242880 241155 364426 227901
0b007601 0b006501 10000 100 2048 597308 8443 8207
0b005e01 0b007901 10000 100 512000 555330 50758 29583
0b009e01 0b005b01 10000 100 512000 551224 61727 29583
0b003c01 0b002701 10000 100 5242880 112014 501063 227901
0b002301 0b004b01 10000 100 20480 604696 9550 8979
0b007a01 0b002701 10000 100 5242880 264078 351676 227901
0b007901 0b009a01 10000 100 10485760 32072 584534 447683
0b001f01 0b009701 10000 100 51200 602334 15377 10267
0b006001 0b009501 10000 100 512000 588384 30525 29583
0b007501 0b000c01 10000 100 10485760 18451 605580 447683
0b007c01 0b001b01 10000 100 10240 615446 9359 8550
0b000c01 0b004c01 10000 100 512000 555063 70401 29583
0b004c01 0b001401 10000 100 204800 597601 28126 16705
0b004c01 0b006501 10000 100 512000 533362 97017 29583
0b000901 0b003c01 10000 100 10240 623198 10108 8550
0b007c01 0b006501 10000 100 102400 617069 22752 12413
0b007801 0b009001 10000 100 51200 622676 18845 10267
0b009a01 0b005b01 10000 100 204800 618729 23569 16705
0b009a01 0b004c01 10000 100 51200 630718 12026 10267
0b007001 0b005501 10000 100 102400 631894 12668 12413
0b006a01 0b005801 10000 100 5242880 318715 326670 227901
0b002a01 0b003d01 10000 100 5242880 224255 421248 227901
0b006b01 0b008a01 10000 100 10240 637413 8851 8550
0b008601 0b005d01 10000 100 1048576 569591 82539 52077
0b001101 0b001b01 10000 100 204800 634650 19057 12665
0b001101 0b007801 10000 100 20480 644085 10672 8979
0b004a01 0b007201 10000 100 51200 643085 12544 10267
0b009901 0b007301 10000 100 512000 585132 75100 29583
0b007c01 0b007e01 10000 100 1048576 563464 97357 48037
0b006801 0b003f01 10000 100 5242880 417212 244701 227901
0b004a01 0b002a01 10000 100 5242880 234150 428168 227901
0b007f01 0b006b01 10000 100 1048576 614059 53857 52077
0b008001 0b003801 10000 100 512000 617232 50694 29583
0b001501 0b004d01 10001 100 51200 656953 14079 10267
0b009d01 0b000f01 10000 100 5120 660908 10989 8336
0b000701 0b009201 10000 100 1048576 595448 78547 52077
0b009201 0b003d01 10000 100 2048 666442 8199 8207
0b007701 0b008d01 10000 100 512000 641749 34043 29583
0b000301 0b008f01 10000 100 1048576 568160 108318 52077
0b007101 0b005c01 10000 100 512000 581884 96084 29583
0b000e01 0b005701 10000 100 20480 665286 13086 8979
0b004001 0b003401 10000 100 102400 651215 29691 12413
0b008e01 0b002101 10000 100 1048576 599884 83629 52077
0b009601 0b000d01 10000 100 10240 677241 8591 8550
0b002001 0b003001 10000 100 5120 679548 9011 8336
0b006201 0b007d01 10000 100 102400 678813 15529 12413
0b008f01 0b001f01 10000 100 1048576 574655 120038 52077
0b002b01 0b008b01 10000 100 204800 668976 25833 16705
0b009201 0b006f01 10000 100 5120 687981 8509 8336
0b006301 0b008901 10000 100 51200 685591 12458 10267
0b002601 0b009601 10000 100 2097152 514952 184224 96034
0b004501 0b004f01 10000 100 512000 659424 40643 25543
0b008f01 0b006d01 10000 100 102400 690414 12541 12413
0b006c01 0b003a01 10000 100 51200 692644 11333 10267
0b006801 0b001401 10000 100 1048576 633623 71529 52077
0b005901 0b001401 10000 100 2048 698224 8180 8207
0b000001 0b002301 10000 100 5242880 310792 396056 227901
0b004701 0b005501 10000 100 2048 701952 8232 8207
0b008301 0b002201 10000 100 102400 688669 23852 12413
0b006601 0b000201 10000 100 51200 700887 14337 10267
0b000001 0b000701 10000 100 5120 711473 4348 4296
0b002501 0b006d01 10000 100 102400 700163 16952 12413
0b002e01 0b000701 10000 100 2048 709594 8317 8207
0b008201 0b001001 10000 100 1048576 620857 97610 52077
0b009301 0b002a01 10000 100 204800 695285 25491 16705
0b001701 0b008401 10000 100 512000 647919 75120 29583
0b008101 0b001101 10000 100 102400 701247 22771 12413
0b004101 0b006f01 10000 100 1024 715703 12009 8164
0b000201 0b005d01 10000 100 10240 718947 9155 8550
0b005a01 0b003401 10000 100 102400 712866 17343 12413
0b001801 0b003d01 10000 100 51200 718169 12563 10267
0b009901 0b008901 10000 100 102400 709773 21606 12413
0b004301 0b005601 10000 100 20480 722748 9796 8979
0b004601 0b003001 10000 100 102400 717330 19212 12413
0b004001 0b004801 10000 100 2097152 411819 325047 91994
0b004701 0b006201 10000 100 51200 725669 11327 10267
0b003a01 0b002001 10000 100 5242880 172348 566802 227901
0b004e01 0b009401 10000 100 5242880 364744 376494 227901
0b001201 0b004201 10000 100 10240 735109 8706 8550
0b001201 0b008901 10000 100 102400 728422 16633 12413
0b001d01 0b006001 10000 100 204800 724476 25418 16705
0b008501 0b000201 10000 100 512000 722177 30373 29583
0b001801 0b004901 10000 100 51200 737436 15923 10267
0b002201 0b002f01 10000 100 20480 755024 4950 4939
0b004401 0b009401 10000 100 512000 733019 29666 29583
0b002901 0b006601 10000 100 10485760 81220 681908 447683
0b003c01 0b008f01 10000 100 1048576 611327 153554 52077
0b002801 0b004701 10000 100 20480 755940 10315 8979
0b004801 0b008601 10000 100 5120 761352 8584 8336
0b000801 0b008c01 10000 100 5120 762597 11282 8336
0b008301 0b001d01 10000 100 20480 753782 21508 8979
0b009001 0b002101 10000 100 204800 758589 20995 16705
0b004b01 0b001f01 10000 100 51200 765296 16828 10267
0b000001 0b009a01 10000 100 1024 774738 8135 8164
0b008e01 0b007101 10000 100 1024 774950 8187 8164
0b009d01 0b006b01 10000 100 20480 776274 9014 8979
0b006f01 0b003e01 10000 100 51200 769773 16697 10267
0b006e01 0b008501 10000 100 20480 780576 9360 8979
0b005801 0b008d01 10000 100 51200 779062 15734 10267
0b003201 0b005a01 10000 100 20480 786030 10633 8979
0b007d01 0b003501 10000 100 204800 763256 36446 16705
0b004001 0b001e01 10000 100 1024 789534 11638 8164
0b000f01 0b009501 10000 100 1048576 710436 90741 52077
0b006201 0b004601 10000 100 51200 781285 21109 10267
0b005301 0b007201 10000 100 20480 795965 9044 8979
0b006c01 0b004601 10000 100 20480 794149 14028 8979
0b003a01 0b008301 10000 100 1048576 710313 99631 52077
0b002e01 0b001901 10000 100 10485760 135957 674618 447683
0b007101 0b008801 10000 100 2097152 493784 316928 96034
0b004d01 0b003d01 10000 100 1048576 757688 54419 52077
0b002701 0b004d01 10000 100 5242880 566436 250675 227901
0b006601 0b003c01 10000 100 2048 807336 9948 8207
0b006801 0b005c01 10000 100 2048 813069 8193 8207
0b005c01 0b003001 10000 100 10485760 305071 518032 447683
0b008101 0b007001 10000 100 5242880 557361 265927 227901
0b007801 0b001301 10000 100 5242880 97698 731693 227901
0b009801 0b008501 10000 100 204800 800191 29907 16705
0b002501 0b003901 10000 100 10485760 373675 467272 447683
0b002c01 0b002601 10000 100 512000 784751 58189 25543
0b001801 0b008a01 10000 100 5120 835202 8667 8336
0b006601 0b004e01 10000 100 10240 837395 8776 8550
0b005f01 0b004c01 10001 100 512000 784982 62223 29583
0b000001 0b008b01 10001 100 204800 827700 21313 16705
0b000f01 0b000a01 10000 100 102400 844635 11222 8373
0b004901 0b000901 10000 100 2097152 579658 276803 96034
0b001401 0b003201 10000 100 102400 848464 12631 12413
0b003301 0b005d01 10000 100 5242880 256419 607053 227901
0b004c01 0b002501 10000 100 10240 855202 9015 8550
0b008a01 0b002501 10000 100 5242880 516044 351524 227901
0b007301 0b007d01 10000 100 512000 811398 59937 25543
0b002a01 0b008d01 10000 100 10240 862633 9359 8550
0b006f01 0b006a01 10000 100 1048576 735378 138936 48037
0b000601 0b004f01 10000 100 204800 851551 24374 16705
0b002901 0b008c01 10000 100 10240 870603 9610 8550
0b004d01 0b001501 10000 100 1048576 807238 76676 52077
0b003a01 0b008501 10000 100 102400 864597 21002 12413
0b009301 0b008401 10000 100 10485760 390525 497307 447683
0b006001 0b003e01 10000 100 1024 880117 8212 8164
0b008001 0b005f01 10000 100 204800 851649 39214 16705
0b006301 0b004501 10000 100 10240 882817 9135 8550
0b007701 0b002b01 10000 100 5120 883670 9147 8336
0b003a01 0b005b01 10000 100 10485760 33764 859256 447683
0b008f01 0b004601 10000 100 2097152 726398 167427 96034
0b001a01 0b006b01 10000 100 1048576 817381 78156 52077
0b006501 0b003101 10000 100 10240 887869 9394 8550
0b003c01 0b006901 10000 100 102400 876192 24352 12413
0b001701 0b001f01 10000 100 512000 842644 61717 25543
0b000701 0b006901 10000 100 512000 816912 87866 29583
0b003c01 0b001801 10000 100 5242880 288996 616951 227901
0b006401 0b007901 10000 100 512000 869369 40368 29583
0b005701 0b004d01 10000 100 10240 900431 9447 8550
0b004501 0b001701 10000 100 2097152 687653 234466 96034
0b006401 0b004901 10000 100 102400 922515 14366 12413
0b009201 0b000e01 10000 100 102400 914339 23670 12413
0b009701 0b008a01 10000 100 102400 908551 30606 12413
0b009501 0b000901 10000 100 1048576 886378 54235 52077
0b007c01 0b005401 10000 100 512000 848341 93456 29583
0b008c01 0b000b01 10000 100 5120 936836 8550 8336
0b001501 0b007101 10000 100 512000 884119 63152 29583
0b003501 0b008e01 10000 100 102400 933876 14371 12413
0b001c01 0b000401 10000 100 5242880 291475 656775 227901
0b000701 0b001801 10000 100 2097152 712414 236661 96034
0b007d01 0b004701 10000 100 10485760 94209 856966 447683
0b005901 0b009301 10000 100 51200 943257 10286 10267
0b002901 0b007c01 10000 100 5120 951760 8765 8336
0b001501 0b009401 10000 100 2097152 791194 169809 96034
0b004f01 0b005401 10000 100 51200 949238 12839 10267
0b001e01 0b005701 10000 100 1024 952660 9620 8164
0b003f01 0b006b01 10000 100 512000 910441 52065 29583
0b000e01 0b004301 10000 100 512000 905561 58034 29583
0b008501 0b007e01 10000 100 204800 942237 25839 16705
0b006101 0b008f01 10000 100 102400 950967 17134 12413
0b009401 0b008201 10000 100 1024 959897 8204 8164
0b004d01 0b008601 10000 100 1048576 914079 55767 52077
0b007801 0b002401 10000 100 5242880 239748 731738 227901
0b001c01 0b000a01 10000 100 5242880 321236 654423 227901
0b000001 0b000601 10000 100 5242880 243687 731976 223861
0b008201 0b000101 10000 100 5242880 565815 410753 227901
0b008a01 0b006401 10000 100 512000 937232 40129 29583
0b002401 0b001001 10000 100 204800 959476 19695 16705
0b000e01 0b000d01 10000 100 5120 974645 5694 4296
0b008601 0b007001 10000 100 1048576 907345 73224 52077
0b005c01 0b007f01 10000 100 1024 974522 8135 8164
0b002401 0b000d01 10000 100 10240 977863 8747 8550
0b004501 0b007601 10000 100 1048576 856644 131136 52077
0b002a01 0b009901 10000 100 512000 913152 74769 29583
0b004c01 0b001401 10001 100 1024 972927 17019 8164
0b007c01 0b009801 10000 100 10240 982887 8641 8550
0b006e01 0b000f01 10000 100 1048576 865956 130222 52077
0b006201 0b008b01 10000 100 204800 984845 24027 16705
0b008201 0b008901 10000 100 20480 1004750 5359 4939
0b005701 0b003901 10000 100 102400 993500 17057 12413
0b008f01 0b009901 10000 100 2097152 794541 222871 96034
0b005d01 0b006701 10000 100 102400 1003027 14853 12413
0b008801 0b009601 10000 100 5242880 229047 791112 227901
0b005901 0b009201 10000 100 204800 999815 23373 16705
0b007901 0b003a01 10000 100 102400 1009602 20720 12413
0b009101 0b006501 10000 100 512000 971578 59932 29583
0b003e01 0b004401 10000 100 1024 1024500 11358 8164
0b005401 0b001601 10000 100 10485760 140707 896624 447683
0b005301 0b007d01 10000 100 20480 1022064 15689 8979
0b006301 0b004101 10000 100 5242880 628068 410640 227901
0b002501 0b001401 10000 100 10240 1030366 12094 8550
0b004601 0b002c01 10000 100 1024 1035644 8293 8164
0b000101 0b001401 10000 100 1048576 922896 125992 52077
0b004801 0b008201 10000 100 102400 1026538 23391 12413
0b007a01 0b007101 10000 100 102400 1039245 10784 8373
0b002d01 0b001101 10000 100 51200 1037020 17010 10267
0b005f01 0b005401 10000 100 2097152 788990 265669 91994
0b001601 0b003201 10000 100 10240 1046929 8737 8550
0b008301 0b008201 10000 100 204800 1036236 22627 12665
0b003301 0b005d01 10001 100 1048576 906849 152865 52077
0b005101 0b000e01 10000 100 2048 1051973 9299 8207
0b007501 0b008801 10000 100 1048576 948963 113078 52077
0b001101 0b007501 10000 100 102400 1049255 13447 12413
0b000301 0b007e01 10000 100 5120 1053867 8839 8336
0b004901 0b008a01 10000 100 10485760 65691 999928 447683
0b005801 0b009d01 10000 100 1048576 1013393 53660 52077
0b003201 0b004001 10000 100 2097152 836409 231423 96034
0b009301 0b000701 10000 100 102400 1056262 12516 12413
0b001f01 0b001601 10000 100 51200 1058293 10595 6227
0b007201 0b003201 10000 100 102400 1058639 17006 12413
0b000301 0b001c01 10000 100 10240 1065397 10819 8550
0b002c01 0b002401 10000 100 204800 1032490 43966 12665
0b002a01 0b008201 10000 100 5242880 667612 412874 227901
0b004e01 0b007a01 10000 100 2097152 835782 245153 96034
0b000001 0b002701 10000 100 20480 1071090 10660 8979
0b001c01 0b005601 10000 100 10485760 157195 925012 447683
0b009901 0b007301 10001 100 102400 1061221 21174 12413
0b003701 0b007d01 10000 100 2097152 843292 239108 96034
0b005e01 0b005d01 10000 100 5242880 395728 686722 223861
0b004c01 0b007801 10001 100 512000 971669 113067 29583
0b002501 0b001301 10000 100 10240 1075980 9612 8550
0b005301 0b001201 10000 100 512000 1056911 30800 29583
0b004901 0b009e01 10000 100 10240 1079104 9363 8550
0b002501 0b003501 10000 100 2097152 956929 132928 96034
0b009e01 0b009801 10000 100 20480 1087550 6884 4939
0b003b01 0b007401 10000 100 204800 1051641 43764 16705
0b001901 0b006101 10000 100 512000 1044123 52492 29583
0b005201 0b000801 10000 100 2097152 994873 101818 96034
0b009e01 0b006301 10000 100 51200 1081242 16455 10267
0b000601 0b008a01 10000 100 5242880 571863 526471 227901
0b000501 0b004e01 10000 100 51200 1088666 11694 10267
0b001e01 0b007d01 10000 100 5120 1082817 18036 8336
0b006701 0b005f01 10000 100 204800 1073891 28788 16705
0b002e01 0b004b01 10000 100 102400 1089518 17274 12413
0b008201 0b007501 10000 100 5120 1098996 8328 8336
0b008101 0b001d01 10000 100 1024 1098222 10742 8164
0b008801 0b009c01 10000 100 2097152 700540 418177 96034
0b003a01 0b000701 10000 100 2048 1110894 8191 8207
0b000e01 0b004601 10000 100 2048 1106255 14476 8207
0b006301 0b009601 10000 100 51200 1111266 10635 10267
0b006b01 0b001e01 10000 100 10240 1107598 14569 8550
0b004301 0b008201 10000 100 20480 1112432 9768 8979
0b007a01 0b002101 10000 100 5120 1114352 8371 8336
0b004301 0b001301 10000 100 512000 1083509 48101 29583
0b004001 0b002c01 10000 100 5120 1117878 15415 8336
0b005a01 0b005101 10000 100 5242880 749919 385016 223861
0b007301 0b005a01 10000 100 10240 1126657 8755 8550
0b000701 0b001901 10000 100 2048 1128890 8355 8207
0b002801 0b006801 10000 100 102400 1117907 19503 12413
0b007c01 0b003301 10000 100 512000 1075255 63297 29583
0b006901 0b008301 10000 100 204800 1113136 25647 16705
0b006301 0b008701 10000 100 20480 1123712 16145 8979
0b007501 0b004901 10000 100 1024 1135118 8739 8164
0b000601 0b005f01 10000 100 204800 1117631 26389 16705
0b009901 0b001e01 10000 100 5120 1134777 9999 8336
0b003901 0b002c01 10000 100 5120 1140834 10361 8336
0b000201 0b003e01 10000 100 10240 1143514 9719 8550
0b002001 0b007d01 10000 100 1048576 983717 173229 52077
0b003801 0b005b01 10000 100 2048 1154010 8457 8207
0b005401 0b005101 10000 100 2097152 959737 203860 91994
0b009c01 0b000c01 10000 100 10240 1157276 8874 8550
0b005501 0b008d01 10001 100 5120 1157262 9245 8336
0b008501 0b007101 10000 100 512000 1103906 63383 29583
0b009201 0b003401 10000 100 20000000 248345 920321 846520
0b007101 0b006901 10000 100 2048 1162997 8517 8207
0b002601 0b006c01 10000 100 5120 1163097 10061 8336
0b003101 0b004b01 10000 100 1024 1175077 8221 8164
0b005501 0b008d01 10000 100 1048576 1006759 180034 52077
0b001301 0b001d01 10000 100 204800 1166457 24900 12665
0b000c01 0b001201 10000 100 1024 1187022 8198 8164
0b001801 0b001001 10000 100 204800 1167052 29838 12665
0b009301 0b008601 10000 100 2048 1190267 8256 8207
0b008501 0b000801 10000 100 51200 1184039 14752 10267
0b004c01 0b002601 10000 100 1048576 1030957 167835 52077
0b004b01 0b004501 10000 100 512000 1109350 93835 25543
0b005d01 0b009101 10000 100 1048576 1125293 78591 52077
0b004901 0b002901 10000 100 20480 1192045 13714 8979
0b009001 0b006b01 10000 100 102400 1194856 14706 12413
0b001401 0b005401 10000 100 2097152 865794 347793 96034
0b000b01 0b001101 10000 100 2097152 957585 256272 96034
0b002f01 0b002801 10000 100 2048 1212137 5889 4167
0b006301 0b001901 10000 100 204800 1187034 31687 16705
0b002001 0b000401 10000 100 5120 1210626 8971 8336
0b006e01 0b007e01 10000 100 2048 1213045 8296 8207
0b007201 0b003e01 10000 100 512000 1172777 52468 29583
0b007801 0b006301 10000 100 2097152 1052615 173024 96034
0b009b01 0b006701 10000 100 20000000 7542 1222782 846520
0b005a01 0b006601 10000 100 10240 1220944 9579 8550
0b007f01 0b005c01 10000 100 5242880 987713 244773 227901
0b007401 0b000f01 10000 100 1048576 1108012 126764 52077
0b001e01 0b009901 10000 100 10485760 453680 782225 447683
0b003001 0b004001 10000 100 512000 1181678 55774 29583
0b006101 0b008601 10000 100 204800 1210258 27362 16705
0b001601 0b003c01 10000 100 2097152 986148 252292 96034
0b005e01 0b005101 10000 100 10240 1233860 4669 4510
0b005d01 0b004901 10000 100 2048 1232852 8201 8207
0b003001 0b004c01 10000 100 2097152 1049763 191484 96034
0b003601 0b001001 10000 100 2097152 1018327 224588 96034
0b004801 0b007c01 10000 100 20480 1234019 11704 8979
0b009201 0b002c01 10000 100 5120 1237709 9563 8336
0b002301 0b002001 10000 100 2097152 876825 378108 91994
0b001b01 0b008801 10000 100 1024 1251048 8166 8164
0b002501 0b009801 10000 100 512000 1201428 59173 29583
0b006a01 0b002201 10000 100 10485760 647505 614222 447683
0b006e01 0b002c01 10000 100 2097152 1079929 185981 96034
0b008e01 0b002101 10001 100 512000 1190181 76493 29583
0b000201 0b008e01 10000 100 20480 1257506 11915 8979
0b004501 0b005e01 10000 100 10485760 668582 604424 447683
0b006001 0b009e01 10000 100 10485760 765842 508356 447683
0b001c01 0b003d01 10000 100 5120 1267048 8420 8336
0b005101 0b005a01 10000 100 2097152 915606 360129 91994
0b007d01 0b004d01 10000 100 51200 1260683 20560 10267
0b005201 0b005e01 10000 100 204800 1266381 15072 12665
0b008301 0b009301 10000 100 204800 1253009 28535 16705
0b000301 0b006c01 10000 100 1048576 1107045 174767 52077
0b008f01 0b004d01 10000 100 20480 1274622 10073 8979
0b007501 0b007b01 10000 100 2097152 945175 344150 91994
0b004b01 0b006f01 10000 100 5120 1281407 8933 8336
0b002c01 0b002701 10000 100 2048 1286573 4391 4167
0b003a01 0b006601 10000 100 204800 1266647 25285 16705
0b003601 0b007e01 10000 100 5120 1283768 10917 8336
0b004b01 0b001a01 10000 100 5242880 591982 702926 227901
0b001801 0b007701 10000 100 204800 1263039 33459 16705
0b006401 0b001601 10000 100 2097152 1170529 126960 96034
0b002001 0b003e01 10000 100 102400 1270471 28960 12413
0b003f01 0b001701 10000 100 5242880 852570 446879 227901
0b006c01 0b001c01 10000 100 1024 1291318 8203 8164
0b008e01 0b005001 10000 100 102400 1278108 21945 12413
0b006b01 0b008701 10000 100 5120 1291688 8591 8336
0b007b01 0b009201 10000 100 1048576 1154859 146567 52077
0b003a01 0b007101 10000 100 2048 1293939 8342 8207
0b003401 0b001d01 10000 100 512000 1212174 90970 29583
0b009d01 0b008601 10000 100 51200 1292242 11494 10267
0b007a01 0b008e01 10000 100 1048576 1249050 55036 52077
0b002e01 0b003e01 10000 100 1048576 1224094 81353 52077
0b000601 0b001e01 10000 100 51200 1291768 15887 10267
0b005001 0b001401 10000 100 204800 1278501 30112 16705
0b008c01 0b007501 10000 100 1024 1302816 8714 8164
0b004701 0b009501 10000 100 2097152 1129856 183127 96034
0b008101 0b003e01 10000 100 512000 1241497 73644 29583
0b000201 0b001201 10000 100 2097152 1098673 219773 96034
0b003501 0b000301 10000 100 51200 1307484 11776 10267
0b003901 0b002001 10000 100 10485760 337095 982514 447683
0b005401 0b008c01 10000 100 1048576 1255080 65036 52077
0b005101 0b005d01 10000 100 512000 1294395 25798 25543
0b003a01 0b009b01 10000 100 10240 1314063 9039 8550
0b008801 0b000f01 10000 100 1048576 1145121 181835 52077
0b001f01 0b007601 10000 100 1048576 1201461 129510 52077
0b008101 0b001b01 10000 100 2097152 1198604 135769 96034
0b001a01 0b004501 10000 100 204800 1294343 40793 16705
0b004001 0b003a01 10000 100 512000 1299566 36029 29583
0b008001 0b001501 10000 100 5120 1327882 9724 8336
0b005601 0b001201 10000 100 512000 1302655 36448 29583
0b009b01 0b005f01 10000 100 5242880 779384 560425 227901
0b008001 0b000601 10000 100 512000 1244228 95678 29583
0b005a01 0b008f01 10000 100 5120 1331528 11509 8336
0b007801 0b001401 10000 100 512000 1274434 72294 29583
0b001801 0b006b01 10000 100 204800 1318397 28649 16705
0b009101 0b006601 10000 100 5120 1339790 9733 8336
0b004001 0b008601 10000 100 2097152 626650 725109 96034
0b008a01 0b002001 10000 100 5242880 482035 870816 227901
0b002001 0b007901 10000 100 2097152 1049381 304859 96034
0b000201 0b000e01 10000 100 20480 1351147 6260 4939
0b003601 0b008901 10000 100 10240 1347700 12155 8550
0b008b01 0b006501 10000 100 20480 1348065 13036 8979
0b002701 0b008001 10000 100 1048576 1249448 112472 52077
0b000901 0b002a01 10000 100 204800 1338009 25390 16705
0b006901 0b008f01 10000 100 512000 1311398 52576 29583
0b005801 0b002b01 10000 100 1048576 1180215 183794 52077
0b000a01 0b005001 10000 100 2048 1360511 14437 8207
0b004c01 0b008701 10000 100 204800 1341315 34019 16705
0b004d01 0b008101 10000 100 1048576 1282865 93295 52077
0b000601 0b003801 10000 100 1024 1370050 8319 8164
0b006601 0b004b01 10000 100 102400 1357392 21560 12413
0b001301 0b004101 10000 100 2048 1371765 8255 8207
0b008d01 0b004d01 10000 100 10240 1372259 8964 8550
0b007a01 0b000601 10000 100 5120 1374309 9004 8336
0b003f01 0b009101 10000 100 1048576 1309664 73849 52077
0b002401 0b004d01 10000 100 5120 1376045 8533 8336
0b006601 0b005201 10000 100 20000000 57875 1331265 846520
0b000601 0b000501 10000 100 1048576 1307575 82220 48037
0b002801 0b002901 10000 100 102400 1382858 11256 8373
0b007201 0b009401 10000 100 5242880 975066 419176 227901
0b002901 0b007101 10000 100 5242880 816231 578560 227901
0b002701 0b009901 10000 100 1024 1387009 8179 8164
0b008a01 0b004401 10000 100 2097152 1143015 252269 96034
0b003001 0b006101 10000 100 1048576 1294554 105033 52077
0b000201 0b005001 10000 100 204800 1358943 41433 16705
0b001b01 0b006d01 10000 100 10240 1391660 9397 8550
0b001601 0b007901 10000 100 2097152 1058233 343309 96034
0b002b01 0b006201 10000 100 51200 1379386 23565 10267
0b004d01 0b007801 10000 100 2048 1401127 9664 8207
0b005d01 0b008c01 10000 100 51200 1400484 10347 10267
0b003b01 0b005001 10000 100 204800 1364093 46849 16705
0b005a01 0b001f01 10000 100 51200 1397636 13646 10267
0b003e01 0b006601 10000 100 2048 1403629 8313 8207
0b003201 0b002301 10000 100 2097152 1141309 272436 96034
0b000e01 0b000201 10000 100 5120 1409083 5126 4296
0b009c01 0b006501 10000 100 512000 1361065 55186 29583
0b004101 0b005001 10000 100 1048576 1322585 93838 52077
0b004601 0b007001 10000 100 1048576 1329417 87275 52077
0b000b01 0b009401 10000 100 1048576 1223085 195273 52077
0b006e01 0b006a01 10000 100 204800 1405603 12904 12665
0b009801 0b001801 10000 100 512000 1361126 60217 29583
0b000001 0b002801 10000 100 5242880 971735 450180 227901
0b001401 0b004b01 10000 100 1048576 1305542 118644 52077
0b000001 0b001a01 10000 100 5120 1415526 9118 8336
0b001601 0b007401 10000 100 204800 1407768 16976 16705
0b007d01 0b006801 10000 100 2097152 1224880 202002 96034
0b002e01 0b002b01 10000 100 10240 1423463 5600 4510
0b005701 0b000e01 10000 100 10485760 726032 704376 447683
0b002a01 0b001101 10000 100 51200 1418338 12877 10267
0b001d01 0b001301 10000 100 1048576 1024364 407190 48037
0b008001 0b009401 10000 100 5242880 791976 640984 227901
0b003601 0b004d01 10000 100 2097152 1167428 266045 96034
0b007701 0b005401 10000 100 1048576 1329558 106173 52077
0b008a01 0b001301 10000 100 2097152 1255363 180901 96034
0b000e01 0b007101 10000 100 1048576 1275763 160840 52077
0b009f01 0b005b01 10000 100 10485760 512567 924138 447683
0b007301 0b007d01 10001 100 20480 1431032 5787 4939
0b003501 0b005e01 10000 100 2097152 1338999 99012 96034
0b009401 0b000301 10000 100 51200 1427366 11191 10267
0b008801 0b004a01 10000 100 51200 1420075 19063 10267
0b007201 0b005601 10000 100 51200 1426741 13165 10267
0b002301 0b000301 10000 100 5242880 651942 788569 227901
0b007b01 0b002b01 10000 100 10240 1431067 10761 8550
0b001f01 0b008901 10000 100 10485760 452964 991909 447683
0b000d01 0b008701 10000 100 1024 1441732 8273 8164
0b006601 0b002201 10000 100 512000 1417009 33901 29583
0b000701 0b001b01 10000 100 51200 1440108 11824 10267
0b007601 0b007501 10000 100 1048576 1362127 91064 48037
0b002201 0b004601 10000 100 5242880 1075556 382189 227901
0b008201 0b007d01 10000 100 1048576 1364359 96046 52077
0b001d01 0b003e01 10000 100 5120 1448482 12268 8336
0b001401 0b004f01 10000 100 2097152 1211227 251533 96034
0b009601 0b004f01 10000 100 102400 1438821 27371 12413
0b000e01 0b002101 10000 100 2097152 1203199 264092 96034
0b005901 0b004d01 10000 100 512000 1431638 52261 29583
0b007e01 0b007a01 10000 100 1048576 1417583 72907 48037
0b002901 0b008301 10000 100 10485760 465224 1028374 447683
0b001e01 0b006d01 10000 100 2097152 935591 559387 96034
0b009b01 0b001501 10000 100 1048576 1442031 53210 52077
0b000c01 0b003601 10000 100 512000 1437080 58327 29583
0b008b01 0b001701 10000 100 5242880 822166 680308 227901
0b004e01 0b001001 10000 100 5242880 1234414 270426 227901
0b006f01 0b001701 10000 100 1048576 1314232 190739 52077
0b008801 0b009801 10000 100 1048576 1326654 186386 52077
0b002301 0b007801 10000 100 512000 1414576 102954 29583
0b008101 0b005401 10000 100 1048576 1433274 85225 52077
0b003b01 0b008d01 10000 100 5242880 866206 652433 227901
0b000e01 0b001a01 10000 100 20000000 84995 1442930 846520
0b000d01 0b001101 10000 100 20000000 102547 1426020 846520
0b003a01 0b009f01 10000 100 2097152 1346289 184206 96034
0b005501 0b002c01 10000 100 10485760 455393 1085551 447683
0b001401 0b006101 10000 100 2097152 1356425 199993 96034
0b002601 0b003b01 10000 100 20000000 144577 1422020 846520
0b007f01 0b009801 10000 100 2097152 1387360 180975 96034
0b005801 0b002b01 10001 100 2097152 1387825 182572 96034
0b001801 0b004601 10000 100 10485760 542179 1034496 447683
0b001a01 0b005601 10000 100 2097152 1301379 285594 96034
0b007f01 0b003f01 10000 100 2097152 1408577 179504 96034
0b001801 0b006201 10000 100 5242880 874261 739598 227901
0b003f01 0b004f01 10000 100 5242880 951357 671179 227901
0b000001 0b005801 10000 100 2097152 1439825 185821 96034
0b000801 0b008a01 10000 100 10485760 1014864 614174 447683
0b001b01 0b009001 10000 100 2097152 1370714 260458 96034
0b006701 0b007801 10000 100 5242880 1264245 374434 227901
0b000f01 0b003f01 10000 100 2097152 1448627 193958 96034
0b008001 0b009601 10000 100 5242880 1205193 441742 227901
0b009401 0b009201 10000 100 2097152 930621 724379 91994
0b003301 0b002101 10000 100 10485760 407272 1266051 447683
0b008c01 0b005701 10000 100 20000000 593650 1089152 846520
0b006901 0b007201 10000 100 10485760 968820 720767 447683
0b003c01 0b004901 10000 100 2097152 1442710 276949 96034
0b000201 0b004401 10000 100 5242880 823804 902358 227901
0b003401 0b004b01 10000 100 5242880 1113374 613574 227901
0b006401 0b009101 10000 100 2097152 1339956 399882 96034
0b000a01 0b009401 10000 100 5242880 1345487 405480 227901
0b008801 0b001e01 10000 100 10485760 164443 1594502 447683
0b009301 0b004401 10000 100 5242880 1026250 742663 227901
0b000001 0b004701 10000 100 10485760 970177 802226 447683
0b000201 0b004a01 10000 100 20000000 112803 1678049 846520
0b005e01 0b005f01 10000 100 10485760 296794 1495952 443643
0b000501 0b005f01 10000 100 10485760 52982 1745071 447683
0b003201 0b004901 10000 100 10485760 723554 1080361 447683
0b005b01 0b002801 10000 100 10485760 980163 828016 447683
0b001701 0b007101 10000 100 2097152 1445026 366514 96034
0b001a01 0b006301 10000 100 20000000 84734 1730712 846520
0b007501 0b008701 10000 100 5242880 951810 879754 227901
0b008e01 0b001601 10000 100 5242880 1252293 594075 227901
0b004801 0b005401 10000 100 10485760 496414 1352630 447683
0b004401 0b009001 10000 100 2097152 1349142 502738 96034
0b004c01 0b007801 10000 100 5242880 935974 930622 227901
0b004201 0b007501 10000 100 10485760 1123889 750563 447683
0b008301 0b008901 10000 100 5242880 1302100 604810 223861
0b006101 0b009c01 10000 100 20000000 283643 1625983 846520
0b007b01 0b005301 10000 100 20000000 217068 1705296 846520
0b001001 0b006801 10000 100 20000000 196064 1728629 846520
0b007601 0b004001 10000 100 10485760 523000 1405424 447683
0b000701 0b007901 10000 100 10485760 661953 1266553 447683
0b007901 0b004501 10000 100 10485760 866544 1064216 447683
0b006601 0b004f01 10000 100 5242880 1114177 828155 227901
0b009c01 0b007101 10000 100 10485760 452857 1490080 447683
0b007101 0b005201 10000 100 10485760 379329 1602209 447683
0b001701 0b000101 10000 100 20000000 118469 1869819 846520
0b003901 0b002501 10000 100 20000000 955213 1053549 846520
0b003c01 0b001701 10000 100 10485760 265615 1746243 447683
0b001501 0b007901 10000 100 10485760 941554 1078564 447683
0b003e01 0b009b01 10000 100 20000000 601943 1418952 846520
0b007b01 0b008f01 10000 100 20000000 241176 1781003 846520
0b002601 0b002a01 10000 100 10485760 1241630 783669 443643
0b009101 0b008001 10000 100 10485760 1208181 829238 447683
0b003701 0b002701 10000 100 20000000 589111 1458179 846520
0b004e01 0b002c01 10000 100 10485760 560055 1489082 447683
0b001c01 0b003301 10000 100 10485760 1035055 1041748 447683
0b008501 0b000701 10000 100 10485760 1124521 973897 447683
0b008801 0b002301 10000 100 10485760 743899 1359731 447683
0b008301 0b005a01 10000 100 20000000 246073 1858360 846520
0b005501 0b003c01 10000 100 10485760 1000397 1119885 447683
0b003d01 0b006d01 10000 100 20000000 761308 1378730 846520
0b009901 0b005001 10000 100 20000000 328434 1813188 846520
0b003a01 0b003801 10000 100 20000000 854007 1299620 842480
0b003301 0b004f01 10000 100 10485760 248313 1906677 447683
0b002301 0b004801 10000 100 20000000 177660 1990024 846520
0b000901 0b003601 10000 100 20000000 782023 1392341 846520
0b006501 0b004101 10000 100 5242880 684089 1490605 227901
0b001e01 0b009001 10000 100 10485760 833703 1343496 447683
0b001701 0b001b01 10000 100 10485760 588918 1589677 443643
0b003d01 0b001d01 10000 100 10485760 557398 1630532 447683
0b002b01 0b007d01 10000 100 20000000 335871 1858940 846520
0b003201 0b000c01 10000 100 20000000 396945 1802748 846520
0b009e01 0b000401 10000 100 20000000 187415 2022588 846520
0b008d01 0b003301 10000 100 20000000 798580 1419811 846520
0b002401 0b008e01 10000 100 10485760 1444196 777971 447683
0b004901 0b004b01 10000 100 20000000 40218 2189960 842480
0b004f01 0b006f01 10000 100 20000000 1332941 960407 846520
0b004c01 0b001901 10000 100 10485760 604431 1703399 447683
0b009901 0b001301 10000 100 20000000 523502 1791732 846520
0b008801 0b005901 10000 100 20000000 142704 2176546 846520
0b000401 0b004301 10000 100 20000000 516336 1806774 846520
0b006b01 0b005f01 10000 100 20000000 248003 2075978 846520
0b002501 0b004901 10000 100 5242880 1209357 1115648 227901
0b005b01 0b004a01 10000 100 20000000 24324 2303911 846520
0b007101 0b001901 10000 100 10485760 746176 1582415 447683
0b008f01 0b000601 10000 100 20000000 1018018 1328133 846520
0b008501 0b002b01 10000 100 10485760 1368309 981920 447683
0b003c01 0b006c01 10000 100 20000000 1137697 1216077 846520
0b005901 0b007f01 10000 100 20000000 1243214 1111344 846520
0b000701 0b001101 10000 100 20000000 14495 2382316 846520
0b005001 0b004401 10000 100 10485760 968274 1432273 447683
0b009e01 0b005801 10000 100 20000000 914506 1489181 846520
0b008e01 0b006101 10000 100 10485760 1363063 1067838 447683
0b001901 0b000501 10000 100 20000000 697556 1739477 846520
0b009601 0b000b01 10000 100 20000000 1066967 1375988 846520
0b009f01 0b000e01 10000 100 10485760 360135 2084890 447683
0b002601 0b004401 10000 100 10485760 1223930 1232490 447683
0b005501 0b001f01 10000 100 20000000 625202 1857697 846520
0b003b01 0b007301 10000 100 20000000 924043 1562424 846520
0b008901 0b006901 10000 100 20000000 797604 1691956 846520
0b007c01 0b004001 10000 100 20000000 258590 2242701 846520
0b003401 0b004101 10000 100 20000000 423977 2081079 846520
0b004b01 0b007b01 10000 100 20000000 398798 2121089 846520
0b008001 0b006601 10000 100 20000000 496188 2024407 846520
0b000501 0b007c01 10000 100 10485760 1175894 1366230 447683
0b004b01 0b002301 10000 100 20000000 385997 2159933 846520
0b002b01 0b003001 10000 100 20000000 1314199 1251810 846520
0b002f01 0b007701 10000 100 20000000 941707 1656166 846520
0b000201 0b009101 10000 100 20000000 1375301 1230268 846520
0b007d01 0b001101 10000 100 10485760 845523 1761166 447683
0b009701 0b008b01 10000 100 10485760 835592 1782560 447683
0b002001 0b007e01 10000 100 20000000 97963 2565545 846520
0b002401 0b004001 10000 100 20000000 804296 1867251 846520
0b004801 0b002e01 10000 100 20000000 1134126 1542682 846520
0b007001 0b003601 10000 100 20000000 1204486 1473954 846520
0b004a01 0b004801 10000 100 10485760 907861 1774296 443643
0b006e01 0b006101 10000 100 10485760 1313914 1384596 443643
0b001a01 0b009a01 10000 100 20000000 1134311 1567892 846520
0b000101 0b009e01 10000 100 20000000 1345374 1379443 846520
0b006a01 0b000f01 10000 100 20000000 504829 2223088 846520
0b000301 0b001d01 10000 100 5242880 1405769 1325642 227901
0b000c01 0b009001 10000 100 20000000 1418903 1314953 846520
0b009001 0b000301 10000 100 20000000 109520 2626179 846520
0b003601 0b005301 10000 100 20000000 958553 1811459 846520
0b003801 0b003c01 10000 100 20000000 218919 2566846 842480
0b008b01 0b005b01 10000 100 20000000 968685 1821982 846520
0b003401 0b003901 10000 100 20000000 1230876 1563380 842480
0b009801 0b000f01 10000 100 20000000 156277 2638455 846520
0b007101 0b007a01 10000 100 20000000 29810 2776123 842480
0b002501 0b009c01 10000 100 20000000 931962 1877738 846520
0b004701 0b009a01 10000 100 20000000 1032981 1779588 846520
0b008e01 0b001e01 10000 100 20000000 1059093 1766759 846520
0b006f01 0b007601 10000 100 20000000 537951 2305181 846520
0b003001 0b006201 10000 100 20000000 1267611 1577145 846520
0b002a01 0b007b01 10000 100 20000000 795896 2051039 846520
0b006801 0b000f01 10000 100 10485760 1011472 1839011 447683
0b003801 0b001f01 10000 100 20000000 1231125 1630207 846520
0b006501 0b005601 10000 100 10485760 687478 2177462 447683
0b001001 0b005501 10000 100 10485760 1425810 1454326 447683
0b000401 0b008101 10000 100 20000000 859229 2021175 846520
0b001001 0b003c01 10000 100 20000000 526746 2361982 846520
0b002001 0b004701 10000 100 20000000 217310 2681272 846520
0b000b01 0b001401 10000 100 20000000 940629 1959503 846520
0b007801 0b006201 10000 100 5242880 1238418 1672805 227901
0b009c01 0b000501 10000 100 20000000 400220 2553997 846520
0b001b01 0b007701 10000 100 20000000 307699 2684826 846520
0b003b01 0b001d01 10000 100 20000000 614782 2379528 846520
0b009801 0b008701 10000 100 20000000 26220 2977332 846520
0b007101 0b005101 10000 100 20000000 1052350 2006235 846520
0b002801 0b007d01 10000 100 20000000 966233 2121685 846520
0b004601 0b002601 10000 100 20000000 871551 2267656 846520
0b004601 0b005701 10000 100 20000000 1014598 2126285 846520
0b007d01 0b000601 10000 100 20000000 615333 2560014 846520
0b009601 0b007701 10000 100 20000000 1084029 2112457 846520
0b004001 0b002301 10000 100 10485760 707901 2489571 447683
0b006101 0b000f01 10000 100 5242880 776279 2434904 227901
0b006f01 0b001401 10000 100 20000000 865540 2350319 846520
0b003e01 0b004f01 10000 100 20000000 1100756 2135377 846520
0b009801 0b007501 10000 100 20000000 1339930 1898022 846520
0b001401 0b001f01 10000 100 5242880 1125909 2118384 223861
0b007801 0b008701 10000 100 20000000 23941 3270358 846520
0b001701 0b008701 10000 100 20000000 1228829 2075021 846520
0b003e01 0b002e01 10000 100 20000000 1204044 2100105 846520
0b001f01 0b008501 10000 100 20000000 377755 2962764 846520
0b008501 0b006201 10000 100 20000000 774035 2575100 846520
0b006c01 0b000501 10000 100 20000000 430185 2935547 846520
0b002d01 0b005401 10000 100 20000000 324245 3058356 846520
0b000401 0b004c01 10000 100 20000000 1347585 2050695 846520
0b006f01 0b004c01 10000 100 20000000 500707 2911816 846520
0b004a01 0b009201 10000 100 20000000 759913 2709370 846520
0b000b01 0b001e01 10000 100 20000000 1021645 2478847 846520
0b001001 0b002d01 10000 100 20000000 1419815 2099982 846520
0b002901 0b001d01 10000 100 20000000 341522 3201256 846520
0b000f01 0b000a01 10001 100 20000000 1392290 2195372 842480
0b002c01 0b001901 10000 100 20000000 890148 2719448 846520
0b002301 0b000b01 10000 100 20000000 684275 2936868 846520
0b007c01 0b006501 10001 100 20000000 1121976 2530190 846520
0b007c01 0b007d01 10000 100 20000000 1204283 2494424 842480
0b009701 0b007e01 10000 100 20000000 478300 3247640 846520
0b002d01 0b007c01 10000 100 20000000 1028286 2709377 846520
0b004a01 0b006b01 10000 100 20000000 1074845 2663829 846520
0b000501 0b009101 10000 100 20000000 1154503 2596857 846520
0b002301 0b001a01 10000 100 20000000 1210687 2560904 846520
0b004a01 0b007801 10000 100 20000000 708385 3064198 846520
0b002c01 0b008601 10000 100 20000000 1028795 2750313 846520
0b008301 0b004c01 10000 100 20000000 475573 3316251 846520
0b003601 0b000b01 10000 100 20000000 1197066 2642107 846520
0b005601 0b006501 10000 100 20000000 16246 3824416 846520
0b002c01 0b008001 10000 100 20000000 793762 3062729 846520
0b006401 0b000901 10000 100 20000000 1233658 2656689 846520
0b006401 0b002d01 10000 100 20000000 1279633 2656763 846520
0b006401 0b004a01 10000 100 20000000 1337731 2626605 846520
0b000e01 0b001d01 10000 100 20000000 119445 3851182 846520
0b002c01 0b006201 10000 100 20000000 409180 3611092 846520
0b002d01 0b006101 10000 100 20000000 792821 3259927 846520
0b004c01 0b005901 10000 100 20000000 405322 3671724 846520
0b002b01 0b004c01 10000 100 10485760 128671 3952083 447683
0b002d01 0b004901 10000 100 20000000 1312533 2770758 846520
0b000501 0b008701 10000 100 20000000 238170 3962306 846520
0b009701 0b000101 10000 100 20000000 902771 3314989 846520
0b006201 0b004c01 10000 100 10485760 387254 3975037 447683
0b009701 0b000201 10000 100 20000000 1345712 3164494 846520
0b009701 0b006001 10000 100 20000000 1346062 3164270 846520
0b001d01 0b000601 10000 100 20000000 519612 4026025 846520
0b001d01 0b002901 10000 100 20000000 492283 4083030 846520
0b007d01 0b001d01 10000 100 20000000 213447 4484732 846520
0b006501 0b007e01 10000 100 20000000 284706 4653545 846520
0b000301 0b006d01 10000 100 20000000 896504 4118757 846520
0b000301 0b006501 10000 100 20000000 254539 4829120 846520
0b000301 0b003801 10000 100 20000000 1018299 4096922 846520
0b000301 0b009801 10000 100 20000000 1223088 4049087 846520
0b000301 0b008d01 10000 100 20000000 1403011 3918094 846520
0b004f01 0b006501 10000 100 20000000 150823 5388962 846520
0b007801 0b006501 10000 100 20000000 537716 5211561 846520
0b007901 0b006501 10000 100 20000000 772160 5238560 846520
0b006501 0b007401 10000 100 20000000 97477 5939344 846520
0b004001 0b006501 10000 100 20000000 637755 5939023 846520
0b006501 0b006701 10000 100 10485760 1351077 5378109 443643
0b006401 0b006501 10000 100 10485760 1288476 5550126 443643
