0b000201 0b000101 10000 100 10000000 2000000000 27648078 1238560
0b004001 0b000101 10000 100 10000000 2000000000 57732108 1246640
0b004101 0b000101 10000 100 10000000 2000000000 57740242 1246640
0b003301 0b000101 10000 100 10000000 2000000000 57846057 1242600
0b003401 0b000101 10000 100 10000000 2000000000 57846389 1242600
0b001401 0b000101 10000 100 10000000 2000000000 57855021 1242600
0b003101 0b000101 10000 100 10000000 2000000000 57855187 1242600
0b001e01 0b000101 10000 100 10000000 2000000000 57855270 1242600
0b003801 0b000101 10000 100 10000000 2000000000 57855353 1242600
0b002201 0b000101 10000 100 10000000 2000000000 57880253 1242600
0b002701 0b000101 10000 100 10000000 2000000000 57880486 1242600
0b002a01 0b000101 10000 100 10000000 2000000000 57880901 1242600
0b001001 0b000101 10000 100 10000000 2000000000 57894121 1242600
0b001101 0b000101 10000 100 10000000 2000000000 57894287 1242600
0b001601 0b000101 10000 100 10000000 2000000000 57894453 1242600
0b001701 0b000101 10000 100 10000000 2000000000 57894785 1242600
0b002301 0b000101 10000 100 10000000 2000000000 57911793 1242600
0b002601 0b000101 10000 100 10000000 2000000000 57911959 1242600
0b002801 0b000101 10000 100 10000000 2000000000 57912125 1242600
0b002001 0b000101 10000 100 10000000 2000000000 57921211 1242600
0b002101 0b000101 10000 100 10000000 2000000000 57921460 1242600
0b002501 0b000101 10000 100 10000000 2000000000 57921626 1242600
0b002c01 0b000101 10000 100 10000000 2000000000 57921792 1242600
0b002e01 0b000101 10000 100 10000000 2000000000 57921875 1242600
0b001201 0b000101 10000 100 10000000 2000000000 57945198 1242600
0b001901 0b000101 10000 100 10000000 2000000000 57945530 1242600
0b001a01 0b000101 10000 100 10000000 2000000000 57945696 1242600
0b001b01 0b000101 10000 100 10000000 2000000000 57945862 1242600
0b001301 0b000101 10000 100 10000000 2000000000 57962372 1242600
0b001501 0b000101 10000 100 10000000 2000000000 57962455 1242600
0b001801 0b000101 10000 100 10000000 2000000000 57962538 1242600
0b001c01 0b000101 10000 100 10000000 2000000000 57962704 1242600
0b003001 0b000101 10000 100 10000000 2000000000 57962787 1242600
0b001d01 0b000101 10000 100 10000000 2000000000 57962870 1242600
0b003501 0b000101 10000 100 10000000 2000000000 57962953 1242600
0b001f01 0b000101 10000 100 10000000 2000000000 57963036 1242600
0b003601 0b000101 10000 100 10000000 2000000000 57963119 1242600
0b003a01 0b000101 10000 100 10000000 2000000000 57963202 1242600
0b003d01 0b000101 10000 100 10000000 2000000000 57963338 1242600
0b003e01 0b000101 10000 100 10000000 2000000000 57963504 1242600
0b002401 0b000101 10000 100 10000000 2000000000 57964588 1242600
0b002901 0b000101 10000 100 10000000 2000000000 57964749 1242600
0b002b01 0b000101 10000 100 10000000 2000000000 57964915 1242600
0b002d01 0b000101 10000 100 10000000 2000000000 57964998 1242600
0b002f01 0b000101 10000 100 10000000 2000000000 57965326 1242600
0b003201 0b000101 10000 100 10000000 2000000000 58035739 1242600
0b003701 0b000101 10000 100 10000000 2000000000 58035905 1242600
0b003901 0b000101 10000 100 10000000 2000000000 58036071 1242600
0b003b01 0b000101 10000 100 10000000 2000000000 58036320 1242600
0b003c01 0b000101 10000 100 10000000 2000000000 58036403 1242600
0b003f01 0b000101 10000 100 10000000 2000000000 58036652 1242600
0b000f01 0b000101 10000 100 10000000 2000000000 59375797 1238560
0b000e01 0b000101 10000 100 10000000 2000000000 59380581 1238560
0b000d01 0b000101 10000 100 10000000 2000000000 59385780 1238560
0b000c01 0b000101 10000 100 10000000 2000000000 59390647 1238560
0b000b01 0b000101 10000 100 10000000 2000000000 59395846 1238560
0b000a01 0b000101 10000 100 10000000 2000000000 59400547 1238560
0b000901 0b000101 10000 100 10000000 2000000000 59405331 1238560
0b000801 0b000101 10000 100 10000000 2000000000 59410613 1238560
0b000701 0b000101 10000 100 10000000 2000000000 59415895 1238560
0b000601 0b000101 10000 100 10000000 2000000000 59421177 1238560
0b000501 0b000101 10000 100 10000000 2000000000 59426376 1238560
0b000401 0b000101 10000 100 10000000 2000000000 59431575 1238560
0b000301 0b000101 10000 100 10000000 2000000000 59436525 1238560
