0b000201 0b000101 10000 100 200000000 2000000000 70034677 16772160
0b000f01 0b000101 10000 100 5000000 2000000000 112913390 423360
0b000e01 0b000101 10000 100 5000000 2000000000 112931899 423360
0b000d01 0b000101 10000 100 5000000 2000000000 112947835 423360
0b000c01 0b000101 10000 100 5000000 2000000000 112967340 423360
0b000b01 0b000101 10000 100 5000000 2000000000 112980537 423360
0b000a01 0b000101 10000 100 5000000 2000000000 113000789 423360
0b000901 0b000101 10000 100 5000000 2000000000 113015895 423360
0b000801 0b000101 10000 100 5000000 2000000000 113032578 423360
0b000701 0b000101 10000 100 5000000 2000000000 113048182 423360
0b000601 0b000101 10000 100 5000000 2000000000 113067272 423360
0b000501 0b000101 10000 100 5000000 2000000000 113082461 423360
0b001001 0b000101 10000 100 5000000 2000000000 119385989 427400
0b002201 0b000101 10000 100 5000000 2000000000 119386404 427400
0b003301 0b000101 10000 100 5000000 2000000000 119386736 427400
0b001101 0b000101 10000 100 5000000 2000000000 119387068 427400
0b002701 0b000101 10000 100 5000000 2000000000 119387483 427400
0b003401 0b000101 10000 100 5000000 2000000000 119387981 427400
0b001601 0b000101 10000 100 5000000 2000000000 119388396 427400
0b002a01 0b000101 10000 100 5000000 2000000000 119390803 427400
0b001701 0b000101 10000 100 5000000 2000000000 119393625 427400
0b002301 0b000101 10000 100 5000000 2000000000 119396779 427400
0b002601 0b000101 10000 100 5000000 2000000000 119397194 427400
0b002801 0b000101 10000 100 5000000 2000000000 119397609 427400
0b001401 0b000101 10000 100 5000000 2000000000 119400514 427400
0b003101 0b000101 10000 100 5000000 2000000000 119401012 427400
0b001e01 0b000101 10000 100 5000000 2000000000 119401842 427400
0b003801 0b000101 10000 100 5000000 2000000000 119402174 427400
0b002001 0b000101 10000 100 5000000 2000000000 119402506 427400
0b002101 0b000101 10000 100 5000000 2000000000 119402838 427400
0b002501 0b000101 10000 100 5000000 2000000000 119403336 427400
0b002c01 0b000101 10000 100 5000000 2000000000 119403751 427400
0b002e01 0b000101 10000 100 5000000 2000000000 119404166 427400
0b001201 0b000101 10000 100 5000000 2000000000 119405660 427400
0b001901 0b000101 10000 100 5000000 2000000000 119405992 427400
0b001a01 0b000101 10000 100 5000000 2000000000 119406324 427400
0b001b01 0b000101 10000 100 5000000 2000000000 119406656 427400
0b002401 0b000101 10000 100 5000000 2000000000 119407071 427400
0b002901 0b000101 10000 100 5000000 2000000000 119407569 427400
0b002b01 0b000101 10000 100 5000000 2000000000 119407984 427400
0b002d01 0b000101 10000 100 5000000 2000000000 119408233 427400
0b002f01 0b000101 10000 100 5000000 2000000000 119408731 427400
0b001301 0b000101 10000 100 5000000 2000000000 119411968 427400
0b003001 0b000101 10000 100 5000000 2000000000 119412466 427400
0b003201 0b000101 10000 100 5000000 2000000000 119412964 427400
0b001501 0b000101 10000 100 5000000 2000000000 119414956 427400
0b003501 0b000101 10000 100 5000000 2000000000 119415537 427400
0b003701 0b000101 10000 100 5000000 2000000000 119416367 427400
0b001801 0b000101 10000 100 5000000 2000000000 119417031 427400
0b003601 0b000101 10000 100 5000000 2000000000 119417778 427400
0b003901 0b000101 10000 100 5000000 2000000000 119418276 427400
0b001c01 0b000101 10000 100 5000000 2000000000 119418691 427400
0b003a01 0b000101 10000 100 5000000 2000000000 119418940 427400
0b003b01 0b000101 10000 100 5000000 2000000000 119419272 427400
0b001d01 0b000101 10000 100 5000000 2000000000 119419770 427400
0b003d01 0b000101 10000 100 5000000 2000000000 119420268 427400
0b003c01 0b000101 10000 100 5000000 2000000000 119420600 427400
0b001f01 0b000101 10000 100 5000000 2000000000 119420932 427400
0b003f01 0b000101 10000 100 5000000 2000000000 119421264 427400
0b003e01 0b000101 10000 100 5000000 2000000000 119421845 427400
0b004001 0b000101 10000 100 5000000 2000000000 125961093 431440
0b000001 0b000101 10006 100 10000000 2000000000 179618581 842560
0b000001 0b000101 10005 100 10000000 2000000000 179795537 842560
0b000001 0b000101 10004 100 10000000 2000000000 179893477 842560
0b000001 0b000101 10003 100 10000000 2000000000 179938629 842560
0b000001 0b000101 10002 100 10000000 2000000000 179987516 842560
0b000001 0b000101 10001 100 10000000 2000000000 180021712 842560
0b000001 0b000101 10000 100 10000000 2000000000 180044952 842560
0b00c801 0b000101 10000 100 10000000 2000000000 209556286 850640
0b005e01 0b000101 10000 100 10000000 2000000000 209556535 850640
0b00e001 0b000101 10000 100 10000000 2000000000 209556701 850640
0b004501 0b000101 10000 100 10000000 2000000000 209556867 850640
0b00cb01 0b000101 10000 100 10000000 2000000000 209557033 850640
0b00ce01 0b000101 10000 100 10000000 2000000000 209557199 850640
0b008101 0b000101 10000 100 10000000 2000000000 209557365 850640
0b00bf01 0b000101 10000 100 10000000 2000000000 209557448 850640
0b009301 0b000101 10000 100 10000000 2000000000 209557614 850640
0b00f601 0b000101 10000 100 10000000 2000000000 209557780 850640
0b00fc01 0b000101 10000 100 10000000 2000000000 209557946 850640
0b009701 0b000101 10000 100 10000000 2000000000 209558112 850640
0b009e01 0b000101 10000 100 10000000 2000000000 209558361 850640
0b009901 0b000101 10000 100 10000000 2000000000 209558610 850640
0b00a101 0b000101 10000 100 10000000 2000000000 209558859 850640
0b00d101 0b000101 10000 100 10000000 2000000000 209559274 850640
0b00b301 0b000101 10000 100 10000000 2000000000 209559523 850640
0b00f101 0b000101 10000 100 10000000 2000000000 209559606 850640
0b004701 0b000101 10000 100 10000000 2000000000 209559772 850640
0b006101 0b000101 10000 100 10000000 2000000000 209559938 850640
0b00c701 0b000101 10000 100 10000000 2000000000 209560104 850640
0b004f01 0b000101 10000 100 10000000 2000000000 209560270 850640
0b00c301 0b000101 10000 100 10000000 2000000000 209560436 850640
0b005501 0b000101 10000 100 10000000 2000000000 209560602 850640
0b006c01 0b000101 10000 100 10000000 2000000000 209560851 850640
0b007c01 0b000101 10000 100 10000000 2000000000 209561183 850640
0b004301 0b000101 10000 100 10000000 2000000000 209561432 850640
0b006301 0b000101 10000 100 10000000 2000000000 209561598 850640
0b00f501 0b000101 10000 100 10000000 2000000000 209561764 850640
0b004201 0b000101 10000 100 10000000 2000000000 209561930 850640
0b006a01 0b000101 10000 100 10000000 2000000000 209562096 850640
0b005901 0b000101 10000 100 10000000 2000000000 209562262 850640
0b00d601 0b000101 10000 100 10000000 2000000000 209562428 850640
0b006b01 0b000101 10000 100 10000000 2000000000 209562594 850640
0b00b401 0b000101 10000 100 10000000 2000000000 209562677 850640
0b008201 0b000101 10000 100 10000000 2000000000 209562926 850640
0b00e701 0b000101 10000 100 10000000 2000000000 209563092 850640
0b00e901 0b000101 10000 100 10000000 2000000000 209563258 850640
0b00c201 0b000101 10000 100 10000000 2000000000 209563341 850640
0b00d301 0b000101 10000 100 10000000 2000000000 209563590 850640
0b00d501 0b000101 10000 100 10000000 2000000000 209563673 850640
0b00ec01 0b000101 10000 100 10000000 2000000000 209563922 850640
0b00d701 0b000101 10000 100 10000000 2000000000 209564005 850640
0b00e101 0b000101 10000 100 10000000 2000000000 209564171 850640
0b009201 0b000101 10000 100 10000000 2000000000 209564337 850640
0b00ad01 0b000101 10000 100 10000000 2000000000 209564420 850640
0b00e801 0b000101 10000 100 10000000 2000000000 209564586 850640
0b005c01 0b000101 10000 100 10000000 2000000000 209564669 850640
0b009a01 0b000101 10000 100 10000000 2000000000 209564835 850640
0b008f01 0b000101 10000 100 10000000 2000000000 209564918 850640
0b005d01 0b000101 10000 100 10000000 2000000000 209565001 850640
0b00f301 0b000101 10000 100 10000000 2000000000 209565167 850640
0b009101 0b000101 10000 100 10000000 2000000000 209565250 850640
0b009401 0b000101 10000 100 10000000 2000000000 209565333 850640
0b00b801 0b000101 10000 100 10000000 2000000000 209565499 850640
0b00f701 0b000101 10000 100 10000000 2000000000 209565582 850640
0b00fd01 0b000101 10000 100 10000000 2000000000 209565665 850640
0b00ff01 0b000101 10000 100 10000000 2000000000 209565748 850640
0b004d01 0b000101 10000 100 10000000 2000000000 209565831 850640
0b008801 0b000101 10000 100 10000000 2000000000 209565914 850640
0b00dc01 0b000101 10000 100 10000000 2000000000 209565997 850640
0b009601 0b000101 10000 100 10000000 2000000000 209566080 850640
0b009c01 0b000101 10000 100 10000000 2000000000 209566163 850640
0b00b501 0b000101 10000 100 10000000 2000000000 209566246 850640
0b00d001 0b000101 10000 100 10000000 2000000000 209566329 850640
0b00a001 0b000101 10000 100 10000000 2000000000 209566412 850640
0b00a201 0b000101 10000 100 10000000 2000000000 209566495 850640
0b004e01 0b000101 10000 100 10000000 2000000000 209566578 850640
0b008001 0b000101 10000 100 10000000 2000000000 209566661 850640
0b00ba01 0b000101 10000 100 10000000 2000000000 209566744 850640
0b00bb01 0b000101 10000 100 10000000 2000000000 209566827 850640
0b008501 0b000101 10000 100 10000000 2000000000 209566910 850640
0b00bd01 0b000101 10000 100 10000000 2000000000 209566993 850640
0b008701 0b000101 10000 100 10000000 2000000000 209567076 850640
0b00c501 0b000101 10000 100 10000000 2000000000 209567159 850640
0b008c01 0b000101 10000 100 10000000 2000000000 209567242 850640
0b00de01 0b000101 10000 100 10000000 2000000000 209567325 850640
0b004601 0b000101 10000 100 10000000 2000000000 209567408 850640
0b00bc01 0b000101 10000 100 10000000 2000000000 209567491 850640
0b00a301 0b000101 10000 100 10000000 2000000000 209567574 850640
0b00ca01 0b000101 10000 100 10000000 2000000000 209567657 850640
0b00b701 0b000101 10000 100 10000000 2000000000 209567740 850640
0b007701 0b000101 10000 100 10000000 2000000000 209567823 850640
0b00b201 0b000101 10000 100 10000000 2000000000 209567906 850640
0b00c401 0b000101 10000 100 10000000 2000000000 209567989 850640
0b010001 0b000101 10000 100 10000000 2000000000 209568072 850640
0b009b01 0b000101 10000 100 10000000 2000000000 209568155 850640
0b00a901 0b000101 10000 100 10000000 2000000000 209568238 850640
0b004401 0b000101 10000 100 10000000 2000000000 209568321 850640
0b00b001 0b000101 10000 100 10000000 2000000000 209568404 850640
0b00db01 0b000101 10000 100 10000000 2000000000 209568487 850640
0b00c601 0b000101 10000 100 10000000 2000000000 209568570 850640
0b00cf01 0b000101 10000 100 10000000 2000000000 209568736 850640
0b00e601 0b000101 10000 100 10000000 2000000000 209568819 850640
0b00ed01 0b000101 10000 100 10000000 2000000000 209568902 850640
0b00dd01 0b000101 10000 100 10000000 2000000000 209568985 850640
0b004b01 0b000101 10000 100 10000000 2000000000 209569068 850640
0b007401 0b000101 10000 100 10000000 2000000000 209569151 850640
0b005101 0b000101 10000 100 10000000 2000000000 209569234 850640
0b007d01 0b000101 10000 100 10000000 2000000000 209569317 850640
0b006401 0b000101 10000 100 10000000 2000000000 209569400 850640
0b005f01 0b000101 10000 100 10000000 2000000000 209569483 850640
0b00b101 0b000101 10000 100 10000000 2000000000 209569566 850640
0b00c001 0b000101 10000 100 10000000 2000000000 209569649 850640
0b010101 0b000101 10000 100 10000000 2000000000 209569732 850640
0b005701 0b000101 10000 100 10000000 2000000000 209569815 850640
0b00f901 0b000101 10000 100 10000000 2000000000 209569898 850640
0b00b901 0b000101 10000 100 10000000 2000000000 209569981 850640
0b00fe01 0b000101 10000 100 10000000 2000000000 209570064 850640
0b006801 0b000101 10000 100 10000000 2000000000 209570230 850640
0b006f01 0b000101 10000 100 10000000 2000000000 209570313 850640
0b00f801 0b000101 10000 100 10000000 2000000000 209570396 850640
0b00fb01 0b000101 10000 100 10000000 2000000000 209570479 850640
0b00f001 0b000101 10000 100 10000000 2000000000 209570562 850640
0b009f01 0b000101 10000 100 10000000 2000000000 209570645 850640
0b005001 0b000101 10000 100 10000000 2000000000 209570728 850640
0b005301 0b000101 10000 100 10000000 2000000000 209570811 850640
0b005b01 0b000101 10000 100 10000000 2000000000 209570894 850640
0b00c901 0b000101 10000 100 10000000 2000000000 209570977 850640
0b00cd01 0b000101 10000 100 10000000 2000000000 209571060 850640
0b00e501 0b000101 10000 100 10000000 2000000000 209571143 850640
0b006001 0b000101 10000 100 10000000 2000000000 209571226 850640
0b006d01 0b000101 10000 100 10000000 2000000000 209571309 850640
0b006e01 0b000101 10000 100 10000000 2000000000 209571392 850640
0b006701 0b000101 10000 100 10000000 2000000000 209571475 850640
0b00ee01 0b000101 10000 100 10000000 2000000000 209571558 850640
0b00f401 0b000101 10000 100 10000000 2000000000 209571641 850640
0b00ef01 0b000101 10000 100 10000000 2000000000 209571724 850640
0b00fa01 0b000101 10000 100 10000000 2000000000 209571807 850640
0b00df01 0b000101 10000 100 10000000 2000000000 209571890 850640
0b00ac01 0b000101 10000 100 10000000 2000000000 209571973 850640
0b005401 0b000101 10000 100 10000000 2000000000 209572056 850640
0b008901 0b000101 10000 100 10000000 2000000000 209572139 850640
0b006201 0b000101 10000 100 10000000 2000000000 209572222 850640
0b008d01 0b000101 10000 100 10000000 2000000000 209572305 850640
0b00c101 0b000101 10000 100 10000000 2000000000 209572388 850640
0b00cc01 0b000101 10000 100 10000000 2000000000 209572471 850640
0b00f201 0b000101 10000 100 10000000 2000000000 209572554 850640
0b007301 0b000101 10000 100 10000000 2000000000 209572637 850640
0b007501 0b000101 10000 100 10000000 2000000000 209572720 850640
0b007601 0b000101 10000 100 10000000 2000000000 209572803 850640
0b007901 0b000101 10000 100 10000000 2000000000 209572886 850640
0b007e01 0b000101 10000 100 10000000 2000000000 209572969 850640
0b004101 0b000101 10000 100 10000000 2000000000 209573052 850640
0b004c01 0b000101 10000 100 10000000 2000000000 209573135 850640
0b004a01 0b000101 10000 100 10000000 2000000000 209573218 850640
0b00d201 0b000101 10000 100 10000000 2000000000 209573301 850640
0b00d801 0b000101 10000 100 10000000 2000000000 209573384 850640
0b00da01 0b000101 10000 100 10000000 2000000000 209573467 850640
0b005201 0b000101 10000 100 10000000 2000000000 209573550 850640
0b00e201 0b000101 10000 100 10000000 2000000000 209573633 850640
0b006501 0b000101 10000 100 10000000 2000000000 209573716 850640
0b00e401 0b000101 10000 100 10000000 2000000000 209573799 850640
0b00ea01 0b000101 10000 100 10000000 2000000000 209573965 850640
0b007201 0b000101 10000 100 10000000 2000000000 209574048 850640
0b007801 0b000101 10000 100 10000000 2000000000 209574131 850640
0b007001 0b000101 10000 100 10000000 2000000000 209574214 850640
0b007101 0b000101 10000 100 10000000 2000000000 209574297 850640
0b00e301 0b000101 10000 100 10000000 2000000000 209574380 850640
0b00a501 0b000101 10000 100 10000000 2000000000 209574463 850640
0b008401 0b000101 10000 100 10000000 2000000000 209574546 850640
0b008a01 0b000101 10000 100 10000000 2000000000 209574629 850640
0b00af01 0b000101 10000 100 10000000 2000000000 209574712 850640
0b00eb01 0b000101 10000 100 10000000 2000000000 209574795 850640
0b00b601 0b000101 10000 100 10000000 2000000000 209574878 850640
0b006601 0b000101 10000 100 10000000 2000000000 209574961 850640
0b006901 0b000101 10000 100 10000000 2000000000 209575044 850640
0b004801 0b000101 10000 100 10000000 2000000000 209575127 850640
0b00d401 0b000101 10000 100 10000000 2000000000 209575210 850640
0b004901 0b000101 10000 100 10000000 2000000000 209575293 850640
0b00d901 0b000101 10000 100 10000000 2000000000 209575376 850640
0b005601 0b000101 10000 100 10000000 2000000000 209575459 850640
0b005801 0b000101 10000 100 10000000 2000000000 209575542 850640
0b005a01 0b000101 10000 100 10000000 2000000000 209575625 850640
0b009001 0b000101 10000 100 10000000 2000000000 209575708 850640
0b009501 0b000101 10000 100 10000000 2000000000 209575791 850640
0b009801 0b000101 10000 100 10000000 2000000000 209575874 850640
0b009d01 0b000101 10000 100 10000000 2000000000 209575957 850640
0b008301 0b000101 10000 100 10000000 2000000000 209576040 850640
0b00a601 0b000101 10000 100 10000000 2000000000 209576123 850640
0b00ab01 0b000101 10000 100 10000000 2000000000 209576206 850640
0b00ae01 0b000101 10000 100 10000000 2000000000 209576289 850640
0b008601 0b000101 10000 100 10000000 2000000000 209576372 850640
0b008b01 0b000101 10000 100 10000000 2000000000 209576455 850640
0b008e01 0b000101 10000 100 10000000 2000000000 209576538 850640
0b00be01 0b000101 10000 100 10000000 2000000000 209576621 850640
0b00a401 0b000101 10000 100 10000000 2000000000 209576704 850640
0b00a701 0b000101 10000 100 10000000 2000000000 209576787 850640
0b00a801 0b000101 10000 100 10000000 2000000000 209576870 850640
0b00aa01 0b000101 10000 100 10000000 2000000000 209576953 850640
0b007a01 0b000101 10000 100 10000000 2000000000 209577036 850640
0b007b01 0b000101 10000 100 10000000 2000000000 209577119 850640
0b007f01 0b000101 10000 100 10000000 2000000000 209577285 850640
0b000401 0b000101 10000 100 150000000 2000000000 1362516345 12580160
0b000301 0b000101 10000 100 200000000 2000000000 1781669831 16772160
