0b003101 0b000101 10000 100 5000000 2000000000 32729431 823400
0b001401 0b000101 10000 100 5000000 2000000000 32729763 823400
0b003801 0b000101 10000 100 5000000 2000000000 32730095 823400
0b001e01 0b000101 10000 100 5000000 2000000000 32730427 823400
0b003301 0b000101 10000 100 5000000 2000000000 32798404 823400
0b003401 0b000101 10000 100 5000000 2000000000 32798736 823400
0b002201 0b000101 10000 100 5000000 2000000000 40502879 823400
0b002701 0b000101 10000 100 5000000 2000000000 40503211 823400
0b002a01 0b000101 10000 100 5000000 2000000000 40503543 823400
0b002301 0b000101 10000 100 5000000 2000000000 41867814 823400
0b002601 0b000101 10000 100 5000000 2000000000 41868146 823400
0b002801 0b000101 10000 100 5000000 2000000000 41868478 823400
0b001001 0b000101 10000 100 5000000 2000000000 47919261 823400
0b001101 0b000101 10000 100 5000000 2000000000 47919593 823400
0b001601 0b000101 10000 100 5000000 2000000000 47919925 823400
0b001701 0b000101 10000 100 5000000 2000000000 47920257 823400
0b001201 0b000101 10000 100 5000000 2000000000 52904158 823400
0b001901 0b000101 10000 100 5000000 2000000000 52904490 823400
0b001a01 0b000101 10000 100 5000000 2000000000 52904822 823400
0b001b01 0b000101 10000 100 5000000 2000000000 52905154 823400
0b002001 0b000101 10000 100 5000000 2000000000 54596777 823400
0b002101 0b000101 10000 100 5000000 2000000000 54597109 823400
0b002501 0b000101 10000 100 5000000 2000000000 54597441 823400
0b002c01 0b000101 10000 100 5000000 2000000000 54597773 823400
0b002e01 0b000101 10000 100 5000000 2000000000 54598105 823400
0b002401 0b000101 10000 100 5000000 2000000000 62878434 823400
0b002901 0b000101 10000 100 5000000 2000000000 62878766 823400
0b002b01 0b000101 10000 100 5000000 2000000000 62879181 823400
0b002d01 0b000101 10000 100 5000000 2000000000 62879513 823400
0b002f01 0b000101 10000 100 5000000 2000000000 62879845 823400
0b001301 0b000101 10000 100 5000000 2000000000 71166814 823400
0b001501 0b000101 10000 100 5000000 2000000000 71167146 823400
0b001801 0b000101 10000 100 5000000 2000000000 71167478 823400
0b001c01 0b000101 10000 100 5000000 2000000000 71167810 823400
0b001d01 0b000101 10000 100 5000000 2000000000 71168142 823400
0b001f01 0b000101 10000 100 5000000 2000000000 71168474 823400
0b003001 0b000101 10000 100 5000000 2000000000 71173454 823400
0b003501 0b000101 10000 100 5000000 2000000000 71173786 823400
0b003601 0b000101 10000 100 5000000 2000000000 71174118 823400
0b003a01 0b000101 10000 100 5000000 2000000000 71174450 823400
0b003d01 0b000101 10000 100 5000000 2000000000 71174782 823400
0b003e01 0b000101 10000 100 5000000 2000000000 71175114 823400
0b003201 0b000101 10000 100 5000000 2000000000 71224914 823400
0b003701 0b000101 10000 100 5000000 2000000000 71225246 823400
0b003901 0b000101 10000 100 5000000 2000000000 71225578 823400
0b003b01 0b000101 10000 100 5000000 2000000000 71225910 823400
0b003c01 0b000101 10000 100 5000000 2000000000 71226242 823400
0b003f01 0b000101 10000 100 5000000 2000000000 71226574 823400
0b000f01 0b000101 10000 100 5000000 2000000000 94201462 819360
0b000e01 0b000101 10000 100 5000000 2000000000 94210841 819360
0b000d01 0b000101 10000 100 5000000 2000000000 94220220 819360
0b000c01 0b000101 10000 100 5000000 2000000000 94229433 819360
0b000b01 0b000101 10000 100 5000000 2000000000 94238729 819360
0b000a01 0b000101 10000 100 5000000 2000000000 94247942 819360
0b000901 0b000101 10000 100 5000000 2000000000 94256989 819360
0b000801 0b000101 10000 100 5000000 2000000000 94266119 819360
0b000701 0b000101 10000 100 5000000 2000000000 94275166 819360
0b000601 0b000101 10000 100 5000000 2000000000 94284130 819360
0b000501 0b000101 10000 100 5000000 2000000000 94293094 819360
0b000201 0b000101 10000 100 200000000 2000000000 128603219 17168160
0b005e01 0b000101 10000 100 10000000 2000000000 159848008 1246640
0b004501 0b000101 10000 100 10000000 2000000000 159848174 1246640
0b00c801 0b000101 10000 100 10000000 2000000000 159848506 1246640
0b009701 0b000101 10000 100 10000000 2000000000 159848838 1246640
0b009901 0b000101 10000 100 10000000 2000000000 159849170 1246640
0b004701 0b000101 10000 100 10000000 2000000000 159849419 1246640
0b00a101 0b000101 10000 100 10000000 2000000000 159849668 1246640
0b009301 0b000101 10000 100 10000000 2000000000 159849834 1246640
0b009e01 0b000101 10000 100 10000000 2000000000 159850166 1246640
0b00e001 0b000101 10000 100 10000000 2000000000 159850415 1246640
0b00f601 0b000101 10000 100 10000000 2000000000 159850581 1246640
0b00cb01 0b000101 10000 100 10000000 2000000000 159850747 1246640
0b00ce01 0b000101 10000 100 10000000 2000000000 159850996 1246640
0b00b301 0b000101 10000 100 10000000 2000000000 159851411 1246640
0b010101 0b000101 10000 100 10000000 2000000000 159851660 1246640
0b010001 0b000101 10000 100 10000000 2000000000 159851909 1246640
0b00fc01 0b000101 10000 100 10000000 2000000000 159852241 1246640
0b00d101 0b000101 10000 100 10000000 2000000000 159852407 1246640
0b004f01 0b000101 10000 100 10000000 2000000000 159852656 1246640
0b00f101 0b000101 10000 100 10000000 2000000000 159852905 1246640
0b00c701 0b000101 10000 100 10000000 2000000000 159853071 1246640
0b006101 0b000101 10000 100 10000000 2000000000 159853154 1246640
0b00c301 0b000101 10000 100 10000000 2000000000 159853403 1246640
0b005501 0b000101 10000 100 10000000 2000000000 159853569 1246640
0b007c01 0b000101 10000 100 10000000 2000000000 159853901 1246640
0b004301 0b000101 10000 100 10000000 2000000000 159854067 1246640
0b008101 0b000101 10000 100 10000000 2000000000 159854150 1246640
0b00bf01 0b000101 10000 100 10000000 2000000000 159854399 1246640
0b00dc01 0b000101 10000 100 10000000 2000000000 159854482 1246640
0b009201 0b000101 10000 100 10000000 2000000000 159854648 1246640
0b009a01 0b000101 10000 100 10000000 2000000000 159854897 1246640
0b004d01 0b000101 10000 100 10000000 2000000000 159855063 1246640
0b00f501 0b000101 10000 100 10000000 2000000000 159855146 1246640
0b006301 0b000101 10000 100 10000000 2000000000 159855312 1246640
0b006c01 0b000101 10000 100 10000000 2000000000 159855561 1246640
0b00e101 0b000101 10000 100 10000000 2000000000 159855810 1246640
0b00e801 0b000101 10000 100 10000000 2000000000 159855893 1246640
0b00db01 0b000101 10000 100 10000000 2000000000 159855976 1246640
0b00bc01 0b000101 10000 100 10000000 2000000000 159856142 1246640
0b00e701 0b000101 10000 100 10000000 2000000000 159856308 1246640
0b00e901 0b000101 10000 100 10000000 2000000000 159856557 1246640
0b009101 0b000101 10000 100 10000000 2000000000 159856723 1246640
0b009401 0b000101 10000 100 10000000 2000000000 159857138 1246640
0b00ec01 0b000101 10000 100 10000000 2000000000 159857387 1246640
0b004201 0b000101 10000 100 10000000 2000000000 159857719 1246640
0b006a01 0b000101 10000 100 10000000 2000000000 159857968 1246640
0b005901 0b000101 10000 100 10000000 2000000000 159858134 1246640
0b006b01 0b000101 10000 100 10000000 2000000000 159858383 1246640
0b007701 0b000101 10000 100 10000000 2000000000 159858632 1246640
0b008f01 0b000101 10000 100 10000000 2000000000 159858964 1246640
0b00c201 0b000101 10000 100 10000000 2000000000 159859213 1246640
0b004601 0b000101 10000 100 10000000 2000000000 159859462 1246640
0b006801 0b000101 10000 100 10000000 2000000000 159859711 1246640
0b006f01 0b000101 10000 100 10000000 2000000000 159859960 1246640
0b00de01 0b000101 10000 100 10000000 2000000000 159860292 1246640
0b00b401 0b000101 10000 100 10000000 2000000000 159860541 1246640
0b008201 0b000101 10000 100 10000000 2000000000 159860790 1246640
0b00a301 0b000101 10000 100 10000000 2000000000 159860956 1246640
0b008c01 0b000101 10000 100 10000000 2000000000 159861205 1246640
0b00d601 0b000101 10000 100 10000000 2000000000 159861371 1246640
0b00f701 0b000101 10000 100 10000000 2000000000 159861537 1246640
0b00fd01 0b000101 10000 100 10000000 2000000000 159861786 1246640
0b00ff01 0b000101 10000 100 10000000 2000000000 159861952 1246640
0b00b801 0b000101 10000 100 10000000 2000000000 159864359 1246640
0b008801 0b000101 10000 100 10000000 2000000000 159870667 1246640
0b00d001 0b000101 10000 100 10000000 2000000000 159874319 1246640
0b005c01 0b000101 10000 100 10000000 2000000000 159875896 1246640
0b005d01 0b000101 10000 100 10000000 2000000000 159875979 1246640
0b00f301 0b000101 10000 100 10000000 2000000000 162733235 1246640
0b00d301 0b000101 10000 100 10000000 2000000000 162934311 1246640
0b00d701 0b000101 10000 100 10000000 2000000000 162934676 1246640
0b00d501 0b000101 10000 100 10000000 2000000000 162942976 1246640
0b00c001 0b000101 10000 100 10000000 2000000000 167999004 1246640
0b00f901 0b000101 10000 100 10000000 2000000000 168006557 1246640
0b00fe01 0b000101 10000 100 10000000 2000000000 168007304 1246640
0b004a01 0b000101 10000 100 10000000 2000000000 168729819 1246640
0b005701 0b000101 10000 100 10000000 2000000000 169767983 1246640
0b006401 0b000101 10000 100 10000000 2000000000 169768066 1246640
0b004e01 0b000101 10000 100 10000000 2000000000 170209875 1246640
0b00d401 0b000101 10000 100 10000000 2000000000 170578063 1246640
0b00d901 0b000101 10000 100 10000000 2000000000 170578146 1246640
0b00c401 0b000101 10000 100 10000000 2000000000 171345232 1246640
0b00a001 0b000101 10000 100 10000000 2000000000 173589718 1246640
0b00a201 0b000101 10000 100 10000000 2000000000 173598267 1246640
0b005201 0b000101 10000 100 10000000 2000000000 175170121 1246640
0b006501 0b000101 10000 100 10000000 2000000000 175179002 1246640
0b00e501 0b000101 10000 100 10000000 2000000000 176667524 1246640
0b00ee01 0b000101 10000 100 10000000 2000000000 176676156 1246640
0b007101 0b000101 10000 100 10000000 2000000000 178461818 1246640
0b007001 0b000101 10000 100 10000000 2000000000 178461984 1246640
0b00bb01 0b000101 10000 100 10000000 2000000000 178519005 1246640
0b00ba01 0b000101 10000 100 10000000 2000000000 178536103 1246640
0b00bd01 0b000101 10000 100 10000000 2000000000 178536186 1246640
0b008501 0b000101 10000 100 10000000 2000000000 178542411 1246640
0b008001 0b000101 10000 100 10000000 2000000000 178542494 1246640
0b008701 0b000101 10000 100 10000000 2000000000 178543905 1246640
0b00ac01 0b000101 10000 100 10000000 2000000000 179039000 1246640
0b004101 0b000101 10000 100 10000000 2000000000 179951054 1246640
0b004c01 0b000101 10000 100 10000000 2000000000 179956980 1246640
0b007301 0b000101 10000 100 10000000 2000000000 180243413 1246640
0b007901 0b000101 10000 100 10000000 2000000000 180243496 1246640
0b007501 0b000101 10000 100 10000000 2000000000 180243579 1246640
0b007e01 0b000101 10000 100 10000000 2000000000 180243994 1246640
0b007601 0b000101 10000 100 10000000 2000000000 180244077 1246640
0b00d201 0b000101 10000 100 10000000 2000000000 181001618 1246640
0b00d801 0b000101 10000 100 10000000 2000000000 181009835 1246640
0b00da01 0b000101 10000 100 10000000 2000000000 181010582 1246640
0b004801 0b000101 10000 100 10000000 2000000000 183663096 1246640
0b004901 0b000101 10000 100 10000000 2000000000 183663262 1246640
0b008601 0b000101 10000 100 10000000 2000000000 185286825 1246640
0b008b01 0b000101 10000 100 10000000 2000000000 185295208 1246640
0b00be01 0b000101 10000 100 10000000 2000000000 185295955 1246640
0b008e01 0b000101 10000 100 10000000 2000000000 185296370 1246640
0b00a701 0b000101 10000 100 10000000 2000000000 188245775 1246640
0b00a401 0b000101 10000 100 10000000 2000000000 188248929 1246640
0b00a801 0b000101 10000 100 10000000 2000000000 188254656 1246640
0b00aa01 0b000101 10000 100 10000000 2000000000 188254988 1246640
0b007f01 0b000101 10000 100 10000000 2000000000 191274279 1246640
0b007a01 0b000101 10000 100 10000000 2000000000 191274777 1246640
0b007b01 0b000101 10000 100 10000000 2000000000 191275109 1246640
0b000001 0b000101 10005 100 10000000 2000000000 196281450 1238560
0b000001 0b000101 10006 100 10000000 2000000000 196289501 1238560
0b000001 0b000101 10004 100 10000000 2000000000 196297552 1238560
0b000001 0b000101 10003 100 10000000 2000000000 196339135 1238560
0b000001 0b000101 10002 100 10000000 2000000000 196363952 1238560
0b000001 0b000101 10001 100 10000000 2000000000 196383540 1238560
0b000001 0b000101 10000 100 10000000 2000000000 196406946 1238560
0b000401 0b000101 10000 100 150000000 2000000000 1335401753 12976160
0b000301 0b000101 10000 100 200000000 2000000000 1754559389 17168160
