0b00d601 0b006901 10000 100 2048 12054 12356 12415
0b012701 0b011501 10000 100 102400 18500 16740 16787
0b007001 0b00bd01 10000 100 20480 25428 13902 13959
0b000901 0b003801 10000 100 10240 36894 8999 9061
0b00ee01 0b00df01 10000 100 51200 42191 12440 12495
0b011d01 0b005901 10000 100 5120 43268 12614 12672
0b008201 0b006801 10000 100 102400 43069 20794 20827
0b013201 0b012501 10000 100 204800 39725 25340 25371
0b003d01 0b007c01 10000 100 5120 60422 12614 12672
0b001701 0b005f01 10000 100 2048 63834 12356 12415
0b00ea01 0b001001 10000 100 5120 64254 12638 12672
0b003401 0b00d701 10000 100 204800 49145 29384 29411
0b00c901 0b003001 10000 100 20480 69362 13902 13959
0b008001 0b010f01 10000 100 20480 73574 15688 13959
0b000201 0b00c201 10000 100 5120 82423 12614 12672
0b009101 0b011e01 10000 100 204800 67673 29384 29411
0b013801 0b007b01 10000 100 51200 80658 16484 16535
0b010901 0b007e01 10000 100 51200 82600 16492 16535
0b011601 0b00a001 10000 100 102400 82608 20796 20827
0b002801 0b012701 10000 100 20480 93950 13902 13959
0b001b01 0b006d01 10000 100 512000 58162 55188 55166
0b010001 0b004801 10000 100 102400 94316 20787 20827
0b012c01 0b012b01 10000 100 5120 111850 4526 4592
0b00ae01 0b002c01 10000 100 2048 106260 12356 12415
0b00d401 0b011301 10000 100 204800 96537 29384 29411
0b013001 0b000601 10000 100 2048 115114 12385 12415
0b007901 0b004001 10000 100 51200 122742 12440 12495
0b011a01 0b012301 10000 100 204800 108204 27034 25371
0b002801 0b00df01 10000 100 1024 128658 12288 12329
0b00bf01 0b000901 10000 100 512000 88995 55193 55166
0b001701 0b007801 10000 100 204800 117639 30233 29411
0b00b601 0b00bd01 10000 100 512000 107134 47100 47086
0b000601 0b005701 10000 100 1048576 56631 100283 100154
0b006001 0b005901 10000 100 2048 151762 8343 8375
0b011901 0b00c801 10000 100 51200 159812 16484 16535
0b00c601 0b00f301 10000 100 512000 131415 51177 51126
0b00e901 0b003101 10000 100 1048576 86527 100282 100154
0b00c901 0b00c401 10000 100 51200 190444 12668 8455
0b00c501 0b007701 10000 100 2048 195519 12366 12415
0b003701 0b00ac01 10000 100 2097152 22517 188363 188068
0b00a701 0b004e01 10000 100 2097152 25166 188344 188068
0b00e701 0b004d01 10000 100 1024 201228 12350 12329
0b007401 0b004201 10000 100 1048576 119477 96222 96114
0b009c01 0b00d501 10000 100 20480 210365 13934 13959
0b00d701 0b012601 10000 100 102400 203947 20796 20827
0b00e001 0b00c101 10000 100 2097152 40449 184334 184028
0b005a01 0b00c401 10000 100 51200 208596 16502 16535
0b00d501 0b00b101 10000 100 10240 217390 13079 13101
0b009a01 0b002901 10000 100 204800 205562 29412 29411
0b004901 0b00f401 10000 100 5120 222453 12618 12672
0b012101 0b00f101 10000 100 102400 214390 20784 20827
0b00b601 0b007b01 10000 100 512000 192950 55209 55166
0b007f01 0b005c01 10000 100 51200 237917 12533 12495
0b012c01 0b00e601 10000 100 512000 197216 55211 55166
0b005801 0b000101 10000 100 51200 237630 16503 16535
0b011901 0b007a01 10000 100 512000 202709 57363 55166
0b00ec01 0b012201 10000 100 512000 199572 61740 55166
0b00ca01 0b003c01 10000 100 512000 206086 58501 55166
0b000901 0b00d801 10000 100 1048576 170165 100262 100154
0b00b101 0b002801 10000 100 51200 255441 16535 16535
0b003f01 0b00b901 10000 100 2097152 85263 188355 188068
0b010c01 0b012501 10000 100 51200 264664 12461 12495
0b004701 0b00b801 10000 100 10240 268578 13085 13101
0b012d01 0b013401 10000 100 2048 277283 8312 8375
0b004901 0b00fb01 10000 100 2048 274112 12368 12415
0b004501 0b007601 10000 100 5120 279933 8570 8632
0b006401 0b00ca01 10000 100 51200 267474 21303 16535
0b004701 0b011101 10000 100 5120 279470 12614 12672
0b00bc01 0b000801 10000 100 102400 272436 20802 20827
0b004401 0b012901 10000 100 102400 279473 20784 20827
0b000601 0b00ec01 10000 100 204800 271283 30205 29411
0b008901 0b00a101 10000 100 10240 298440 9791 9061
0b012b01 0b008b01 10000 100 51200 292645 16484 16535
0b008101 0b012f01 10000 100 512000 254584 55196 55166
0b001e01 0b009001 10000 100 2097152 129156 188361 188068
0b011101 0b009101 10000 100 102400 298054 20804 20827
0b00ad01 0b00fc01 10000 100 1024 305429 13604 12329
0b008e01 0b00a801 10000 100 5120 311475 8570 8632
0b006f01 0b00d401 10000 100 2097152 128319 193028 188068
0b00c601 0b009301 10000 100 102400 301481 20797 20827
0b005301 0b00fd01 10000 100 51200 305927 16515 16535
0b011401 0b00ca01 10000 100 2097152 138331 194716 188068
0b005101 0b010901 10000 100 2097152 147238 188363 188068
0b00fc01 0b013901 10000 100 2048 335232 12358 12415
0b00a401 0b00de01 10000 100 51200 332335 16552 16535
0b007101 0b00cb01 10000 100 51200 339589 16503 16535
0b009801 0b010601 10000 100 10240 345312 13819 13101
0b006b01 0b00ca01 10000 100 1024 348101 12336 12329
0b000301 0b011a01 10000 100 51200 363636 18639 16535
0b013601 0b005c01 10000 100 1024 375847 12313 12329
0b00d501 0b003901 10000 100 1024 377047 12279 12329
0b00ed01 0b011401 10000 100 102400 376815 20836 20827
0b00ef01 0b00a701 10000 100 1024 386320 12271 12329
0b002701 0b003701 10000 100 1048576 235853 163690 96114
0b013e01 0b003301 10000 100 102400 384917 20828 20827
0b00f801 0b00ff01 10000 100 10240 402245 5291 5021
0b011801 0b013301 10000 100 2097152 218056 190743 184028
0b00f501 0b00a301 10000 100 51200 388269 30218 16535
0b006101 0b008201 10000 100 2097152 223987 196880 188068
0b004701 0b001b01 10000 100 1048576 315083 109792 100154
0b00dc01 0b004c01 10000 100 51200 411596 16484 16535
0b00e201 0b006801 10000 100 204800 374450 59784 29411
0b00b601 0b007e01 10000 100 10240 430891 13044 13101
0b001301 0b011901 10000 100 5120 447537 12871 12672
0b013101 0b002b01 10000 100 1048576 355933 105611 100154
0b00f101 0b008a01 10000 100 5120 449744 12619 12672
0b00fb01 0b011201 10000 100 1048576 340609 125339 100154
0b003a01 0b002901 10000 100 512000 418491 52243 51126
0b00e901 0b013d01 10000 100 1048576 297300 175871 100154
0b005501 0b010901 10000 100 102400 439329 37885 20827
0b002e01 0b012601 10000 100 20480 464590 13902 13959
0b008501 0b00b901 10000 100 5120 471190 8590 8632
0b00d301 0b00c101 10000 100 204800 454994 25369 25371
0b000801 0b008701 10000 100 10240 469430 13043 13101
0b00a301 0b009601 10000 100 102400 452144 33933 16787
0b00d101 0b00b001 10000 100 5242880 35430 452612 451803
0b008201 0b003d01 10000 100 1024 485694 12450 12329
0b008001 0b00ae01 10000 100 10240 489779 9100 9061
0b00b401 0b00d401 10000 100 512000 401411 98196 55166
0b005501 0b011501 10000 100 512000 396726 106776 55166
0b004801 0b00e101 10000 100 102400 484473 21256 20827
0b00d001 0b001c01 10000 100 512000 450773 55240 55166
0b00ea01 0b011a01 10000 100 512000 428790 86181 55166
0b005701 0b00f101 10000 100 51200 503588 16577 16535
0b010001 0b006901 10000 100 1048576 415524 105130 100154
0b00ec01 0b00a101 10000 100 1024 513125 12975 12329
0b001201 0b00ce01 10000 100 5242880 79202 452630 451803
0b00ff01 0b009701 10000 100 204800 503989 32212 29411
0b00f301 0b013b01 10000 100 20480 523496 13923 13959
0b00a301 0b009701 10000 100 102400 515944 33826 16787
0b00c401 0b003701 10000 100 2097152 242285 317127 188068
0b005d01 0b00a201 10000 100 2097152 365453 194107 188068
0b009f01 0b00ea01 10000 100 1024 547576 12278 12329
0b010601 0b00fd01 10000 100 204800 538247 29422 29411
0b012a01 0b002b01 10000 100 1048576 468873 100323 100154
0b008601 0b003a01 10000 100 1048576 377824 193839 100154
0b007801 0b003701 10000 100 512000 472712 99498 55166
0b012f01 0b001901 10000 100 2097152 385739 188353 188068
0b011e01 0b008401 10000 100 10240 565895 13080 13101
0b008d01 0b013801 10000 100 10240 567601 13056 13101
0b00d901 0b00d301 10000 100 102400 563090 22118 12747
0b001501 0b00e801 10000 100 51200 556934 29119 16535
0b00b401 0b013601 10000 100 10240 575850 13840 13101
0b008601 0b00b201 10000 100 102400 542605 47407 16787
0b001101 0b001b01 10000 100 2097152 404786 190887 179988
0b003201 0b011801 10000 100 512000 537227 58552 55166
0b002701 0b00a001 10000 100 204800 560116 36820 29411
0b011f01 0b001c01 10000 100 512000 546552 55220 55166
0b00a001 0b008101 10000 100 1024 598683 8857 8289
0b010201 0b00bb01 10000 100 102400 588477 21065 20827
0b011901 0b00ff01 10000 100 2097152 294157 315968 188068
0b00e801 0b009201 10000 100 1024 595693 15686 12329
0b00c501 0b00f101 10000 100 5120 603166 8625 8632
0b012c01 0b011201 10000 100 102400 596068 17148 16787
0b00f101 0b00dc01 10000 100 512000 519573 94354 51126
0b005801 0b012c01 10000 100 1048576 508720 105690 100154
0b004b01 0b012301 10000 100 2097152 428153 188400 188068
0b013101 0b002601 10000 100 1024 584899 33481 12329
0b00f301 0b009b01 10000 100 1024 609985 12375 12329
0b012f01 0b005901 10000 100 1024 616096 12330 12329
0b012201 0b00d601 10000 100 20480 615314 15641 13959
0b012801 0b008f01 10000 100 5120 617501 13892 12672
0b013301 0b013d01 10000 100 2097152 272779 362434 179988
0b00cf01 0b012501 10000 100 1048576 538322 102378 100154
0b010401 0b00d601 10000 100 1048576 546620 102019 100154
0b00de01 0b004401 10000 100 204800 622911 29433 29411
0b003e01 0b001501 10000 100 102400 637989 17158 16787
0b004301 0b000501 10000 100 512000 565219 98033 55166
0b00f901 0b00cd01 10000 100 1048576 498779 167115 96114
0b001601 0b011501 10000 100 2048 661683 12578 12415
0b00e301 0b00d501 10000 100 51200 661615 16836 12495
0b00ef01 0b00e601 10000 100 512000 630396 48140 47086
0b00dc01 0b011301 10000 100 512000 566929 121448 55166
0b007501 0b000801 10000 100 10240 679461 13087 13101
0b00fe01 0b010001 10000 100 10240 678972 14440 13101
0b00d101 0b00f101 10000 100 1024 685668 8251 8289
0b006e01 0b00c601 10000 100 512000 589562 104924 55166
0b00ec01 0b011601 10000 100 1048576 487548 208974 100154
0b002101 0b004b01 10000 100 204800 667756 29431 29411
0b013901 0b00c601 10000 100 102400 655374 41957 20827
0b005e01 0b007401 10000 100 5242880 259004 454072 447763
0b000101 0b011f01 10000 100 20480 704341 14022 13959
0b000f01 0b001e01 10000 100 20480 683966 39485 9919
0b009001 0b004c01 10000 100 102400 705651 20784 20827
0b008901 0b00e201 10000 100 2097152 352511 375345 188068
0b006301 0b00d901 10000 100 5242880 271743 457491 451803
0b00cf01 0b010a01 10000 100 512000 675751 57291 55166
0b010101 0b00dd01 10000 100 204800 666616 69085 29411
0b013101 0b00a901 10000 100 5120 709609 26635 12672
0b009d01 0b000801 10000 100 102400 709190 29351 20827
0b004101 0b012f01 10000 100 51200 718656 20781 16535
0b007001 0b00bc01 10000 100 1048576 555113 188301 100154
0b011c01 0b008e01 10000 100 5120 731774 12650 12672
0b003201 0b00f301 10000 100 512000 669748 79531 55166
0b00e701 0b00bf01 10000 100 2048 739932 12510 12415
0b006301 0b009a01 10000 100 20480 738330 15802 13959
0b006d01 0b011f01 10000 100 102400 738773 20832 20827
0b007a01 0b00e801 10000 100 204800 686280 74576 29411
0b002c01 0b00a401 10000 100 512000 663146 98301 55166
0b002b01 0b009a01 10000 100 204800 730715 31594 29411
0b00e001 0b002501 10000 100 20480 746527 16634 13959
0b010001 0b003101 10000 100 204800 742847 30129 29411
0b006901 0b002601 10000 100 10240 750318 27980 13101
0b00b401 0b002501 10000 100 5242880 269869 509916 451803
0b00ae01 0b00f501 10000 100 1048576 494427 287711 100154
0b000f01 0b007501 10000 100 1048576 678449 104010 100154
0b003901 0b00c901 10000 100 1048576 583926 203337 100154
0b007301 0b000a01 10000 100 2048 779942 12356 12415
0b009b01 0b003e01 10000 100 2048 781001 12567 12415
0b000701 0b011d01 10000 100 20480 781016 13974 13959
0b011e01 0b000f01 10000 100 102400 765702 29391 20827
0b00da01 0b011c01 10000 100 512000 751838 56392 55166
0b008701 0b004b01 10000 100 51200 792663 16522 16535
0b009501 0b013101 10000 100 204800 735734 73922 29411
0b004a01 0b00d501 10000 100 2097152 624271 192693 188068
0b007b01 0b004e01 10000 100 5242880 358447 461111 447763
0b002001 0b008601 10000 100 10240 809380 13800 13101
0b00f201 0b008901 10000 100 102400 790663 36955 20827
0b007a01 0b011a01 10000 100 5242880 92886 734750 451803
0b00d201 0b00d701 10000 100 204800 793609 36605 21331
0b007501 0b00d701 10000 100 1048576 720606 120687 100154
0b00af01 0b00e601 10000 100 512000 786000 56245 55166
0b00b201 0b013f01 10000 100 5242880 143548 701602 451803
0b012201 0b00a301 10000 100 51200 833468 16686 16535
0b008801 0b012101 10000 100 2097152 662207 190094 188068
0b002d01 0b013d01 10000 100 102400 833427 20844 20827
0b00e301 0b007501 10000 100 204800 828570 29754 29411
0b002401 0b007f01 10000 100 51200 847320 18681 16535
0b00f801 0b008101 10000 100 2097152 678010 188409 188068
0b00f601 0b011701 10000 100 10240 853427 16256 13101
0b00b201 0b012001 10000 100 2048 853906 17884 12415
0b007701 0b009a01 10000 100 512000 822250 56189 55166
0b00d601 0b00e401 10000 100 1048576 701041 180427 96114
0b010f01 0b010701 10000 100 5242880 74702 818057 443723
0b00ba01 0b003c01 10000 100 5120 872012 22295 12672
0b004501 0b003d01 10000 100 5242880 443464 452701 451803
0b002601 0b011201 10000 100 102400 869907 34903 20827
0b012201 0b00be01 10000 100 5120 895458 12652 12672
0b010101 0b00cf01 10000 100 2097152 508929 407540 188068
0b002601 0b008501 10000 100 10240 891305 26905 13101
0b00bd01 0b012801 10000 100 1048576 814863 104027 100154
0b00a801 0b005f01 10000 100 512000 821665 98145 55166
0b00c201 0b00fa01 10000 100 102400 895921 24908 16787
0b004601 0b006201 10000 100 20480 895733 25530 9919
0b003001 0b00ed01 10000 100 2048 910049 12394 12415
0b00e801 0b010f01 10000 100 5242880 9113 913349 451803
0b00eb01 0b00a901 10000 100 1048576 791510 131982 100154
0b00a901 0b00fb01 10000 100 20480 905209 19996 13959
0b004401 0b00b001 10000 100 204800 895827 30255 29411
0b008701 0b006501 10000 100 10240 913713 13184 13101
0b001801 0b00d601 10000 100 2097152 738441 191762 188068
0b00c401 0b007c01 10000 100 2048 917995 12465 12415
0b00a201 0b00cc01 10000 100 5242880 439101 494124 451803
0b00d701 0b00a401 10000 100 51200 900451 36195 16535
0b002a01 0b011b01 10000 100 5120 913315 26379 12672
0b00ac01 0b002101 10000 100 1048576 842547 102978 100154
0b008d01 0b009001 10000 100 204800 924280 25370 25371
0b006601 0b009701 10000 100 102400 892753 58157 20827
0b004c01 0b00e801 10000 100 2048 938330 13644 12415
0b00ec01 0b002601 10000 100 5242880 236022 718598 451803
0b006b01 0b00e801 10000 100 102400 936054 25187 20827
0b011c01 0b00a701 10000 100 204800 923795 46527 29411
0b00ef01 0b00c001 10000 100 204800 966582 25359 25371
0b001d01 0b000401 10000 100 2097152 811287 184345 184028
0b00ee01 0b013501 10000 100 10485760 102632 893069 891367
0b011d01 0b000501 10000 100 10240 984068 13116 13101
0b00b901 0b00ce01 10000 100 102400 993918 21539 20827
0b012a01 0b00c901 10000 100 2048 1007104 13619 12415
0b004301 0b013101 10000 100 5242880 318040 703405 451803
0b009501 0b00e001 10000 100 2048 1009415 12687 12415
0b00f301 0b013d01 10000 100 204800 995025 29445 29411
0b00ad01 0b00bc01 10000 100 512000 922724 105722 51126
0b00bf01 0b00d301 10000 100 5242880 503816 529295 451803
0b013201 0b00fe01 10000 100 1024 1025057 12294 12329
0b002901 0b006401 10000 100 102400 1021130 20987 20827
0b00b101 0b011a01 10000 100 51200 1026032 16631 16535
0b009a01 0b004a01 10000 100 10240 1029888 13912 13101
0b00a601 0b013701 10000 100 2097152 667935 376061 188068
0b012001 0b000101 10000 100 2048 1032088 12497 12415
0b004901 0b001b01 10000 100 10240 1033040 13110 13101
0b009201 0b010d01 10000 100 5120 1026198 22720 12672
0b010f01 0b00bc01 10000 100 512000 981719 68620 55166
0b008701 0b002601 10000 100 10240 1040539 14418 13101
0b00de01 0b00a901 10000 100 2097152 847943 221648 188068
0b00b001 0b003f01 10000 100 512000 929772 141129 55166
0b00c101 0b011001 10000 100 102400 1040445 31311 20827
0b00a901 0b002501 10000 100 512000 1016720 57537 55166
0b003e01 0b00bd01 10000 100 2048 1065537 12357 12415
0b003b01 0b007e01 10000 100 20480 1072830 13981 13959
0b000701 0b001c01 10000 100 20480 1080673 9927 9919
0b00b801 0b007b01 10000 100 20480 1064134 31012 13959
0b00d401 0b007201 10000 100 10485760 200670 900379 891367
0b00d001 0b00e901 10000 100 1048576 1001188 101696 96114
0b000d01 0b004001 10000 100 5120 1090365 13535 12672
0b003b01 0b004e01 10000 100 51200 1088570 16537 16535
0b001601 0b001901 10000 100 1048576 949354 159332 92074
0b008101 0b001701 10000 100 20480 1095505 13943 13959
0b013301 0b00ff01 10000 100 204800 1069410 46517 29411
0b00a601 0b004001 10000 100 2048 1108695 13179 12415
0b006301 0b00f701 10000 100 5120 1109580 12705 12672
0b009301 0b006201 10000 100 20480 1110847 13991 13959
0b005701 0b00c401 10000 100 20480 1116171 14761 13959
0b00f201 0b005601 10000 100 5242880 648680 485642 451803
0b009f01 0b009e01 10000 100 512000 1009574 133089 47086
0b000701 0b00a101 10000 100 204800 1105614 38868 29411
0b011e01 0b008901 10000 100 5242880 669664 475552 451803
0b008b01 0b00a401 10000 100 2097152 806577 340851 184028
0b00f101 0b00d001 10000 100 5120 1138101 9463 8632
0b00a301 0b002a01 10000 100 5242880 237158 910604 451803
0b013e01 0b005001 10000 100 5242880 682676 467890 451803
0b010601 0b00e301 10000 100 512000 1055588 97064 55166
0b011b01 0b006e01 10000 100 1024 1135355 18768 12329
0b011401 0b007701 10000 100 204800 1127998 29976 29411
0b006501 0b004601 10000 100 2097152 822875 336543 184028
0b011301 0b008c01 10000 100 5120 1146490 15490 12672
0b012501 0b009f01 10000 100 102400 1135333 30077 20827
0b002c01 0b006d01 10000 100 512000 1109352 56090 55166
0b00c701 0b010201 10000 100 512000 1021221 148543 55166
0b003001 0b003e01 10000 100 512000 1129154 47100 47086
0b00fd01 0b00dc01 10000 100 5120 1173018 14171 8632
0b008e01 0b009101 10000 100 51200 1178671 12458 12495
0b010801 0b00e101 10000 100 1048576 1090994 104655 100154
0b010e01 0b00c901 10000 100 512000 1095690 101205 55166
0b00b301 0b000f01 10000 100 512000 1069260 128047 55166
0b011001 0b00ea01 10000 100 2097152 1008692 188853 188068
0b00e401 0b00fb01 10000 100 512000 1099455 99137 51126
0b012f01 0b00e701 10000 100 1048576 1012220 188013 100154
0b011f01 0b00bc01 10000 100 10240 1186222 15238 13101
0b011e01 0b010c01 10000 100 2048 1194518 8402 8375
0b00a801 0b011f01 10000 100 5120 1195771 13136 12672
0b011401 0b003001 10000 100 1024 1201103 12302 12329
0b00ea01 0b005701 10000 100 5120 1202932 12651 12672
0b000b01 0b005201 10000 100 1048576 939490 276432 100154
0b010401 0b00d801 10000 100 20480 1200398 15907 13959
0b000301 0b00b901 10000 100 1048576 1120904 100301 100154
0b00ad01 0b006601 10000 100 10485760 98908 1128072 891367
0b00bc01 0b00d501 10000 100 1048576 1128841 100809 100154
0b00f101 0b011b01 10000 100 5120 1209877 23387 12672
0b00c701 0b003901 10000 100 102400 1184968 48332 20827
0b010701 0b00fd01 10000 100 1048576 1132032 103442 100154
0b00f001 0b002501 10000 100 5120 1222963 12736 12672
0b00a301 0b00da01 10000 100 10240 1221445 14433 13101
0b00c201 0b008c01 10000 100 51200 1223834 16583 16535
0b009301 0b002701 10000 100 51200 1223984 16520 16535
0b005601 0b003a01 10000 100 512000 1076913 166927 55166
0b010201 0b008601 10000 100 2097152 1056071 192815 188068
0b004201 0b012301 10000 100 2097152 1061232 188433 188068
0b00b001 0b005201 10000 100 102400 1206955 43448 20827
0b013c01 0b00a501 10000 100 2048 1239684 12510 12415
0b013501 0b00b701 10000 100 512000 1164185 88170 55166
0b010701 0b003a01 10000 100 51200 1223881 31509 16535
0b005601 0b000701 10000 100 1048576 1002115 257960 100154
0b00e101 0b006801 10000 100 204800 1186680 75755 29411
0b002901 0b00a901 10000 100 2097152 1076588 188429 188068
0b000b01 0b010301 10000 100 2097152 812692 452574 188068
0b010b01 0b012301 10000 100 102400 1251443 16806 16787
0b005c01 0b013f01 10000 100 5242880 363563 914552 451803
0b008301 0b002401 10000 100 204800 1254434 29424 29411
0b002301 0b00d301 10000 100 1024 1272684 12359 12329
0b00c801 0b005901 10000 100 2097152 1082375 204157 188068
0b00c601 0b002d01 10000 100 2097152 1095126 193194 188068
0b013001 0b007101 10000 100 10240 1275957 13825 13101
0b011b01 0b00cb01 10000 100 512000 1183039 107888 55166
0b007301 0b011b01 10000 100 20480 1265683 26060 13959
0b00c901 0b00a801 10000 100 102400 1261792 31627 20827
0b005601 0b004e01 10000 100 512000 1172440 127205 51126
0b009c01 0b010d01 10000 100 1048576 1107349 197760 100154
0b005401 0b011901 10000 100 1024 1284056 23547 12329
0b011b01 0b000801 10000 100 1048576 1124737 185318 100154
0b009b01 0b013e01 10000 100 512000 1197195 119571 55166
0b00c301 0b004a01 10000 100 51200 1304044 16734 16535
0b00f201 0b002001 10000 100 10240 1310109 13192 13101
0b001201 0b003701 10000 100 51200 1311829 12569 12495
0b010601 0b001001 10000 100 51200 1312011 16613 16535
0b00be01 0b007c01 10000 100 1024 1317992 12367 12329
0b004f01 0b00dd01 10000 100 5242880 696730 635925 451803
0b00d401 0b009801 10000 100 512000 1279579 57336 55166
0b004b01 0b006c01 10000 100 51200 1325322 14557 12495
0b00fd01 0b007101 10000 100 512000 1252379 98657 55166
0b00d301 0b011401 10000 100 10240 1332604 21916 13101
0b008201 0b004601 10000 100 10485760 224465 1132974 891367
0b013e01 0b00f901 10000 100 2097152 1121664 239156 188068
0b005601 0b007a01 10000 100 5242880 717618 643285 447763
0b007f01 0b00ad01 10000 100 102400 1336612 28860 20827
0b005a01 0b001601 10000 100 102400 1350768 20877 20827
0b006901 0b00ad01 10000 100 10485760 267377 1106660 891367
0b00f401 0b00dc01 10000 100 10485760 443556 934434 887327
0b013f01 0b007201 10000 100 2097152 1182188 201260 188068
0b005401 0b008101 10000 100 102400 1354525 31022 20827
0b00ec01 0b004901 10000 100 5242880 690581 697197 451803
0b007401 0b000701 10000 100 102400 1364144 29243 20827
0b002501 0b009c01 10000 100 10485760 471483 924810 891367
0b011201 0b000801 10000 100 5120 1385350 12680 12672
0b004b01 0b007a01 10000 100 10240 1390051 9633 9061
0b005b01 0b004d01 10000 100 512000 1314087 93119 51126
0b005201 0b002e01 10000 100 512000 1286845 120652 55166
0b00a001 0b009201 10000 100 102400 1394496 16965 16787
0b004101 0b011301 10000 100 10485760 240671 1172922 891367
0b009a01 0b002801 10000 100 1024 1406609 12307 12329
0b00b801 0b001901 10000 100 51200 1396866 24701 16535
0b002e01 0b00fd01 10000 100 204800 1375754 48387 29411
0b005801 0b004c01 10000 100 512000 1333301 95941 51126
0b003601 0b011701 10000 100 10485760 415135 1015248 891367
0b004f01 0b000d01 10000 100 5120 1404333 27351 12672
0b013b01 0b001301 10000 100 5120 1418765 13627 12672
0b011601 0b00c301 10000 100 10485760 354461 1079425 891367
0b008b01 0b001f01 10000 100 512000 1338557 101275 55166
0b013b01 0b00fc01 10000 100 1048576 1271187 169865 100154
0b007901 0b013101 10000 100 1048576 1255756 190114 100154
0b008c01 0b002b01 10000 100 512000 1388516 63020 55166
0b007901 0b011801 10000 100 5242880 889199 564928 451803
0b00e601 0b000301 10000 100 204800 1410814 46601 29411
0b007301 0b007701 10000 100 102400 1451665 19709 12747
0b003f01 0b004e01 10000 100 204800 1434072 37720 29411
0b002001 0b00da01 10000 100 1048576 1255142 218762 100154
0b000001 0b000c01 10000 100 5242880 779800 695599 443723
0b004201 0b000e01 10000 100 512000 1425430 56173 55166
0b00b901 0b012301 10000 100 1048576 1385167 100347 100154
0b001201 0b00e501 10000 100 10240 1473116 13865 13101
0b004b01 0b000101 10000 100 204800 1449704 41590 29411
0b00ba01 0b001301 10000 100 10240 1467427 23924 13101
0b000701 0b00ff01 10000 100 204800 1446831 46626 29411
0b001601 0b010f01 10000 100 10240 1483612 13739 13101
0b010f01 0b012901 10000 100 1024 1493542 8287 8289
0b000501 0b003301 10000 100 204800 1477877 25418 25371
0b006e01 0b011401 10000 100 204800 1438225 65967 29411
0b00ba01 0b010401 10000 100 204800 1436016 75343 29411
0b010b01 0b011301 10000 100 10240 1503727 9110 9061
0b00bb01 0b009901 10000 100 1048576 1320968 196058 96114
0b006f01 0b013b01 10000 100 204800 1499710 30964 29411
0b00c001 0b001f01 10000 100 5242880 1017649 516361 451803
0b00df01 0b002f01 10000 100 1048576 1435812 100300 100154
0b000101 0b011701 10000 100 204800 1506642 30103 29411
0b000201 0b013501 10000 100 51200 1520043 16860 16535
0b000801 0b011301 10000 100 51200 1514032 24522 16535
0b003901 0b00ec01 10000 100 20480 1526900 17259 13959
0b008201 0b005901 10000 100 5120 1536391 12651 12672
0b013d01 0b002501 10000 100 204800 1506691 43720 29411
0b00a101 0b00a901 10000 100 51200 1535361 15858 8455
0b008401 0b012601 10000 100 204800 1514635 39685 29411
0b009b01 0b00ff01 10000 100 1048576 1287018 267473 100154
0b007b01 0b004201 10000 100 1048576 1281215 274177 96114
0b005001 0b012601 10000 100 1048576 1381877 177011 100154
0b008001 0b013c01 10000 100 2048 1545457 13902 12415
0b002001 0b004c01 10000 100 1048576 1345838 217006 100154
0b013401 0b011601 10000 100 10485760 570411 994649 887327
0b009a01 0b00f001 10000 100 512000 1402583 164241 55166
0b00c101 0b007e01 10000 100 51200 1538050 29747 16535
0b001001 0b002401 10000 100 512000 1501037 67775 51126
0b005001 0b008901 10000 100 1048576 1397903 172378 100154
0b001801 0b00a001 10000 100 51200 1549856 20716 16535
0b011701 0b003301 10000 100 10240 1557266 14421 13101
0b011301 0b002a01 10000 100 204800 1488181 90331 29411
0b008901 0b012e01 10000 100 2048 1568970 12571 12415
0b00c301 0b002801 10000 100 102400 1563319 22440 20827
0b007301 0b013101 10000 100 1024 1573710 12338 12329
0b009b01 0b010701 10000 100 1048576 1299688 287948 100154
0b007f01 0b004901 10000 100 1048576 1489634 101568 96114
0b008a01 0b001501 10000 100 512000 1501528 98259 55166
0b004701 0b004001 10000 100 2097152 1228925 371711 179988
0b00cf01 0b012a01 10000 100 512000 1547514 55297 55166
0b000d01 0b011901 10000 100 10240 1583365 21775 13101
0b00c001 0b011f01 10000 100 102400 1576649 29815 20827
0b012601 0b006401 10000 100 5242880 1132252 482154 451803
0b002a01 0b00c201 10000 100 2097152 1330329 296383 188068
0b007401 0b003801 10000 100 2097152 1344177 282896 188068
0b00ae01 0b012601 10000 100 2048 1615174 12365 12415
0b013b01 0b007001 10000 100 1024 1621180 12353 12329
0b001201 0b00ec01 10000 100 51200 1628083 16549 16535
0b00f801 0b00c101 10000 100 2048 1638254 8336 8375
0b00d601 0b001801 10000 100 51200 1629858 16744 16535
0b004301 0b007b01 10000 100 5242880 727305 921218 447763
0b00f201 0b009901 10000 100 512000 1556964 91689 55166
0b00fa01 0b00d601 10000 100 1048576 1557528 100498 96114
0b000201 0b00eb01 10000 100 1048576 1554002 104521 100154
0b00f001 0b003601 10000 100 5120 1642109 17997 12672
0b010001 0b00a301 10000 100 2048 1655039 12952 12415
0b002f01 0b00d901 10000 100 20480 1656502 14052 13959
0b009001 0b00c801 10000 100 5120 1657751 12896 12672
0b002001 0b00aa01 10000 100 10485760 34467 1639543 891367
0b006d01 0b002001 10000 100 2097152 1458763 216035 188068
0b012d01 0b00a701 10000 100 10240 1659001 20113 13101
0b012f01 0b003001 10000 100 512000 1622858 57608 55166
0b00d601 0b00e001 10000 100 51200 1664445 16895 12495
0b00a301 0b00e401 10000 100 2048 1670049 12738 12415
0b00f601 0b008f01 10000 100 10485760 301472 1381704 891367
0b00b701 0b010701 10000 100 512000 1503465 179956 55166
0b007e01 0b013a01 10000 100 2097152 1304253 383961 188068
0b011701 0b00c401 10000 100 102400 1657739 35738 20827
0b013301 0b001f01 10000 100 5120 1681013 13843 12672
0b011601 0b004401 10000 100 2097152 1423954 272702 188068
0b005501 0b011901 10000 100 10240 1693059 14546 13101
0b006301 0b00b701 10000 100 1048576 1476707 231184 100154
0b009101 0b004101 10000 100 2097152 1266809 441688 188068
0b005e01 0b003301 10000 100 512000 1624447 91605 55166
0b003301 0b002901 10000 100 10240 1708717 12199 9061
0b011c01 0b002101 10000 100 102400 1692792 29683 20827
0b009a01 0b003201 10000 100 10485760 227421 1497170 891367
0b010001 0b003a01 10000 100 1024 1689984 43609 12329
0b004201 0b00f901 10000 100 20480 1725912 13949 13959
0b00b901 0b009301 10000 100 2048 1729360 15470 8375
0b009801 0b002a01 10000 100 10485760 101798 1643383 891367
0b00e901 0b00cf01 10000 100 512000 1651073 94113 51126
0b012c01 0b00e701 10000 100 102400 1720705 28431 20827
0b012601 0b007d01 10000 100 10240 1736862 13130 13101
0b007901 0b013501 10000 100 204800 1717963 35511 29411
0b007c01 0b009301 10000 100 2097152 1380446 374608 188068
0b00c101 0b008701 10000 100 2097152 1374821 382154 188068
0b00b301 0b006b01 10000 100 10485760 657319 1102258 891367
0b010201 0b00a001 10000 100 1048576 1570046 192091 100154
0b007a01 0b00a001 10000 100 204800 1686123 76584 29411
0b001001 0b00f801 10000 100 20480 1750552 13916 13959
0b012901 0b010a01 10000 100 204800 1739787 26193 25371
0b003901 0b002a01 10000 100 2097152 1415414 350765 184028
0b012201 0b001a01 10000 100 10240 1750735 16920 13101
0b011801 0b009a01 10000 100 20480 1754317 15576 13959
0b010c01 0b003001 10000 100 10240 1756937 13265 13101
0b003901 0b00a701 10000 100 20480 1757246 18929 13959
0b012501 0b000401 10000 100 102400 1751034 25230 20827
0b012a01 0b009501 10000 100 51200 1755510 20794 16535
0b013101 0b00e301 10000 100 10485760 635847 1158870 891367
0b003b01 0b003a01 10000 100 1048576 1579068 218386 92074
0b013e01 0b011f01 10000 100 5242880 1267986 531536 447763
0b001b01 0b00bd01 10000 100 51200 1783019 20783 16535
0b005f01 0b001701 10000 100 102400 1786882 20823 20827
0b009a01 0b004c01 10000 100 1048576 1592302 219974 100154
0b007c01 0b012701 10000 100 512000 1711704 108652 55166
0b005501 0b010701 10000 100 10485760 395847 1427046 891367
0b008601 0b00aa01 10000 100 10485760 317083 1521251 887327
0b007501 0b00f301 10000 100 512000 1767239 75301 55166
0b012a01 0b00de01 10000 100 2097152 1648427 194659 188068
0b011501 0b007501 10000 100 204800 1795256 49366 29411
0b00ef01 0b00c201 10000 100 5120 1836912 8576 8632
0b00bd01 0b012a01 10000 100 512000 1791835 57267 55166
0b010101 0b006501 10000 100 512000 1688767 165874 55166
0b007c01 0b00f601 10000 100 20480 1840209 15696 13959
0b00d601 0b001c01 10000 100 10240 1851715 13839 13101
0b005a01 0b00c301 10000 100 204800 1840417 29574 29411
0b000001 0b011701 10000 100 5120 1857750 13041 12672
0b00e001 0b011e01 10000 100 20480 1842932 29782 13959
0b00e201 0b000801 10000 100 51200 1816401 56497 16535
0b009d01 0b001601 10000 100 102400 1828175 47676 20827
0b005f01 0b00b701 10000 100 204800 1831034 46543 29411
0b00f701 0b00e001 10000 100 10485760 942020 944261 887327
0b007b01 0b003101 10000 100 5242880 924787 963219 451803
0b00e901 0b007301 10000 100 51200 1864105 27233 16535
0b00c201 0b011601 10000 100 204800 1875226 29507 29411
0b009201 0b010401 10000 100 102400 1874790 31061 20827
0b000001 0b004701 10000 100 5242880 994536 912654 451803
0b00ce01 0b003901 10000 100 2048 1904948 17152 12415
0b008501 0b007c01 10000 100 204800 1893869 29859 29411
0b00ba01 0b010701 10000 100 10240 1900343 24020 13101
0b008401 0b00d501 10000 100 51200 1910800 16609 16535
0b00ba01 0b00f201 10000 100 512000 1777055 156020 55166
0b004c01 0b006501 10000 100 204800 1891469 42520 25371
0b00ec01 0b012001 10000 100 51200 1915952 21665 16535
0b013201 0b005801 10000 100 102400 1903830 38784 20827
0b010e01 0b008901 10000 100 2097152 1754193 188421 188068
0b007c01 0b011c01 10000 100 102400 1927766 29016 20827
0b00f401 0b013001 10000 100 10240 1943903 13108 13101
0b003c01 0b00c001 10000 100 204800 1892880 64629 29411
0b000501 0b00ba01 10000 100 10240 1939657 18762 13101
0b00f101 0b00d301 10000 100 204800 1916114 44730 25371
0b004401 0b00a901 10000 100 102400 1943274 20897 20827
0b005501 0b00f801 10000 100 5120 1952762 12735 12672
0b012c01 0b003d01 10000 100 5120 1956081 12667 12672
0b00b101 0b013a01 10000 100 1048576 1775888 195093 100154
0b010701 0b00bb01 10000 100 1048576 1822690 152854 100154
0b005c01 0b00f001 10000 100 10485760 128172 1852053 891367
0b003301 0b00d001 10000 100 102400 1960523 30316 20827
0b005f01 0b010f01 10000 100 204800 1951300 43964 29411
0b008c01 0b007e01 10000 100 5242880 1533319 462730 451803
0b011401 0b004301 10000 100 1048576 1696327 304001 100154
0b001001 0b012401 10000 100 1048576 1859048 144718 100154
0b009b01 0b003801 10000 100 10485760 573572 1432680 891367
0b009a01 0b00f101 10000 100 5242880 1288358 720091 451803
0b001401 0b007901 10000 100 10240 1994233 14656 13101
0b010301 0b005801 10000 100 10485760 468030 1545225 891367
0b001501 0b011c01 10000 100 2097152 1468693 546950 188068
0b001501 0b006101 10000 100 51200 1978469 38878 16535
0b005801 0b00aa01 10000 100 1048576 1839614 189905 100154
0b013701 0b012b01 10000 100 20000000 338110 1700040 1685000
0b00e001 0b00aa01 10000 100 102400 2022060 21251 20827
0b006601 0b00ba01 10000 100 5242880 820542 1225529 451803
0b00aa01 0b002c01 10000 100 10485760 450260 1595833 891367
0b00f001 0b004e01 10000 100 5242880 1351009 697489 451803
0b001801 0b009901 10000 100 512000 1935014 115454 55166
0b002501 0b007201 10000 100 1024 2038981 12345 12329
0b00b301 0b009401 10000 100 2097152 1823495 229377 184028
0b00bb01 0b010401 10000 100 1048576 1862123 199730 100154
0b010a01 0b012d01 10000 100 5242880 732952 1330142 447763
0b003501 0b00c701 10000 100 20000000 271151 1791970 1689040
0b009901 0b00d401 10000 100 2048 2038084 28281 12415
0b00fd01 0b00bf01 10000 100 204800 2002514 63861 29411
0b013301 0b00d601 10000 100 20480 2050181 16519 13959
0b002401 0b003701 10000 100 204800 2030882 36575 25371
0b004301 0b009601 10000 100 20480 2046879 24541 13959
0b008001 0b00a601 10000 100 10485760 775261 1298366 887327
0b008d01 0b013201 10000 100 2048 2062783 12461 12415
0b002401 0b00f001 10000 100 20480 2061075 14275 13959
0b013901 0b005801 10000 100 10240 2052613 27367 13101
0b003901 0b00c201 10000 100 51200 2059806 21505 16535
0b005701 0b00d401 10000 100 102400 2062613 29236 20827
0b005d01 0b002301 10000 100 51200 2063192 36680 16535
0b009501 0b00e501 10000 100 51200 2076735 25105 16535
0b007b01 0b011f01 10000 100 1048576 1956249 148883 100154
0b011701 0b004701 10000 100 51200 2086639 25702 16535
0b00b801 0b00f001 10000 100 51200 2092612 22056 16535
0b010301 0b004401 10000 100 102400 2085750 29233 20827
0b006b01 0b008601 10000 100 1048576 1992813 126647 100154
0b00e401 0b00b401 10000 100 10240 2108286 14061 13101
0b002b01 0b009b01 10000 100 51200 2102254 20846 16535
0b007501 0b012f01 10000 100 5120 2110850 12631 12672
0b003d01 0b013301 10000 100 10485760 1192230 934153 891367
0b009401 0b011401 10000 100 10485760 541736 1587645 891367
0b000901 0b009601 10000 100 204800 2032547 98327 29411
0b011c01 0b007a01 10000 100 2048 2132619 12522 12415
0b000c01 0b009d01 10000 100 51200 2125432 21185 16535
0b00b801 0b003701 10000 100 204800 2098889 48656 29411
0b00c901 0b00a501 10000 100 20000000 185204 1963902 1689040
0b011101 0b001801 10000 100 2048 2144388 12617 12415
0b009d01 0b007b01 10000 100 5242880 762665 1403707 451803
0b006401 0b00b401 10000 100 20480 2150533 17320 13959
0b003601 0b00f901 10000 100 20480 2158833 13957 13959
0b008201 0b007501 10000 100 512000 2117793 55276 55166
0b010401 0b005801 10000 100 1048576 1971922 201911 100154
0b004301 0b00fb01 10000 100 512000 2033581 143591 55166
0b001901 0b000401 10000 100 512000 2098252 79015 51126
0b005201 0b00a401 10000 100 2097152 1688066 490673 188068
0b00a201 0b00c501 10000 100 102400 2159415 21117 20827
0b005b01 0b004901 10000 100 204800 2106848 77995 25371
0b008901 0b009e01 10000 100 512000 2110157 81160 51126
0b011501 0b00d801 10000 100 5242880 1298724 894350 451803
0b00e401 0b00fa01 10000 100 20000000 314831 1879732 1685000
0b004101 0b002c01 10000 100 51200 2177721 20660 16535
0b004301 0b007b01 10001 100 5242880 1239925 959831 447763
0b006d01 0b009a01 10000 100 2097152 1935882 267948 188068
0b011c01 0b00de01 10000 100 5120 2201541 13062 12672
0b000801 0b012a01 10000 100 204800 2185601 29847 29411
0b00c301 0b011301 10000 100 51200 2193890 26364 16535
0b002501 0b00a801 10000 100 51200 2203030 21474 16535
0b006001 0b013d01 10000 100 5242880 1716394 515439 451803
0b000c01 0b003901 10000 100 20000000 512661 1719996 1685000
0b000e01 0b007e01 10000 100 20480 2215508 17232 13959
0b009f01 0b005d01 10000 100 10485760 497748 1740672 891367
0b00e501 0b011501 10000 100 20000000 512229 1732992 1689040
0b004a01 0b00e201 10000 100 51200 2185943 62083 16535
0b008701 0b00fc01 10000 100 512000 2173580 74975 55166
0b00ba01 0b00bb01 10000 100 5242880 1266331 985462 443723
0b008001 0b00e201 10001 100 204800 2118787 136516 29411
0b006001 0b012a01 10000 100 10240 2242724 13082 13101
0b000d01 0b013601 10000 100 204800 2156780 101668 29411
0b004c01 0b008701 10000 100 10485760 1141541 1121929 891367
0b011401 0b00e301 10000 100 1024 2256538 12475 12329
0b013801 0b001c01 10000 100 10485760 1375946 893902 891367
0b00e101 0b00b801 10000 100 512000 2043983 227045 55166
0b00c901 0b000501 10000 100 51200 2242843 30287 16535
0b00a601 0b00bb01 10000 100 102400 2261054 21268 16787
0b002501 0b008e01 10000 100 102400 2258033 26102 20827
0b00b901 0b011901 10000 100 51200 2265781 18714 16535
0b007201 0b00e801 10000 100 5120 2275159 12862 12672
0b009b01 0b009501 10000 100 204800 2268862 22204 21331
0b010001 0b007c01 10000 100 512000 2148465 144896 55166
0b000001 0b000f01 10000 100 5120 2276712 16752 4592
0b00e301 0b00ff01 10000 100 1048576 2198444 96269 96114
0b007301 0b004001 10000 100 10485760 1090107 1207008 887327
0b010201 0b012c01 10000 100 5120 2292442 8579 8632
0b010301 0b003b01 10000 100 20480 2294115 15823 13959
0b00d901 0b012e01 10000 100 20000000 611169 1703844 1689040
0b008501 0b002801 10000 100 204800 2284950 30163 29411
0b000101 0b004f01 10000 100 20480 2285491 30874 13959
0b008401 0b00a601 10000 100 10240 2307748 9432 9061
0b013b01 0b004201 10000 100 102400 2290120 30313 20827
0b006d01 0b00fc01 10000 100 5120 2308170 13028 12672
0b001f01 0b002f01 10000 100 2097152 1968882 353506 184028
0b001701 0b012301 10000 100 51200 2289007 33491 16535
0b004901 0b009b01 10000 100 5120 2307221 16922 12672
0b008001 0b010601 10000 100 5120 2304398 27145 12672
0b003201 0b007a01 10000 100 51200 2298143 35325 16535
0b00f401 0b006601 10000 100 512000 2239477 98015 55166
0b00a201 0b00fe01 10000 100 102400 2317506 20849 20827
0b011e01 0b012701 10000 100 2097152 2146980 192869 184028
0b008301 0b00df01 10000 100 1024 2290251 50791 12329
0b00d401 0b00d901 10000 100 1048576 2250249 94878 92074
0b002d01 0b006501 10000 100 10240 2332168 13627 13101
0b00a701 0b00be01 10000 100 512000 2297524 51224 51126
0b00e701 0b000801 10000 100 1024 2339247 13529 12329
0b00a801 0b00e401 10000 100 20480 2335971 17586 13959
0b011a01 0b005801 10000 100 10485760 712472 1646431 891367
0b013301 0b00e401 10000 100 20000000 245821 2113243 1689040
0b004b01 0b00f001 10000 100 51200 2343483 19712 16535
0b000301 0b001701 10000 100 2097152 2053039 325817 184028
0b011b01 0b00cd01 10000 100 5120 2361316 18376 12672
0b007d01 0b00db01 10000 100 20000000 652510 1727787 1689040
0b007001 0b007801 10000 100 20000000 475118 1911238 1680960
0b003401 0b00c201 10000 100 512000 2280997 106615 55166
0b00b201 0b002901 10000 100 2048 2377864 12468 12415
0b003201 0b009201 10000 100 51200 2359798 35534 16535
0b011601 0b005401 10000 100 512000 2294711 106812 55166
0b007a01 0b00e701 10000 100 20000000 277965 2135965 1689040
0b00d001 0b009d01 10000 100 5242880 1626712 794917 451803
0b009401 0b001301 10000 100 2097152 2186430 242204 188068
0b00ba01 0b00bf01 10000 100 10485760 949742 1481684 883287
0b00b701 0b006101 10000 100 10485760 976225 1466400 891367
0b00ed01 0b002801 10000 100 512000 2347570 100234 55166
0b004e01 0b010001 10000 100 1048576 2185639 281332 100154
0b00d501 0b013a01 10000 100 10485760 1202205 1266381 891367
0b009c01 0b010301 10000 100 1048576 2287461 188291 100154
0b012501 0b00bc01 10000 100 1048576 2226977 254206 100154
0b00cb01 0b004401 10000 100 512000 2347984 145566 55166
0b003301 0b004e01 10000 100 5242880 1909775 591433 451803
0b011f01 0b012501 10000 100 2097152 2320885 192498 184028
0b000801 0b004601 10000 100 512000 2374876 139753 55166
0b00e101 0b011101 10000 100 2097152 1762064 759813 188068
0b00e201 0b00f001 10000 100 10485760 79362 2445012 887327
0b009801 0b007101 10000 100 10485760 785121 1739786 891367
0b002901 0b003f01 10000 100 5242880 1908956 619852 447763
0b002d01 0b007801 10000 100 2097152 2137665 397415 188068
0b007c01 0b00d801 10000 100 20000000 404406 2135404 1689040
0b002901 0b009e01 10000 100 2097152 2181972 359932 188068
0b006c01 0b003701 10000 100 2097152 2154484 392771 188068
0b00b401 0b00a301 10000 100 5242880 2087028 464229 447763
0b00c601 0b012201 10000 100 2097152 1637292 926769 188068
0b00a701 0b004601 10000 100 1048576 2358681 214044 100154
0b00b101 0b005601 10000 100 1048576 2309720 268096 100154
0b012501 0b009b01 10000 100 5242880 2014576 565649 451803
0b010e01 0b002601 10000 100 2097152 2113705 467830 188068
0b001301 0b011401 10000 100 10485760 1254789 1330919 891367
0b00b001 0b005d01 10000 100 10485760 780580 1808204 891367
0b002801 0b011301 10000 100 5242880 2114715 478423 451803
0b001001 0b003101 10000 100 2097152 2233343 360372 184028
0b00a301 0b013401 10000 100 20000000 300010 2295673 1689040
0b010101 0b002001 10000 100 1048576 2294023 311410 100154
0b001e01 0b006801 10000 100 5242880 1095803 1510586 451803
0b008a01 0b011b01 10000 100 20000000 474901 2138508 1689040
0b011901 0b000601 10000 100 20000000 350466 2268374 1689040
0b002d01 0b00f301 10000 100 2097152 2368340 263588 188068
0b002101 0b007f01 10000 100 2097152 2096376 548031 188068
0b005e01 0b003201 10000 100 10485760 694070 1959663 891367
0b010001 0b003701 10000 100 2097152 2011206 647173 188068
0b011601 0b002301 10000 100 1048576 2288203 380850 100154
0b008901 0b002e01 10000 100 2097152 2200492 472767 188068
0b007601 0b001601 10000 100 5242880 2223072 452677 451803
0b00ca01 0b009f01 10000 100 5242880 2011375 671553 451803
0b00bc01 0b000d01 10000 100 1048576 2346897 341692 100154
0b011101 0b012101 10000 100 20000000 957475 1748446 1685000
0b00bb01 0b00c901 10000 100 20000000 293175 2414535 1689040
0b00d101 0b004501 10000 100 10485760 1087559 1628569 891367
0b000901 0b003a01 10000 100 5242880 1126086 1591666 447763
0b00fd01 0b012901 10000 100 5242880 1811562 910089 451803
0b00a501 0b002601 10000 100 2097152 2258748 470550 188068
0b004a01 0b007301 10000 100 10485760 1820035 913522 887327
0b00c801 0b00cf01 10000 100 10485760 1860691 884897 883287
0b00cd01 0b00e401 10000 100 1048576 2377385 368921 96114
0b00a801 0b007f01 10000 100 20000000 801593 1947796 1689040
0b000b01 0b003601 10000 100 20000000 541723 2217052 1685000
0b00ed01 0b004701 10000 100 10485760 1453939 1307767 891367
0b002c01 0b005601 10000 100 2097152 2316134 452143 188068
0b00bf01 0b013901 10000 100 20000000 907662 1873450 1689040
0b00e801 0b00dc01 10000 100 10485760 1878076 924982 887327
0b009501 0b013f01 10000 100 10485760 871070 1948761 891367
0b012a01 0b00c901 10001 100 5242880 2044746 779126 451803
0b003101 0b00e201 10000 100 2097152 2290740 542241 188068
0b00e601 0b002601 10000 100 20000000 567402 2273797 1689040
0b009d01 0b012901 10000 100 5242880 1519144 1333671 451803
0b006701 0b010001 10000 100 20000000 348200 2505738 1689040
0b005601 0b010401 10000 100 5242880 2136362 726414 451803
0b011701 0b004d01 10000 100 20000000 756115 2121120 1689040
0b001b01 0b00b201 10000 100 20000000 166785 2717414 1689040
0b006401 0b008001 10000 100 2097152 2311745 573922 188068
0b010601 0b000f01 10000 100 10485760 1121552 1782846 891367
0b010a01 0b013801 10000 100 2097152 2241727 666578 184028
0b009c01 0b010c01 10000 100 20000000 1053775 1883813 1689040
0b006601 0b009e01 10000 100 10485760 794602 2147907 891367
0b002201 0b00d001 10000 100 20000000 627408 2324688 1689040
0b00d001 0b000101 10000 100 5242880 2012078 947855 451803
0b003401 0b000a01 10000 100 20000000 1171984 1806958 1685000
0b00b601 0b005101 10000 100 10485760 884562 2098567 891367
0b001b01 0b011601 10000 100 5242880 2223797 776643 451803
0b005501 0b00e201 10000 100 5242880 1519064 1483012 451803
0b00b301 0b007d01 10000 100 10485760 2098450 904506 891367
0b005901 0b00a401 10000 100 20000000 464490 2569076 1689040
0b00b601 0b00c401 10000 100 20000000 470591 2586301 1689040
0b011c01 0b006801 10000 100 20000000 794704 2264962 1689040
0b00f501 0b00fb01 10000 100 20000000 1295923 1786833 1680960
0b00db01 0b00c301 10000 100 10485760 2171240 927068 887327
0b010a01 0b003c01 10000 100 10485760 526221 2574686 891367
0b003201 0b008d01 10000 100 10485760 1734976 1369817 891367
0b00b801 0b002e01 10000 100 20000000 525877 2598204 1689040
0b00c101 0b00a001 10000 100 20000000 569867 2566048 1689040
0b001001 0b00f201 10000 100 10485760 2071866 1082603 891367
0b007801 0b00f501 10000 100 20000000 47972 3132410 1689040
0b012801 0b010f01 10000 100 20000000 83905 3102354 1685000
0b001f01 0b008001 10000 100 20000000 538203 2664388 1689040
0b007f01 0b004801 10000 100 5242880 1881141 1327948 447763
0b010d01 0b004001 10000 100 5242880 1947940 1274230 451803
0b009701 0b003401 10000 100 5242880 1894342 1339683 451803
0b009f01 0b006601 10000 100 20000000 719683 2524570 1689040
0b00af01 0b004101 10000 100 20000000 1342901 1917482 1689040
0b00bd01 0b013d01 10000 100 10485760 2359700 908055 891367
0b006201 0b00e201 10000 100 20000000 131446 3165592 1689040
0b00e701 0b013b01 10000 100 20000000 1516142 1791850 1689040
0b011001 0b002001 10000 100 10485760 1922211 1387399 891367
0b00cb01 0b00bc01 10000 100 2097152 2158899 1150911 188068
0b010d01 0b004a01 10000 100 5242880 2056768 1258317 451803
0b011b01 0b010001 10000 100 10485760 1940164 1382927 887327
0b010601 0b005601 10000 100 10485760 1901677 1425121 891367
0b006601 0b004301 10000 100 10485760 1303274 2024637 887327
0b008901 0b00bc01 10000 100 10485760 2139461 1197583 887327
0b000101 0b005101 10000 100 5242880 1967553 1379576 451803
0b00cd01 0b011901 10000 100 20000000 357621 3017531 1689040
0b00fb01 0b003701 10000 100 10485760 2219731 1173551 891367
0b010501 0b00a101 10000 100 20000000 115563 3330072 1689040
0b011301 0b000001 10000 100 20000000 445009 3033850 1689040
0b000101 0b008e01 10000 100 10485760 1962568 1545833 891367
0b007b01 0b002e01 10000 100 10485760 849971 2689984 891367
0b013c01 0b004801 10000 100 10485760 1361868 2195770 891367
0b004d01 0b008801 10000 100 10485760 797404 2771453 891367
0b00c101 0b009801 10000 100 10485760 1809080 1794416 891367
0b001501 0b00cd01 10000 100 20000000 183837 3428357 1689040
0b006401 0b001901 10000 100 20000000 905458 2729078 1689040
0b004d01 0b005401 10000 100 10485760 854041 2783842 887327
0b00cd01 0b006f01 10000 100 10485760 1440209 2221665 891367
0b00c301 0b008301 10000 100 5242880 2009822 1673998 451803
0b004d01 0b00ef01 10000 100 5242880 1987197 1697663 451803
0b011001 0b00db01 10000 100 10485760 2309816 1386855 891367
0b000701 0b012201 10000 100 20000000 1157966 2542855 1689040
0b007e01 0b013701 10000 100 20000000 1926221 1782248 1689040
0b00a601 0b005101 10000 100 20000000 550161 3161545 1689040
0b003c01 0b005301 10000 100 20000000 1149864 2570568 1689040
0b009601 0b009001 10000 100 10485760 1340459 2380287 883287
0b004b01 0b003201 10000 100 20000000 1147257 2580469 1689040
0b008001 0b00e201 10000 100 2097152 1610515 2127588 188068
0b001501 0b000101 10000 100 20000000 321356 3417899 1685000
0b003701 0b005401 10000 100 20000000 1245809 2507500 1689040
0b001801 0b00a101 10000 100 20000000 1375188 2383599 1689040
0b00f601 0b003a01 10000 100 20000000 683031 3084585 1689040
0b006401 0b009201 10000 100 10485760 1950611 1820512 891367
0b006101 0b00ee01 10000 100 20000000 1975937 1836717 1689040
0b005d01 0b00f901 10000 100 20000000 2035243 1781890 1689040
0b010501 0b006301 10000 100 10485760 1360771 2462412 891367
0b00ac01 0b005901 10000 100 10485760 2055856 1792872 891367
0b000501 0b008801 10000 100 5242880 2275201 1611332 451803
0b003e01 0b000601 10000 100 20000000 1862743 2032364 1685000
0b005701 0b004501 10000 100 20000000 1815456 2084246 1685000
0b002101 0b00ba01 10000 100 20000000 700421 3205510 1689040
0b013b01 0b00a901 10000 100 20000000 2118132 1790577 1689040
0b006d01 0b001701 10000 100 20000000 2030723 1878683 1689040
0b011301 0b004301 10000 100 20000000 871784 3059896 1689040
0b00e901 0b008801 10000 100 10485760 1588145 2429157 891367
0b00fd01 0b00cc01 10000 100 20000000 865043 3153581 1685000
0b012101 0b005b01 10000 100 20000000 2147390 1876503 1689040
0b00eb01 0b003001 10000 100 20000000 2283479 1764321 1689040
0b00c701 0b008301 10000 100 5242880 2189084 1859958 451803
0b013601 0b001d01 10000 100 10485760 2223264 1834495 891367
0b000a01 0b008601 10000 100 20000000 2350824 1718200 1689040
0b009d01 0b00c601 10000 100 20000000 485537 3590083 1689040
0b003a01 0b001a01 10000 100 20000000 1475287 2611742 1685000
0b013501 0b00b001 10000 100 20000000 2326687 1772341 1689040
0b009d01 0b005901 10000 100 10485760 2144141 1971464 891367
0b000d01 0b011401 10000 100 5242880 2338724 1808694 451803
0b00ca01 0b010101 10000 100 20000000 339116 3809357 1689040
0b00ac01 0b009901 10000 100 20000000 1104759 3048573 1685000
0b010301 0b009801 10000 100 20000000 1403841 2792036 1689040
0b00c701 0b00e801 10000 100 20000000 311926 3921572 1685000
0b008001 0b002b01 10000 100 20000000 1416181 2835054 1689040
0b005c01 0b00a801 10000 100 20000000 1165760 3089157 1689040
0b00f201 0b008001 10000 100 20000000 1618152 2644739 1689040
0b00e101 0b00a401 10000 100 10485760 1395806 2873688 891367
0b013601 0b000f01 10000 100 20000000 1070828 3212044 1689040
0b004701 0b003401 10000 100 20000000 2297286 2055342 1689040
0b010101 0b00da01 10000 100 20000000 307281 4045384 1689040
0b009601 0b012401 10000 100 20000000 867023 3513298 1689040
0b009001 0b004801 10000 100 20000000 1373829 3022726 1689040
0b003b01 0b008301 10000 100 10485760 1767015 2641780 891367
0b007801 0b002501 10000 100 20000000 2310968 2127882 1689040
0b003b01 0b013601 10000 100 20000000 1907424 2546197 1689040
0b010a01 0b004701 10000 100 10485760 2380478 2096372 891367
0b000e01 0b00cc01 10000 100 20000000 954126 3536741 1689040
0b00e101 0b006101 10000 100 20000000 181952 4325553 1689040
0b00e201 0b012001 10000 100 20000000 782917 3726912 1689040
0b002301 0b00aa01 10000 100 10485760 2292441 2222992 891367
0b010a01 0b00b201 10000 100 20000000 456654 4097139 1689040
0b010501 0b00b701 10000 100 20000000 854062 3784385 1689040
0b010101 0b000201 10000 100 5242880 2117889 2532048 451803
0b003a01 0b002301 10000 100 10485760 1804559 2847333 887327
0b004601 0b012d01 10000 100 20000000 1401834 3267616 1689040
0b00e101 0b00f501 10000 100 20000000 277348 4395625 1685000
0b002101 0b001401 10000 100 20000000 1916100 2765075 1685000
0b000c01 0b012201 10000 100 20000000 2336107 2389255 1689040
0b001d01 0b003501 10000 100 20000000 1429579 3299788 1685000
0b000e01 0b00e001 10000 100 20000000 1756413 3006130 1689040
0b004d01 0b012301 10000 100 20000000 1545102 3236860 1689040
0b012701 0b00c001 10000 100 20000000 1418533 3381417 1689040
0b012701 0b000401 10000 100 20000000 1417414 3382620 1689040
0b000901 0b008801 10000 100 10485760 1714697 3116121 891367
0b001d01 0b003b01 10000 100 20000000 1539819 3299840 1685000
0b009501 0b007901 10000 100 20000000 1355738 3564056 1689040
0b00c701 0b00ac01 10000 100 10485760 2199927 2740143 891367
0b002201 0b007901 10000 100 20000000 1685588 3296364 1689040
0b009701 0b004601 10000 100 20000000 1235189 3800516 1689040
0b009701 0b00f601 10000 100 20000000 1276156 3786147 1689040
0b004601 0b009001 10000 100 20000000 1970350 3093382 1689040
0b002e01 0b000201 10000 100 20000000 1497812 3608763 1685000
0b009601 0b00d601 10000 100 20000000 1874804 3246127 1689040
0b00c701 0b00fc01 10000 100 20000000 911061 4232916 1685000
0b000901 0b013101 10000 100 20000000 541509 4646359 1689040
0b006701 0b008301 10000 100 20000000 1704928 3486729 1689040
0b00c601 0b00cb01 10000 100 10485760 1472559 3728232 883287
0b010d01 0b001e01 10000 100 20000000 405427 4808622 1689040
0b00b001 0b00b101 10000 100 20000000 2151510 3093966 1680960
0b00f101 0b00a601 10000 100 20000000 1906621 3346361 1689040
0b00b001 0b010101 10000 100 20000000 886191 4391313 1689040
0b00f101 0b011e01 10000 100 20000000 1983771 3321123 1689040
0b00c501 0b000201 10000 100 20000000 1729234 3590183 1689040
0b011701 0b00e201 10000 100 20000000 1487947 3862919 1689040
0b009501 0b00f001 10000 100 20000000 2285697 3083290 1689040
0b005101 0b005c01 10000 100 20000000 2041436 3348313 1680960
0b012801 0b001e01 10000 100 20000000 500089 4920012 1689040
0b00dc01 0b009901 10000 100 20000000 2013861 3422350 1689040
0b00cd01 0b013101 10000 100 20000000 2312086 3138450 1689040
0b00dc01 0b00ed01 10000 100 20000000 2133039 3338524 1685000
0b00d101 0b001e01 10000 100 20000000 630997 4849332 1689040
0b000901 0b011b01 10000 100 20000000 1117259 4383915 1689040
0b00f701 0b002301 10000 100 10485760 2302406 3251451 891367
0b009201 0b005c01 10000 100 20000000 2219070 3342347 1689040
0b00ec01 0b00cb01 10000 100 20000000 1644075 4007110 1685000
0b012401 0b002301 10000 100 20000000 2355199 3399456 1689040
0b006a01 0b00cb01 10000 100 20000000 1503793 4252042 1689040
0b011801 0b000d01 10000 100 20000000 933181 4823402 1689040
0b000b01 0b010f01 10000 100 20000000 2092231 3671625 1689040
0b003001 0b010f01 10000 100 20000000 2364950 3542397 1689040
0b00f601 0b000d01 10000 100 20000000 1969067 4017183 1689040
0b013a01 0b00b401 10000 100 20000000 1276346 4786201 1689040
0b013a01 0b00b701 10000 100 20000000 1254473 4887202 1689040
0b003c01 0b000d01 10000 100 20000000 1237318 5003660 1685000
0b005b01 0b003301 10000 100 20000000 1651354 4709039 1689040
0b013a01 0b012001 10000 100 20000000 1910250 4495341 1685000
0b005b01 0b010101 10000 100 20000000 1342923 5105502 1689040
0b005b01 0b010d01 10000 100 20000000 2095024 4603721 1689040
0b00c601 0b001301 10000 100 20000000 1297139 5814300 1689040
0b000d01 0b002301 10000 100 20000000 508761 6878233 1685000
0b00c601 0b005a01 10000 100 20000000 1444261 5953534 1689040
0b00c601 0b009401 10000 100 20000000 1630174 5832721 1689040
