0b00ac01 0b000101 10000 100 207175 4637292 426219 425612
0b001001 0b000101 10000 100 131244 4684762 415568 415206
0b00eb01 0b000101 10000 100 662275 6241308 465812 463767
0b007d01 0b000101 10000 100 334053 6976895 437258 436250
0b011101 0b000101 10000 100 42857966 8170125 4331013 4001452
0b005101 0b000101 10000 100 832052 21130719 619405 478002
0b00d601 0b000101 10000 100 331148 22460451 464032 436006
0b00ba01 0b000101 10000 100 31831063 18509048 6381679 3076959
0b00c101 0b000101 10000 100 182627 27602031 764064 423552
0b011701 0b000101 10000 100 191161 29524626 748863 424270
0b007701 0b000101 10000 100 629903 30100935 548386 461051
0b011f01 0b000101 10000 100 308496 35800981 448282 434106
0b003901 0b000101 10000 100 126225 37077525 543946 414785
0b003401 0b000101 10000 100 809570 37033387 616237 472076
0b002301 0b000101 10000 100 16150444 33063165 4921337 1758255
0b013501 0b000101 10000 100 377370 40356414 470109 439881
0b011d01 0b000101 10000 100 39476249 34230713 6874150 3717931
0b003101 0b000101 10000 100 476417 42374717 471344 444145
0b008e01 0b000101 10000 100 948749 43465016 792232 487784
0b004f01 0b000101 10000 100 325772 47860654 458288 435553
0b00c201 0b000101 10000 100 46231783 49476168 8377699 4284313
0b009401 0b000101 10000 100 20709497 42765886 16015317 2144526
0b00ff01 0b000101 10000 100 63100814 44234158 20158073 5698612
0b00ea01 0b000101 10000 100 29175900 13244007 54567480 2854347
0b001c01 0b000101 10000 100 40742311 41090130 28902699 3820038
0b003301 0b000101 10000 100 61019678 13898680 57341787 5520091
0b006c01 0b000101 10000 100 86125617 43818381 28942936 7629013
0b013c01 0b000101 10000 100 58537831 28867606 53885339 5316052
0b00a101 0b000101 10000 100 63843426 13387044 73965021 5760875
0b002401 0b000101 10000 100 91756179 31748914 57728209 8097041
0b007e01 0b000101 10000 100 85345555 26948863 66616719 7563613
0b006b01 0b000101 10000 100 99949389 13348890 81332254 8787999
