0b000401 0b000101 10000 1000 65536 20000000 171261 15896
0b000501 0b000101 10000 1100 65536 20000000 171308 15896
0b000601 0b000101 10000 1200 65536 20000000 171355 15896
0b000701 0b000101 10000 1300 65536 20000000 171404 15896
0b000801 0b000101 10000 1400 65536 20000000 171607 15896
0b000901 0b000101 10000 1500 65536 20000000 171656 15896
0b000a01 0b000101 10000 1600 65536 20000000 171701 15896
0b000b01 0b000101 10000 1700 65536 20000000 171748 15896
0b000c01 0b000101 10000 1800 65536 20000000 171795 15896
0b000d01 0b000101 10000 1900 65536 20000000 171842 15896
0b000e01 0b000101 10000 2000 65536 20000000 171889 15896
0b000f01 0b000101 10000 2100 65536 20000000 171936 15896
0b001001 0b000101 10000 2200 65536 20000000 171983 15896
0b001101 0b000101 10000 2300 65536 20000000 172114 15896
0b001201 0b000101 10000 2400 65536 20000000 172161 15896
0b001301 0b000101 10000 2500 65536 20000000 172208 15896
0b001401 0b000101 10000 2600 65536 20000000 172255 15896
0b001501 0b000101 10000 2700 65536 20000000 172302 15896
0b001601 0b000101 10000 2800 65536 20000000 172349 15896
0b001701 0b000101 10000 2900 65536 20000000 172396 15896
0b000401 0b000101 10001 1001 65536 20500000 152447 15896
0b000501 0b000101 10001 1101 65536 20500000 152494 15896
0b000601 0b000101 10001 1201 65536 20500000 152541 15896
0b000701 0b000101 10001 1301 65536 20500000 152588 15896
0b000801 0b000101 10001 1401 65536 20500000 152635 15896
0b000901 0b000101 10001 1501 65536 20500000 152682 15896
0b000a01 0b000101 10001 1601 65536 20500000 152813 15896
0b000b01 0b000101 10001 1701 65536 20500000 152860 15896
0b000c01 0b000101 10001 1801 65536 20500000 152907 15896
0b000d01 0b000101 10001 1901 65536 20500000 152954 15896
0b000e01 0b000101 10001 2001 65536 20500000 153001 15896
0b000f01 0b000101 10001 2101 65536 20500000 153048 15896
0b001001 0b000101 10001 2201 65536 20500000 153095 15896
0b001101 0b000101 10001 2301 65536 20500000 153142 15896
0b001201 0b000101 10001 2401 65536 20500000 153189 15896
0b001301 0b000101 10001 2501 65536 20500000 153236 15896
0b001401 0b000101 10001 2601 65536 20500000 153367 15896
0b001501 0b000101 10001 2701 65536 20500000 153414 15896
0b001601 0b000101 10001 2801 65536 20500000 153461 15896
0b001701 0b000101 10001 2901 65536 20500000 153508 15896
0b000401 0b000101 10002 1002 65536 21000000 154131 15896
0b000501 0b000101 10002 1102 65536 21000000 154178 15896
0b000601 0b000101 10002 1202 65536 21000000 154225 15896
0b000701 0b000101 10002 1302 65536 21000000 154272 15896
0b000801 0b000101 10002 1402 65536 21000000 154319 15896
0b000901 0b000101 10002 1502 65536 21000000 154366 15896
0b000a01 0b000101 10002 1602 65536 21000000 154413 15896
0b000b01 0b000101 10002 1702 65536 21000000 154460 15896
0b000c01 0b000101 10002 1802 65536 21000000 154507 15896
0b000d01 0b000101 10002 1902 65536 21000000 154638 15896
0b000e01 0b000101 10002 2002 65536 21000000 154685 15896
0b000f01 0b000101 10002 2102 65536 21000000 154732 15896
0b001001 0b000101 10002 2202 65536 21000000 154779 15896
0b001101 0b000101 10002 2302 65536 21000000 154826 15896
0b001201 0b000101 10002 2402 65536 21000000 154873 15896
0b001301 0b000101 10002 2502 65536 21000000 154920 15896
0b001401 0b000101 10002 2602 65536 21000000 154967 15896
0b001501 0b000101 10002 2702 65536 21000000 155014 15896
0b001601 0b000101 10002 2802 65536 21000000 155061 15896
0b001701 0b000101 10002 2902 65536 21000000 155108 15896
0b000401 0b000101 10003 1003 65536 21499999 155723 15896
0b000501 0b000101 10003 1103 65536 21499999 155770 15896
0b000601 0b000101 10003 1203 65536 21499999 155817 15896
0b000701 0b000101 10003 1303 65536 21499999 155864 15896
0b000801 0b000101 10003 1403 65536 21499999 155911 15896
0b000901 0b000101 10003 1503 65536 21499999 155958 15896
0b000a01 0b000101 10003 1603 65536 21499999 156005 15896
0b000b01 0b000101 10003 1703 65536 21499999 156052 15896
0b000c01 0b000101 10003 1803 65536 21499999 156099 15896
0b000d01 0b000101 10003 1903 65536 21499999 156146 15896
0b000e01 0b000101 10003 2003 65536 21499999 156193 15896
0b000f01 0b000101 10003 2103 65536 21499999 156324 15896
0b001001 0b000101 10003 2203 65536 21499999 156371 15896
0b001101 0b000101 10003 2303 65536 21499999 156418 15896
0b001201 0b000101 10003 2403 65536 21499999 156465 15896
0b001301 0b000101 10003 2503 65536 21499999 156512 15896
0b001401 0b000101 10003 2603 65536 21499999 156559 15896
0b001501 0b000101 10003 2703 65536 21499999 156606 15896
0b001601 0b000101 10003 2803 65536 21499999 156653 15896
0b001701 0b000101 10003 2903 65536 21499999 156700 15896
0b000401 0b000101 10004 1004 65536 21999999 157327 15896
0b000501 0b000101 10004 1104 65536 21999999 157374 15896
0b000601 0b000101 10004 1204 65536 21999999 157421 15896
0b000701 0b000101 10004 1304 65536 21999999 157468 15896
0b000801 0b000101 10004 1404 65536 21999999 157515 15896
0b000901 0b000101 10004 1504 65536 21999999 157562 15896
0b000a01 0b000101 10004 1604 65536 21999999 157693 15896
0b000b01 0b000101 10004 1704 65536 21999999 157740 15896
0b000c01 0b000101 10004 1804 65536 21999999 157787 15896
0b000d01 0b000101 10004 1904 65536 21999999 157834 15896
0b000e01 0b000101 10004 2004 65536 21999999 157881 15896
0b000f01 0b000101 10004 2104 65536 21999999 157928 15896
0b001001 0b000101 10004 2204 65536 21999999 157975 15896
0b001101 0b000101 10004 2304 65536 21999999 158022 15896
0b001201 0b000101 10004 2404 65536 21999999 158069 15896
0b001301 0b000101 10004 2504 65536 21999999 158116 15896
0b001401 0b000101 10004 2604 65536 21999999 158163 15896
0b001501 0b000101 10004 2704 65536 21999999 158294 15896
0b001601 0b000101 10004 2804 65536 21999999 158341 15896
0b001701 0b000101 10004 2904 65536 21999999 158388 15896
0b000401 0b000101 10005 1005 65536 22499999 158831 15896
0b000501 0b000101 10005 1105 65536 22499999 158878 15896
0b000601 0b000101 10005 1205 65536 22499999 158925 15896
0b000701 0b000101 10005 1305 65536 22499999 158972 15896
0b000801 0b000101 10005 1405 65536 22499999 159103 15896
0b000901 0b000101 10005 1505 65536 22499999 159150 15896
0b000a01 0b000101 10005 1605 65536 22499999 159197 15896
0b000b01 0b000101 10005 1705 65536 22499999 159244 15896
0b000c01 0b000101 10005 1805 65536 22499999 159291 15896
0b000d01 0b000101 10005 1905 65536 22499999 159338 15896
0b000e01 0b000101 10005 2005 65536 22499999 159385 15896
0b000f01 0b000101 10005 2105 65536 22499999 159432 15896
0b001001 0b000101 10005 2205 65536 22499999 159479 15896
0b001101 0b000101 10005 2305 65536 22499999 159526 15896
0b001201 0b000101 10005 2405 65536 22499999 159573 15896
0b001301 0b000101 10005 2505 65536 22499999 159704 15896
0b001401 0b000101 10005 2605 65536 22499999 159751 15896
0b001501 0b000101 10005 2705 65536 22499999 159798 15896
0b001601 0b000101 10005 2805 65536 22499999 159845 15896
0b001701 0b000101 10005 2905 65536 22499999 159892 15896
0b000401 0b000101 10006 1006 65536 22999999 160317 15896
0b000501 0b000101 10006 1106 65536 22999999 160364 15896
0b000601 0b000101 10006 1206 65536 22999999 160411 15896
0b000701 0b000101 10006 1306 65536 22999999 160458 15896
0b000801 0b000101 10006 1406 65536 22999999 160505 15896
0b000901 0b000101 10006 1506 65536 22999999 160636 15896
0b000a01 0b000101 10006 1606 65536 22999999 160683 15896
0b000b01 0b000101 10006 1706 65536 22999999 160730 15896
0b000c01 0b000101 10006 1806 65536 22999999 160777 15896
0b000d01 0b000101 10006 1906 65536 22999999 160824 15896
0b000e01 0b000101 10006 2006 65536 22999999 160871 15896
0b000f01 0b000101 10006 2106 65536 22999999 160918 15896
0b001001 0b000101 10006 2206 65536 22999999 160965 15896
0b001101 0b000101 10006 2306 65536 22999999 161012 15896
0b001201 0b000101 10006 2406 65536 22999999 161143 15896
0b001301 0b000101 10006 2506 65536 22999999 161190 15896
0b001401 0b000101 10006 2606 65536 22999999 161237 15896
0b001501 0b000101 10006 2706 65536 22999999 161284 15896
0b001601 0b000101 10006 2806 65536 22999999 161331 15896
0b001701 0b000101 10006 2906 65536 22999999 161378 15896
0b000401 0b000101 10007 1007 65536 23500000 161659 15896
0b000501 0b000101 10007 1107 65536 23500000 161790 15896
0b000601 0b000101 10007 1207 65536 23500000 161837 15896
0b000701 0b000101 10007 1307 65536 23500000 161884 15896
0b000801 0b000101 10007 1407 65536 23500000 161931 15896
0b000901 0b000101 10007 1507 65536 23500000 161978 15896
0b000a01 0b000101 10007 1607 65536 23500000 162025 15896
0b000b01 0b000101 10007 1707 65536 23500000 162072 15896
0b000c01 0b000101 10007 1807 65536 23500000 162119 15896
0b000d01 0b000101 10007 1907 65536 23500000 162166 15896
0b000e01 0b000101 10007 2007 65536 23500000 162297 15896
0b000f01 0b000101 10007 2107 65536 23500000 162344 15896
0b001001 0b000101 10007 2207 65536 23500000 162391 15896
0b001101 0b000101 10007 2307 65536 23500000 162438 15896
0b001201 0b000101 10007 2407 65536 23500000 162485 15896
0b001301 0b000101 10007 2507 65536 23500000 162532 15896
0b001401 0b000101 10007 2607 65536 23500000 162579 15896
0b001501 0b000101 10007 2707 65536 23500000 162626 15896
0b001601 0b000101 10007 2807 65536 23500000 162673 15896
0b001701 0b000101 10007 2907 65536 23500000 162804 15896
0b000301 0b000101 10000 200 209715200 0 31664901 17590845
0b000201 0b000001 10000 100 209715200 0 37959875 17590845
