0b003101 0b000101 10000 100 5000000 2000000000 32729431 823400
0b001401 0b000101 10000 100 5000000 2000000000 32729763 823400
0b003801 0b000101 10000 100 5000000 2000000000 32730095 823400
0b001e01 0b000101 10000 100 5000000 2000000000 32730427 823400
0b003301 0b000101 10000 100 5000000 2000000000 32798404 823400
0b003401 0b000101 10000 100 5000000 2000000000 32798736 823400
0b002201 0b000101 10000 100 5000000 2000000000 40502879 823400
0b002701 0b000101 10000 100 5000000 2000000000 40503211 823400
0b002a01 0b000101 10000 100 5000000 2000000000 40503543 823400
0b002301 0b000101 10000 100 5000000 2000000000 41867814 823400
0b002601 0b000101 10000 100 5000000 2000000000 41868146 823400
0b002801 0b000101 10000 100 5000000 2000000000 41868478 823400
0b001001 0b000101 10000 100 5000000 2000000000 47919261 823400
0b001101 0b000101 10000 100 5000000 2000000000 47919593 823400
0b001601 0b000101 10000 100 5000000 2000000000 47919925 823400
0b001701 0b000101 10000 100 5000000 2000000000 47920257 823400
0b001201 0b000101 10000 100 5000000 2000000000 52904158 823400
0b001901 0b000101 10000 100 5000000 2000000000 52904490 823400
0b001a01 0b000101 10000 100 5000000 2000000000 52904822 823400
0b001b01 0b000101 10000 100 5000000 2000000000 52905154 823400
0b002001 0b000101 10000 100 5000000 2000000000 54596777 823400
0b002101 0b000101 10000 100 5000000 2000000000 54597109 823400
0b002501 0b000101 10000 100 5000000 2000000000 54597441 823400
0b002c01 0b000101 10000 100 5000000 2000000000 54597773 823400
0b002e01 0b000101 10000 100 5000000 2000000000 54598105 823400
0b002401 0b000101 10000 100 5000000 2000000000 62878434 823400
0b002901 0b000101 10000 100 5000000 2000000000 62878766 823400
0b002b01 0b000101 10000 100 5000000 2000000000 62879181 823400
0b002d01 0b000101 10000 100 5000000 2000000000 62879513 823400
0b002f01 0b000101 10000 100 5000000 2000000000 62879845 823400
0b001301 0b000101 10000 100 5000000 2000000000 71166814 823400
0b001501 0b000101 10000 100 5000000 2000000000 71167146 823400
0b001801 0b000101 10000 100 5000000 2000000000 71167478 823400
0b001c01 0b000101 10000 100 5000000 2000000000 71167810 823400
0b001d01 0b000101 10000 100 5000000 2000000000 71168142 823400
0b001f01 0b000101 10000 100 5000000 2000000000 71168474 823400
0b003001 0b000101 10000 100 5000000 2000000000 71173454 823400
0b003501 0b000101 10000 100 5000000 2000000000 71173786 823400
0b003601 0b000101 10000 100 5000000 2000000000 71174118 823400
0b003a01 0b000101 10000 100 5000000 2000000000 71174450 823400
0b003d01 0b000101 10000 100 5000000 2000000000 71174782 823400
0b003e01 0b000101 10000 100 5000000 2000000000 71175114 823400
0b003201 0b000101 10000 100 5000000 2000000000 71224914 823400
0b003701 0b000101 10000 100 5000000 2000000000 71225246 823400
0b003901 0b000101 10000 100 5000000 2000000000 71225578 823400
0b003b01 0b000101 10000 100 5000000 2000000000 71225910 823400
0b003c01 0b000101 10000 100 5000000 2000000000 71226242 823400
0b003f01 0b000101 10000 100 5000000 2000000000 71226574 823400
0b000f01 0b000101 10000 100 5000000 2000000000 95930186 819360
0b000e01 0b000101 10000 100 5000000 2000000000 95967121 819360
0b000d01 0b000101 10000 100 5000000 2000000000 96004886 819360
0b000c01 0b000101 10000 100 5000000 2000000000 96038418 819360
0b000b01 0b000101 10000 100 5000000 2000000000 96069792 819360
0b000a01 0b000101 10000 100 5000000 2000000000 96107059 819360
0b000901 0b000101 10000 100 5000000 2000000000 96142583 819360
0b000801 0b000101 10000 100 5000000 2000000000 96170388 819360
0b000701 0b000101 10000 100 5000000 2000000000 96195205 819360
0b000601 0b000101 10000 100 5000000 2000000000 96222761 819360
0b000501 0b000101 10000 100 5000000 2000000000 96251479 819360
0b000201 0b000101 10000 100 200000000 2000000000 115447387 17168160
0b005e01 0b000101 10000 100 10000000 2000000000 206574381 1246640
0b004501 0b000101 10000 100 10000000 2000000000 206575543 1246640
0b00c801 0b000101 10000 100 10000000 2000000000 206591367 1246640
0b009701 0b000101 10000 100 10000000 2000000000 206595683 1246640
0b009901 0b000101 10000 100 10000000 2000000000 206595766 1246640
0b004701 0b000101 10000 100 10000000 2000000000 206602460 1246640
0b00a101 0b000101 10000 100 10000000 2000000000 206603871 1246640
0b009301 0b000101 10000 100 10000000 2000000000 206608519 1246640
0b009e01 0b000101 10000 100 10000000 2000000000 206609017 1246640
0b00e001 0b000101 10000 100 10000000 2000000000 206613665 1246640
0b00f601 0b000101 10000 100 10000000 2000000000 206615657 1246640
0b00cb01 0b000101 10000 100 10000000 2000000000 206618811 1246640
0b00ce01 0b000101 10000 100 10000000 2000000000 206618894 1246640
0b010101 0b000101 10000 100 10000000 2000000000 206619890 1246640
0b00b301 0b000101 10000 100 10000000 2000000000 206620056 1246640
0b010001 0b000101 10000 100 10000000 2000000000 206620139 1246640
0b00fc01 0b000101 10000 100 10000000 2000000000 206620608 1246640
0b00d101 0b000101 10000 100 10000000 2000000000 206623542 1246640
0b004f01 0b000101 10000 100 10000000 2000000000 206623625 1246640
0b00f101 0b000101 10000 100 10000000 2000000000 206624177 1246640
0b00c701 0b000101 10000 100 10000000 2000000000 206625119 1246640
0b006101 0b000101 10000 100 10000000 2000000000 206625617 1246640
0b00c301 0b000101 10000 100 10000000 2000000000 206625949 1246640
0b005501 0b000101 10000 100 10000000 2000000000 206626198 1246640
0b007c01 0b000101 10000 100 10000000 2000000000 206626613 1246640
0b004301 0b000101 10000 100 10000000 2000000000 206626916 1246640
0b008101 0b000101 10000 100 10000000 2000000000 206626999 1246640
0b00bf01 0b000101 10000 100 10000000 2000000000 206627082 1246640
0b00dc01 0b000101 10000 100 10000000 2000000000 206627165 1246640
0b009201 0b000101 10000 100 10000000 2000000000 206627248 1246640
0b009a01 0b000101 10000 100 10000000 2000000000 206627331 1246640
0b004d01 0b000101 10000 100 10000000 2000000000 206627497 1246640
0b00f501 0b000101 10000 100 10000000 2000000000 206627580 1246640
0b006301 0b000101 10000 100 10000000 2000000000 206627663 1246640
0b006c01 0b000101 10000 100 10000000 2000000000 206627746 1246640
0b00e101 0b000101 10000 100 10000000 2000000000 206627829 1246640
0b00e801 0b000101 10000 100 10000000 2000000000 206627995 1246640
0b00db01 0b000101 10000 100 10000000 2000000000 206628078 1246640
0b00bc01 0b000101 10000 100 10000000 2000000000 206628244 1246640
0b00e701 0b000101 10000 100 10000000 2000000000 206628327 1246640
0b00e901 0b000101 10000 100 10000000 2000000000 206628493 1246640
0b009101 0b000101 10000 100 10000000 2000000000 206628659 1246640
0b009401 0b000101 10000 100 10000000 2000000000 206628742 1246640
0b00ec01 0b000101 10000 100 10000000 2000000000 206628825 1246640
0b007701 0b000101 10000 100 10000000 2000000000 206628908 1246640
0b004201 0b000101 10000 100 10000000 2000000000 206628991 1246640
0b006a01 0b000101 10000 100 10000000 2000000000 206629074 1246640
0b008f01 0b000101 10000 100 10000000 2000000000 206629240 1246640
0b00c201 0b000101 10000 100 10000000 2000000000 206629323 1246640
0b005901 0b000101 10000 100 10000000 2000000000 206629406 1246640
0b006b01 0b000101 10000 100 10000000 2000000000 206629489 1246640
0b004601 0b000101 10000 100 10000000 2000000000 206629655 1246640
0b006801 0b000101 10000 100 10000000 2000000000 206629738 1246640
0b006f01 0b000101 10000 100 10000000 2000000000 206629821 1246640
0b008201 0b000101 10000 100 10000000 2000000000 206629904 1246640
0b00b401 0b000101 10000 100 10000000 2000000000 206630070 1246640
0b00de01 0b000101 10000 100 10000000 2000000000 206630153 1246640
0b00a301 0b000101 10000 100 10000000 2000000000 206630236 1246640
0b008c01 0b000101 10000 100 10000000 2000000000 206630402 1246640
0b00d601 0b000101 10000 100 10000000 2000000000 206632228 1246640
0b00f701 0b000101 10000 100 10000000 2000000000 206634054 1246640
0b00fd01 0b000101 10000 100 10000000 2000000000 206634552 1246640
0b00ff01 0b000101 10000 100 10000000 2000000000 206634967 1246640
0b00b801 0b000101 10000 100 10000000 2000000000 206635548 1246640
0b008801 0b000101 10000 100 10000000 2000000000 206635880 1246640
0b00d001 0b000101 10000 100 10000000 2000000000 206636046 1246640
0b005c01 0b000101 10000 100 10000000 2000000000 206637374 1246640
0b005d01 0b000101 10000 100 10000000 2000000000 206637540 1246640
0b00f301 0b000101 10000 100 10000000 2000000000 214187814 1246640
0b00d301 0b000101 10000 100 10000000 2000000000 214716077 1246640
0b00d701 0b000101 10000 100 10000000 2000000000 214718401 1246640
0b00d501 0b000101 10000 100 10000000 2000000000 214739454 1246640
0b00c001 0b000101 10000 100 10000000 2000000000 227909928 1246640
0b00f901 0b000101 10000 100 10000000 2000000000 227930732 1246640
0b00fe01 0b000101 10000 100 10000000 2000000000 227931147 1246640
0b004a01 0b000101 10000 100 10000000 2000000000 229854888 1246640
0b005701 0b000101 10000 100 10000000 2000000000 232587885 1246640
0b006401 0b000101 10000 100 10000000 2000000000 232588051 1246640
0b004e01 0b000101 10000 100 10000000 2000000000 233742704 1246640
0b00d401 0b000101 10000 100 10000000 2000000000 234698032 1246640
0b00d901 0b000101 10000 100 10000000 2000000000 234698530 1246640
0b00c401 0b000101 10000 100 10000000 2000000000 236734010 1246640
0b00a001 0b000101 10000 100 10000000 2000000000 242743593 1246640
0b00a201 0b000101 10000 100 10000000 2000000000 242766472 1246640
0b005201 0b000101 10000 100 10000000 2000000000 246789653 1246640
0b006501 0b000101 10000 100 10000000 2000000000 246812947 1246640
0b00e501 0b000101 10000 100 10000000 2000000000 250734461 1246640
0b00ee01 0b000101 10000 100 10000000 2000000000 250756759 1246640
0b007101 0b000101 10000 100 10000000 2000000000 255453196 1246640
0b007001 0b000101 10000 100 10000000 2000000000 255453279 1246640
0b00bb01 0b000101 10000 100 10000000 2000000000 255708820 1246640
0b00ba01 0b000101 10000 100 10000000 2000000000 255753831 1246640
0b00bd01 0b000101 10000 100 10000000 2000000000 255754329 1246640
0b008501 0b000101 10000 100 10000000 2000000000 255758313 1246640
0b008001 0b000101 10000 100 10000000 2000000000 255758728 1246640
0b008701 0b000101 10000 100 10000000 2000000000 255774054 1246640
0b00ac01 0b000101 10000 100 10000000 2000000000 256960799 1246640
0b004101 0b000101 10000 100 10000000 2000000000 259288809 1246640
0b004c01 0b000101 10000 100 10000000 2000000000 259310775 1246640
0b007301 0b000101 10000 100 10000000 2000000000 260133448 1246640
0b007901 0b000101 10000 100 10000000 2000000000 260133780 1246640
0b007501 0b000101 10000 100 10000000 2000000000 260134361 1246640
0b007e01 0b000101 10000 100 10000000 2000000000 260134610 1246640
0b007601 0b000101 10000 100 10000000 2000000000 260134942 1246640
0b00d201 0b000101 10000 100 10000000 2000000000 262133877 1246640
0b00d801 0b000101 10000 100 10000000 2000000000 262155760 1246640
0b00da01 0b000101 10000 100 10000000 2000000000 262156279 1246640
0b004801 0b000101 10000 100 10000000 2000000000 269127448 1246640
0b004901 0b000101 10000 100 10000000 2000000000 269127863 1246640
0b008601 0b000101 10000 100 10000000 2000000000 273401746 1246640
0b008b01 0b000101 10000 100 10000000 2000000000 273423961 1246640
0b00be01 0b000101 10000 100 10000000 2000000000 273424210 1246640
0b008e01 0b000101 10000 100 10000000 2000000000 273424430 1246640
0b00a701 0b000101 10000 100 10000000 2000000000 281184877 1246640
0b00a401 0b000101 10000 100 10000000 2000000000 281189662 1246640
0b00a801 0b000101 10000 100 10000000 2000000000 281207341 1246640
0b00aa01 0b000101 10000 100 10000000 2000000000 281207424 1246640
0b007f01 0b000101 10000 100 10000000 2000000000 289146612 1246640
0b007a01 0b000101 10000 100 10000000 2000000000 289147442 1246640
0b007b01 0b000101 10000 100 10000000 2000000000 289148853 1246640
0b000001 0b000101 10006 100 10000000 2000000000 303073310 1238560
0b000001 0b000101 10005 100 10000000 2000000000 303317675 1238560
0b000001 0b000101 10004 100 10000000 2000000000 303383573 1238560
0b000001 0b000101 10002 100 10000000 2000000000 303404958 1238560
0b000001 0b000101 10003 100 10000000 2000000000 303405290 1238560
0b000001 0b000101 10001 100 10000000 2000000000 303426675 1238560
0b000001 0b000101 10000 100 10000000 2000000000 303470441 1238560
0b000401 0b000101 10000 100 150000000 2000000000 3299216781 12976160
0b000301 0b000101 10000 100 200000000 2000000000 4401688664 17168160
