0b007201 0b004701 10000 100 872246 5124759 477408 477332
0b001601 0b00eb01 10000 100 662275 6241308 463814 463767
0b00d801 0b00ae01 10000 100 391369 7773974 441057 441054
0b013c01 0b00b901 10000 100 705397 9614430 467436 467382
0b013401 0b000d01 10000 100 688508 9941883 466017 465966
0b002301 0b001701 10000 100 793384 11394914 470783 470719
0b000f01 0b002f01 10000 100 329258 11633044 431797 431807
0b009401 0b002801 10000 100 996865 11639543 491917 491817
0b00cd01 0b008901 10000 100 18883684 10549141 1994411 1991449
0b00b701 0b00b001 10000 100 733052 13226042 461672 461622
0b003901 0b000c01 10000 100 877572 13751466 477854 477777
0b00c101 0b002801 10000 100 678856 14658914 465204 465155
0b00ca01 0b00ea01 10000 100 29175900 13244007 2854912 2850307
0b00ac01 0b003401 10000 100 197251 18996365 424752 424780
0b013101 0b00ef01 10000 100 81016525 12570705 7229900 7200667
0b007e01 0b011f01 10000 100 82340307 13137080 7324769 7311654
0b011701 0b002c01 10000 100 719176 21096091 468594 468538
0b00d801 0b013101 10000 100 18526544 19238365 3164202 1961507
0b011701 0b00d601 10000 100 331148 22460451 436000 436006
0b003301 0b00c201 10000 100 391476 22670514 441066 441063
0b00ba01 0b005301 10000 100 59684848 17763535 5421708 5412218
0b011201 0b008801 10000 100 96028436 17008774 8474571 8459266
0b011101 0b007d01 10000 100 31931511 23113010 3090437 3085379
0b012b01 0b00db01 10000 100 88320463 19970024 7827101 7813029
0b007001 0b004601 10000 100 78387461 24675791 6988685 6976206
0b001801 0b003801 10000 100 30514014 31372301 2967317 2962498
0b012201 0b00a101 10000 100 38538251 32771933 3645396 3639289
0b011b01 0b000501 10000 100 25374874 34085518 2539670 2535669
0b008a01 0b011d01 10000 100 39476249 34230713 3724188 3717931
0b008801 0b002401 10000 100 91756179 31748914 8115702 8101081
0b008e01 0b000301 10000 100 895667 40290962 483417 483334
0b001c01 0b007501 10000 100 14308421 40252290 1610090 1607860
