0b001401 0b000101 10000 100 10000000 2000000000 38864376 1242600
0b001e01 0b000101 10000 100 10000000 2000000000 38865538 1242600
0b003101 0b000101 10000 100 10000000 2000000000 38866866 1242600
0b003801 0b000101 10000 100 10000000 2000000000 38867281 1242600
0b003301 0b000101 10000 100 10000000 2000000000 42398848 1242600
0b003401 0b000101 10000 100 10000000 2000000000 42400176 1242600
0b002701 0b000101 10000 100 10000000 2000000000 42448648 1242600
0b002a01 0b000101 10000 100 10000000 2000000000 42450308 1242600
0b002201 0b000101 10000 100 10000000 2000000000 42526668 1242600
0b001001 0b000101 10000 100 10000000 2000000000 44716540 1242600
0b001101 0b000101 10000 100 10000000 2000000000 44719860 1242600
0b001601 0b000101 10000 100 10000000 2000000000 44721852 1242600
0b001701 0b000101 10000 100 10000000 2000000000 44722848 1242600
0b002301 0b000101 10000 100 10000000 2000000000 48210923 1242600
0b002601 0b000101 10000 100 10000000 2000000000 48212915 1242600
0b002801 0b000101 10000 100 10000000 2000000000 48217314 1242600
0b004101 0b000101 10000 100 10000000 2000000000 48304308 1246640
0b002001 0b000101 10000 100 10000000 2000000000 48307701 1242600
0b002101 0b000101 10000 100 10000000 2000000000 48315503 1242600
0b002501 0b000101 10000 100 10000000 2000000000 48319985 1242600
0b002c01 0b000101 10000 100 10000000 2000000000 48325214 1242600
0b002e01 0b000101 10000 100 10000000 2000000000 48330443 1242600
0b000201 0b000101 10000 100 10000000 2000000000 48509049 1238560
0b000601 0b000101 10000 100 10000000 2000000000 48514278 1238560
0b000a01 0b000101 10000 100 10000000 2000000000 48517100 1238560
0b000d01 0b000101 10000 100 10000000 2000000000 48518013 1238560
0b000901 0b000101 10000 100 10000000 2000000000 48520088 1238560
0b000b01 0b000101 10000 100 10000000 2000000000 48523242 1238560
0b000c01 0b000101 10000 100 10000000 2000000000 48526313 1238560
0b000e01 0b000101 10000 100 10000000 2000000000 48529218 1238560
0b000f01 0b000101 10000 100 10000000 2000000000 48532040 1238560
0b000301 0b000101 10000 100 10000000 2000000000 48534696 1238560
0b000401 0b000101 10000 100 10000000 2000000000 48537269 1238560
0b000501 0b000101 10000 100 10000000 2000000000 48539759 1238560
0b000701 0b000101 10000 100 10000000 2000000000 48542083 1238560
0b000801 0b000101 10000 100 10000000 2000000000 48544324 1238560
0b004001 0b000101 10000 100 10000000 2000000000 48748690 1246640
0b001201 0b000101 10000 100 10000000 2000000000 49376243 1242600
0b001901 0b000101 10000 100 10000000 2000000000 49387863 1242600
0b001b01 0b000101 10000 100 10000000 2000000000 49394586 1242600
0b001a01 0b000101 10000 100 10000000 2000000000 49394669 1242600
0b003501 0b000101 10000 100 10000000 2000000000 52494005 1242600
0b001d01 0b000101 10000 100 10000000 2000000000 52570282 1242600
0b001f01 0b000101 10000 100 10000000 2000000000 52574681 1242600
0b003701 0b000101 10000 100 10000000 2000000000 54661488 1242600
0b003c01 0b000101 10000 100 10000000 2000000000 54721746 1242600
0b003f01 0b000101 10000 100 10000000 2000000000 54733449 1242600
0b003201 0b000101 10000 100 10000000 2000000000 54803003 1242600
0b003b01 0b000101 10000 100 10000000 2000000000 54810556 1242600
0b003901 0b000101 10000 100 10000000 2000000000 55079227 1242600
0b002f01 0b000101 10000 100 10000000 2000000000 55097819 1242600
0b002d01 0b000101 10000 100 10000000 2000000000 55271787 1242600
0b002401 0b000101 10000 100 10000000 2000000000 55876716 1242600
0b002901 0b000101 10000 100 10000000 2000000000 55882747 1242600
0b002b01 0b000101 10000 100 10000000 2000000000 55930313 1242600
0b001301 0b000101 10000 100 10000000 2000000000 55993551 1242600
0b001c01 0b000101 10000 100 10000000 2000000000 56304457 1242600
0b003e01 0b000101 10000 100 10000000 2000000000 56443989 1242600
0b003a01 0b000101 10000 100 10000000 2000000000 56775482 1242600
0b003601 0b000101 10000 100 10000000 2000000000 56882409 1242600
0b003d01 0b000101 10000 100 10000000 2000000000 56934388 1242600
0b003001 0b000101 10000 100 10000000 2000000000 56971367 1242600
0b001501 0b000101 10000 100 10000000 2000000000 56984346 1242600
0b001801 0b000101 10000 100 10000000 2000000000 56996557 1242600
