0b000801 0b013c01 10000 100 2048 169 12395 12415
0b00da01 0b00ed01 10000 100 5120 10447 8596 8632
0b00db01 0b004201 10000 100 20480 11211 13974 13959
0b009301 0b009101 10000 100 51200 21847 8565 8455
0b011501 0b002b01 10000 100 20480 17982 13993 13959
0b005801 0b002e01 10000 100 204800 4247 30267 29411
0b001001 0b010b01 10000 100 102400 13695 21102 20827
0b000301 0b010601 10000 100 204800 6032 30291 29411
0b00e401 0b00ed01 10000 100 1024 33105 4197 4249
0b009901 0b009201 10000 100 5120 33982 4552 4592
0b001601 0b00c601 10000 100 51200 25314 16678 16535
0b005e01 0b000b01 10000 100 51200 26602 16649 16535
0b011101 0b00a101 10000 100 204800 17070 30252 29411
0b003201 0b006e01 10000 100 5120 37045 12656 12672
0b00e901 0b006c01 10000 100 102400 28621 21139 20827
0b010901 0b00ec01 10000 100 20480 35924 13974 13959
0b00a901 0b00a301 10000 100 204800 32078 23141 21331
0b005f01 0b012001 10000 100 204800 27678 30270 29411
0b000101 0b00e501 10000 100 5120 46970 13093 12672
0b00fa01 0b00f201 10000 100 512000 9205 51274 47086
0b013901 0b00ef01 10000 100 5120 49795 12640 12672
0b007901 0b004101 10000 100 10240 54355 9062 9061
0b011c01 0b003101 10000 100 51200 53158 16701 16535
0b00e201 0b009301 10000 100 102400 49375 21179 20827
0b002d01 0b002a01 10000 100 10240 66341 5102 5021
0b00e401 0b007001 10000 100 5120 62207 12731 12672
0b013001 0b007901 10000 100 5120 63917 12772 12672
0b00a001 0b00d901 10000 100 102400 56158 21102 20827
0b000101 0b004801 10000 100 5120 68413 12640 12672
0b012301 0b013001 10000 100 51200 69141 12990 12495
0b003e01 0b001401 10000 100 10240 74127 9828 9061
0b000101 0b013101 10000 100 204800 43808 41044 29411
0b001c01 0b012301 10000 100 204800 56187 30837 29411
0b00d001 0b007d01 10000 100 51200 73681 16652 16535
0b00db01 0b00a801 10000 100 51200 77859 16690 16535
0b00b601 0b013e01 10000 100 1024 82683 12317 12329
0b002901 0b000d01 10000 100 51200 85216 12625 12495
0b00f501 0b010301 10000 100 10240 85710 13110 13101
0b007d01 0b009901 10000 100 10240 88138 13085 13101
0b00a601 0b00aa01 10000 100 2048 97439 4286 4335
0b010d01 0b001401 10000 100 1048576 1321 109304 100154
0b00e701 0b011c01 10000 100 10240 101423 13103 13101
0b006401 0b009901 10000 100 51200 103020 16676 16535
0b012201 0b011f01 10000 100 204800 88275 35282 25371
0b001b01 0b010e01 10000 100 5120 121252 12654 12672
0b00ae01 0b010201 10000 100 2048 126312 12374 12415
0b000701 0b011201 10000 100 512000 79768 59052 55166
0b008001 0b001401 10000 100 102400 122171 21158 20827
0b001e01 0b006a01 10000 100 2048 133947 12374 12415
0b009901 0b00fc01 10000 100 102400 127345 21123 20827
0b009c01 0b00c301 10000 100 102400 128099 21122 20827
0b013101 0b00d501 10000 100 1048576 4270 146228 100154
0b007701 0b00ca01 10000 100 51200 136226 16668 16535
0b012a01 0b011b01 10000 100 512000 100419 55247 51126
0b006901 0b00de01 10000 100 10240 145221 13872 13101
0b013a01 0b00d901 10000 100 204800 129061 30279 29411
0b001701 0b001801 10000 100 20480 153663 7623 5879
0b00bc01 0b00e401 10000 100 1048576 56110 108056 100154
0b013b01 0b011901 10000 100 512000 109050 55273 51126
0b00aa01 0b00bf01 10000 100 102400 151569 17082 16787
0b00a101 0b00be01 10000 100 102400 151506 18229 16787
0b004301 0b00f001 10000 100 204800 123876 47800 29411
0b001801 0b001001 10000 100 512000 119237 53750 47086
0b009401 0b001001 10000 100 20480 160065 15513 13959
0b00a001 0b00a701 10000 100 102400 164461 13247 12747
0b007301 0b00df01 10000 100 512000 112230 67646 55166
0b013f01 0b008501 10000 100 102400 159669 21122 20827
0b00b901 0b012501 10000 100 5120 169432 12966 12672
0b005301 0b00e101 10000 100 512000 124150 59017 55166
0b005801 0b00f901 10000 100 2048 176369 12394 12415
0b012001 0b003301 10000 100 10240 185201 13942 13101
0b003001 0b001801 10000 100 1048576 89114 112760 96114
0b012c01 0b00c401 10000 100 51200 189855 16668 16535
0b00fb01 0b007901 10000 100 102400 187407 21935 20827
0b007d01 0b002901 10000 100 204800 185583 30761 29411
0b000001 0b001301 10000 100 204800 173812 43710 25371
0b000801 0b002d01 10000 100 5120 209728 8617 8632
0b010301 0b009701 10000 100 10240 212911 13640 13101
0b004301 0b004001 10000 100 2097152 15865 212124 179988
0b00ca01 0b00fe01 10000 100 2048 224546 8478 8375
0b00b001 0b000901 10000 100 2097152 29274 204369 188068
0b009301 0b00d401 10000 100 51200 217397 16686 16535
0b005c01 0b005201 10000 100 51200 222200 12032 8455
0b008601 0b000b01 10000 100 20480 221592 13974 13959
0b007301 0b00f201 10000 100 204800 199662 38402 29411
0b010a01 0b00bc01 10000 100 10240 229609 13104 13101
0b00c301 0b00ca01 10000 100 512000 194869 51269 47086
0b00be01 0b001c01 10000 100 1048576 74583 175410 100154
0b004401 0b00b601 10000 100 1048576 149821 108135 100154
0b00d301 0b013801 10000 100 20480 244330 13999 13959
0b004801 0b00aa01 10000 100 102400 238194 21154 20827
0b00e601 0b001f01 10000 100 2048 259081 12490 12415
0b00f301 0b003501 10000 100 5120 262854 12699 12672
0b004801 0b013601 10000 100 20480 269340 14010 13959
0b004a01 0b009601 10000 100 2048 273934 12396 12415
0b001101 0b006401 10000 100 512000 186837 101292 55166
0b00bf01 0b00eb01 10000 100 512000 229442 59015 55166
0b001501 0b00b701 10000 100 20480 260894 27646 13959
0b00a701 0b006c01 10000 100 1048576 176632 113362 100154
0b004f01 0b012d01 10000 100 1048576 168170 122484 100154
0b00b501 0b00a301 10000 100 1048576 187232 104372 96114
0b00ef01 0b00b701 10000 100 204800 245091 47422 29411
0b002a01 0b008101 10000 100 204800 250614 47757 29411
0b000f01 0b000a01 10000 100 102400 289777 21700 12747
0b012b01 0b003101 10000 100 2048 302672 12476 12415
0b002301 0b000201 10000 100 10240 308018 9894 9061
0b012401 0b013c01 10000 100 1048576 216274 104385 96114
0b00c601 0b012e01 10000 100 20480 311031 13994 13959
0b008701 0b007101 10000 100 20480 310507 14868 13959
0b002901 0b003301 10000 100 10240 317692 9334 9061
0b010301 0b009d01 10000 100 1048576 213467 115501 100154
0b011e01 0b00fe01 10000 100 204800 279012 55090 29411
0b00d801 0b000401 10000 100 20480 321059 14054 13959
0b012001 0b005001 10000 100 51200 315015 21063 16535
0b010801 0b011c01 10000 100 512000 282054 55264 51126
0b001601 0b00a601 10000 100 51200 324658 17115 16535
0b00c701 0b00ac01 10000 100 512000 284520 59014 55166
0b009c01 0b004701 10000 100 204800 313648 30559 29411
0b00a701 0b008401 10000 100 10240 341725 9148 9061
0b006701 0b009b01 10000 100 2097152 104180 247602 188068
0b006201 0b002101 10000 100 2048 343399 12536 12415
0b00ec01 0b002f01 10000 100 1024 343862 12322 12329
0b00ee01 0b006401 10000 100 1024 346771 12391 12329
0b004801 0b00c801 10000 100 512000 282399 77860 55166
0b000201 0b00f701 10000 100 20480 348356 16064 13959
0b006701 0b00a901 10000 100 51200 347282 21106 16535
0b00b401 0b00c901 10000 100 1048576 260867 110408 100154
0b00ea01 0b004a01 10000 100 102400 350070 21661 20827
0b010201 0b009601 10000 100 512000 313011 59041 55166
0b012a01 0b00c301 10000 100 1024 360041 12285 12329
0b00be01 0b003101 10000 100 2097152 113871 259934 188068
0b00cc01 0b00a001 10000 100 10240 361254 13612 13101
0b001001 0b011c01 10000 100 10240 361246 13990 13101
0b003501 0b011901 10000 100 5120 364324 12658 12672
0b007001 0b011c01 10000 100 10240 364203 14874 13101
0b011b01 0b012d01 10000 100 20480 372025 11703 9919
0b013601 0b005401 10000 100 102400 363494 21123 20827
0b004c01 0b013801 10000 100 51200 364462 21520 16535
0b009101 0b009a01 10000 100 51200 380582 8565 8455
0b00fb01 0b004a01 10000 100 204800 358344 31686 29411
0b00ee01 0b00a301 10000 100 20480 377366 14213 13959
0b00a601 0b009d01 10000 100 5120 385683 8832 8632
0b000e01 0b003d01 10000 100 2097152 196884 200537 184028
0b006c01 0b00b701 10000 100 1048576 189416 209621 100154
0b00fd01 0b00d701 10000 100 204800 358540 43980 25371
0b00aa01 0b013f01 10000 100 512000 349305 59015 55166
0b012101 0b008d01 10000 100 2097152 192966 216420 188068
0b010001 0b00fa01 10000 100 10240 398004 13117 13101
0b00cf01 0b00a601 10000 100 204800 378334 32829 29411
0b011a01 0b00e401 10000 100 102400 391159 21562 20827
0b011101 0b008e01 10000 100 20480 398474 15598 13959
0b010e01 0b012801 10000 100 51200 406063 16992 12495
0b012e01 0b011601 10000 100 204800 402476 26481 25371
0b004d01 0b011801 10000 100 2048 418186 12514 12415
0b00c801 0b007801 10000 100 2048 418262 12735 12415
0b005401 0b006501 10000 100 10240 423144 9185 9061
0b011a01 0b00d601 10000 100 1024 423251 12285 12329
0b012601 0b009b01 10000 100 1048576 323653 119075 100154
0b011e01 0b00e201 10000 100 2097152 225966 219367 188068
0b004001 0b001801 10000 100 2097152 241138 204341 188068
0b00bd01 0b009101 10000 100 20480 439580 9983 9919
0b00ff01 0b007101 10000 100 2097152 72802 377020 188068
0b009c01 0b010901 10000 100 5120 442754 12652 12672
0b003801 0b00d701 10000 100 2097152 222619 236648 188068
0b008f01 0b003301 10000 100 20480 446116 13994 13959
0b009d01 0b004f01 10000 100 2097152 77499 384488 188068
0b010a01 0b002401 10000 100 512000 403389 59162 55166
0b002d01 0b009c01 10000 100 2048 450815 12530 12415
0b005001 0b000d01 10000 100 20480 451256 14003 13959
0b00ab01 0b011c01 10000 100 1048576 358953 112180 100154
0b011901 0b00b301 10000 100 1024 466529 12303 12329
0b007701 0b00a501 10000 100 1048576 371829 108095 100154
0b010a01 0b009001 10000 100 102400 455453 27035 20827
0b00b001 0b008e01 10000 100 1048576 367922 114807 96114
0b005801 0b010201 10000 100 2048 475146 12379 12415
0b011f01 0b00a801 10000 100 51200 462174 26682 16535
0b004201 0b011f01 10000 100 512000 379660 111639 55166
0b007001 0b005401 10000 100 5120 484735 8638 8632
0b004801 0b009201 10000 100 10240 479935 14303 13101
0b004b01 0b00a401 10000 100 204800 450655 44213 29411
0b010e01 0b013b01 10000 100 1048576 387620 108659 96114
0b006701 0b012d01 10000 100 2097152 239065 262138 188068
0b006101 0b004b01 10000 100 512000 401845 101892 51126
0b004c01 0b009401 10000 100 10240 492492 13643 13101
0b002d01 0b012301 10000 100 204800 462338 47782 29411
0b002001 0b009001 10000 100 2097152 173281 337441 188068
0b001b01 0b011701 10000 100 1048576 400605 110482 100154
0b006401 0b004601 10000 100 1048576 406769 104400 96114
0b00dc01 0b001901 10000 100 1024 500679 12305 12329
0b010c01 0b003d01 10000 100 204800 465440 47780 29411
0b001f01 0b007e01 10000 100 5242880 14527 502588 451803
0b006f01 0b013e01 10000 100 51200 501526 18927 16535
0b003d01 0b008801 10000 100 102400 499679 21477 20827
0b012d01 0b00d801 10000 100 2048 510616 12384 12415
0b00c601 0b00fe01 10000 100 51200 509635 17003 12495
0b009301 0b012701 10000 100 512000 428081 101270 55166
0b007401 0b00e401 10000 100 1024 520584 12493 12329
0b00fe01 0b008901 10000 100 1048576 416307 118074 100154
0b006b01 0b007e01 10000 100 2048 527016 8428 8375
0b00e901 0b009f01 10000 100 102400 514116 22722 20827
0b00c101 0b00eb01 10000 100 102400 505304 32784 16787
0b00f501 0b00c301 10000 100 1024 530780 8294 8289
0b00a801 0b003101 10000 100 5120 533541 12652 12672
0b00e401 0b007a01 10000 100 512000 456740 99550 55166
0b013b01 0b003201 10000 100 512000 450877 107826 55166
0b001701 0b001501 10000 100 512000 473259 86222 47086
0b010901 0b00b501 10000 100 10240 550136 13140 13101
0b00e501 0b004601 10000 100 1024 552064 12359 12329
0b008601 0b00d101 10000 100 1024 552714 12395 12329
0b00ea01 0b009101 10000 100 20480 553403 14060 13959
0b000c01 0b007801 10000 100 5242880 74279 496028 451803
0b012901 0b00b001 10000 100 1024 558259 12386 12329
0b010101 0b012701 10000 100 204800 533259 37702 25371
0b010a01 0b001601 10000 100 51200 550581 21097 16535
0b00bc01 0b007a01 10000 100 102400 550545 21195 20827
0b007b01 0b012201 10000 100 5242880 39316 535429 451803
0b007401 0b010001 10000 100 2048 565624 12669 12415
0b00ba01 0b00d101 10000 100 5242880 74727 505005 451803
0b00f301 0b00eb01 10000 100 102400 553329 30679 16787
0b009601 0b007f01 10000 100 512000 525037 59044 55166
0b008301 0b010d01 10000 100 512000 527841 59054 55166
0b013901 0b006301 10000 100 10240 577922 13556 13101
0b006901 0b00c301 10000 100 204800 562292 31462 29411
0b001c01 0b010801 10000 100 102400 563398 35586 20827
0b010401 0b003201 10000 100 10240 584126 15454 13101
0b00a901 0b005801 10000 100 102400 574480 29943 20827
0b013b01 0b003101 10000 100 1024 599759 12321 12329
0b00e501 0b006d01 10000 100 10240 600103 14012 13101
0b002e01 0b006601 10000 100 204800 551494 65582 29411
0b002201 0b003601 10000 100 5120 609007 8697 8632
0b009201 0b001601 10000 100 1048576 372123 246039 100154
0b006c01 0b001301 10000 100 20480 608437 14227 13959
0b011901 0b000101 10000 100 10240 614713 13218 13101
0b006101 0b00f601 10000 100 2097152 374626 253862 188068
0b00d301 0b001e01 10000 100 102400 609301 21153 20827
0b012001 0b00d701 10000 100 102400 601826 30029 20827
0b005501 0b007601 10000 100 1048576 527489 107348 96114
0b00c401 0b00be01 10000 100 2097152 261666 377102 188068
0b000901 0b00f101 10000 100 1024 627176 12466 12329
0b011901 0b00fc01 10000 100 51200 626518 17058 16535
0b011c01 0b011401 10000 100 512000 600752 54979 47086
0b006401 0b004001 10000 100 51200 643794 14091 12495
0b008401 0b011201 10000 100 20480 641605 16682 13959
0b00f701 0b006b01 10000 100 51200 633237 26636 16535
0b003301 0b00aa01 10000 100 2097152 456385 204955 188068
0b011801 0b012501 10000 100 512000 542915 119706 51126
0b006d01 0b000901 10000 100 512000 600371 63805 55166
0b004501 0b003b01 10000 100 204800 638338 31916 29411
0b011e01 0b004101 10000 100 204800 646805 31310 29411
0b006901 0b000201 10000 100 2048 663196 16098 12415
0b008701 0b012201 10000 100 1048576 540078 139544 100154
0b008901 0b011e01 10000 100 51200 659446 22115 16535
0b00f001 0b005501 10000 100 5120 668824 13848 12672
0b00eb01 0b008a01 10000 100 102400 652871 32319 20827
0b00f401 0b007001 10000 100 102400 659936 25594 20827
0b007e01 0b000301 10000 100 51200 666684 21184 16535
0b006501 0b000a01 10000 100 102400 649157 39983 20827
0b008301 0b013501 10000 100 51200 670905 21070 16535
0b00f701 0b011301 10000 100 102400 651448 40979 20827
0b009301 0b000901 10000 100 10240 680357 14026 13101
0b010101 0b00fc01 10000 100 2048 682107 12586 12415
0b009a01 0b002301 10000 100 2097152 472381 223314 188068
0b004401 0b00b101 10000 100 20480 685564 14575 13959
0b012901 0b00e001 10000 100 204800 651457 51840 29411
0b00eb01 0b013e01 10000 100 1048576 571770 131971 100154
0b00ae01 0b003901 10000 100 204800 656576 51188 29411
0b007101 0b009c01 10000 100 5120 695956 12768 12672
0b00f101 0b00cc01 10000 100 2097152 173188 537983 184028
0b011301 0b005b01 10000 100 512000 648007 63745 55166
0b00ff01 0b001701 10000 100 5242880 13176 699535 451803
0b00da01 0b006801 10000 100 512000 597161 118975 55166
0b00cc01 0b007401 10000 100 2097152 496027 222080 188068
0b013c01 0b013201 10000 100 1024 714250 4270 4249
0b00c701 0b003501 10000 100 51200 704300 16745 16535
0b004401 0b011d01 10000 100 5120 708520 12672 12672
0b000401 0b00c601 10000 100 1048576 613553 111001 100154
0b00e001 0b00c401 10000 100 5120 717634 8725 8632
0b003201 0b010c01 10000 100 5120 716384 13553 12672
0b007c01 0b002401 10000 100 20480 712942 18227 13959
0b005a01 0b008801 10000 100 1048576 578726 152860 100154
0b00c201 0b00a001 10000 100 2048 720882 12617 12415
0b00e501 0b005401 10000 100 512000 638278 101321 55166
0b00a601 0b00a701 10000 100 20480 732962 7560 5879
0b005c01 0b00ca01 10000 100 1048576 628831 114081 100154
0b009701 0b00d901 10000 100 5242880 204209 541332 451803
0b002701 0b00f601 10000 100 51200 719037 26563 16535
0b00c401 0b008401 10000 100 204800 690478 57492 29411
0b002101 0b00ee01 10000 100 20480 736820 15782 13959
0b000701 0b001601 10000 100 1024 745292 8394 8289
0b008401 0b00af01 10000 100 5242880 231263 525050 447763
0b006101 0b003401 10000 100 512000 668767 88413 55166
0b011201 0b002401 10000 100 1048576 636902 120545 100154
0b009d01 0b011a01 10000 100 5242880 33166 724712 451803
0b007301 0b012201 10000 100 10240 746696 16815 13101
0b003f01 0b000201 10000 100 512000 657394 107885 51126
0b002e01 0b000b01 10000 100 2097152 375507 390803 184028
0b000301 0b00d601 10000 100 204800 693628 73472 29411
0b008901 0b005f01 10000 100 1048576 656998 113906 100154
0b007a01 0b007e01 10000 100 5120 765951 5443 4592
0b010701 0b002c01 10000 100 1048576 596368 176024 100154
0b002b01 0b009d01 10000 100 204800 715477 59035 29411
0b006f01 0b00ec01 10000 100 2048 764126 12558 12415
0b004e01 0b00d401 10000 100 10240 765123 13115 13101
0b003601 0b011a01 10000 100 512000 647938 135948 55166
0b003b01 0b00fe01 10000 100 102400 758827 29500 20827
0b007801 0b008f01 10000 100 2097152 583397 205612 188068
0b00b901 0b00b701 10000 100 1024 784685 4375 4249
0b00e701 0b010101 10000 100 512000 656898 132292 55166
0b012701 0b00e201 10000 100 20480 775156 14080 13959
0b004901 0b00ed01 10000 100 512000 603200 190224 55166
0b011d01 0b011501 10000 100 1024 790820 4287 4249
0b00c001 0b012201 10000 100 5120 782538 12767 12672
0b011801 0b000801 10000 100 2097152 544456 253037 188068
0b00af01 0b002f01 10000 100 2097152 583383 216029 188068
0b00f301 0b008c01 10000 100 2097152 545878 253748 188068
0b011d01 0b001401 10000 100 1048576 689440 113958 100154
0b013c01 0b008401 10000 100 1048576 592425 211273 100154
0b00da01 0b009d01 10000 100 1048576 644815 159086 100154
0b001201 0b011101 10000 100 10240 791022 13525 13101
0b010c01 0b013301 10000 100 512000 678093 127442 51126
0b005d01 0b013901 10000 100 102400 783462 22140 20827
0b00f901 0b008a01 10000 100 51200 788720 17734 16535
0b00f601 0b006f01 10000 100 20480 792094 20542 13959
0b010f01 0b00d901 10000 100 1024 806202 12320 12329
0b00cd01 0b00b101 10000 100 1024 810397 12379 12329
0b003d01 0b007801 10000 100 5120 812935 13167 12672
0b005b01 0b011801 10000 100 51200 808823 20083 16535
0b010c01 0b00f801 10000 100 20480 819087 16740 13959
0b002401 0b007a01 10000 100 51200 818521 20807 16535
0b00c101 0b006801 10000 100 5242880 26666 812840 451803
0b007401 0b00ed01 10000 100 102400 818525 26494 20827
0b00ab01 0b00b601 10000 100 51200 832757 12684 12495
0b001001 0b012301 10000 100 102400 814269 31433 20827
0b009101 0b002001 10000 100 1048576 616138 230705 100154
0b00f401 0b007201 10000 100 20480 835077 15056 13959
0b012401 0b002e01 10000 100 2048 838092 12628 12415
0b00c101 0b005801 10000 100 2048 838653 14039 12415
0b00d401 0b004201 10000 100 2048 841591 12478 12415
0b007101 0b008301 10000 100 204800 823938 31363 29411
0b00e801 0b00c101 10000 100 51200 840216 15332 12495
0b004b01 0b010f01 10000 100 5120 847057 12727 12672
0b010501 0b009501 10000 100 10240 844138 16146 13101
0b004501 0b00c001 10000 100 5120 850880 14549 12672
0b00dd01 0b003901 10000 100 2097152 571726 294481 188068
0b011f01 0b00f201 10000 100 2097152 456505 413783 188068
0b00e401 0b004401 10000 100 20480 852347 19556 13959
0b006b01 0b00ac01 10000 100 20480 856690 18663 13959
0b00a101 0b000f01 10000 100 20480 859706 15962 13959
0b011e01 0b000901 10000 100 51200 855512 20774 16535
0b001101 0b000801 10000 100 20480 864963 11947 9919
0b00ad01 0b004001 10000 100 20480 862774 16039 13959
0b011401 0b00db01 10000 100 2048 871460 12619 12415
0b012e01 0b008401 10000 100 20480 870884 14680 13959
0b001601 0b00e001 10000 100 1048576 606339 283594 100154
0b001601 0b00e901 10000 100 512000 807811 83713 55166
0b002e01 0b00d801 10000 100 2048 880284 12525 12415
0b006001 0b00d501 10000 100 51200 862815 31879 16535
0b00fc01 0b007601 10000 100 51200 878619 21936 16535
0b005a01 0b000401 10000 100 2097152 624977 275917 188068
0b010b01 0b00d101 10000 100 10240 886313 14773 13101
0b00b101 0b011001 10000 100 102400 873950 30846 20827
0b002101 0b00de01 10000 100 204800 856789 48377 29411
0b006201 0b00f501 10000 100 1048576 712203 194772 100154
0b012101 0b004a01 10000 100 10240 896008 13347 13101
0b005201 0b009f01 10000 100 204800 873309 36656 29411
0b005e01 0b005d01 10000 100 512000 803815 107540 47086
0b005a01 0b007b01 10000 100 10240 906400 9254 9061
0b005a01 0b00e601 10000 100 512000 828423 87764 55166
0b000401 0b006001 10000 100 1048576 809273 115207 100154
0b002901 0b003301 10001 100 51200 916524 15054 12495
0b009301 0b013c01 10000 100 512000 830947 101264 55166
0b004d01 0b012d01 10000 100 5120 919391 13074 12672
0b009b01 0b006d01 10000 100 1048576 704706 228056 100154
0b003601 0b00ee01 10000 100 204800 869957 65491 29411
0b012301 0b004c01 10000 100 5242880 374150 561329 451803
0b008101 0b004a01 10000 100 10240 922803 14139 13101
0b000001 0b00ac01 10000 100 1048576 651707 286896 100154
0b001a01 0b009b01 10000 100 512000 874513 64112 55166
0b004801 0b00b801 10000 100 20480 923705 15724 13959
0b002201 0b010a01 10000 100 102400 911905 30615 20827
0b00b301 0b00f301 10000 100 5242880 280443 663672 451803
0b008201 0b002e01 10000 100 51200 922260 21867 16535
0b00fb01 0b004601 10000 100 2048 934144 12588 12415
0b00bf01 0b00ba01 10000 100 204800 910581 40300 21331
0b006401 0b00be01 10000 100 2097152 682072 275403 188068
0b011b01 0b007601 10000 100 20480 943813 15563 13959
0b00c901 0b00a801 10000 100 102400 917943 41651 20827
0b012201 0b001d01 10000 100 10240 945422 16774 13101
0b00d901 0b013601 10000 100 51200 938386 24328 16535
0b00f001 0b000201 10000 100 1024 952698 12360 12329
0b009401 0b00bb01 10000 100 5242880 229039 737508 447763
0b007c01 0b00ec01 10000 100 2097152 597088 378833 188068
0b010801 0b008301 10000 100 51200 964422 19309 16535
0b004901 0b00e401 10000 100 512000 795128 190439 55166
0b005601 0b008901 10000 100 51200 965092 20632 16535
0b001001 0b010301 10000 100 51200 965784 23547 16535
0b012601 0b00a201 10000 100 102400 958813 31000 20827
0b00e501 0b013b01 10000 100 512000 889425 101282 55166
0b001901 0b009101 10000 100 10240 980668 13274 13101
0b000e01 0b00c501 10000 100 204800 971329 31475 29411
0b013a01 0b007c01 10000 100 204800 973775 31818 29411
0b009e01 0b009701 10000 100 2097152 801366 205064 179988
0b001501 0b009701 10000 100 5120 991824 14792 12672
0b000201 0b010d01 10000 100 1048576 796906 210560 100154
0b00be01 0b002501 10000 100 20480 993668 15925 13959
0b009d01 0b001b01 10000 100 2048 999770 12750 12415
0b00ed01 0b00fa01 10000 100 204800 969414 45382 25371
0b009a01 0b006d01 10000 100 102400 993778 22708 20827
0b003201 0b006a01 10000 100 2097152 635244 381799 188068
0b004501 0b003d01 10000 100 102400 992915 26671 20827
0b00fb01 0b003201 10000 100 204800 948521 73146 29411
0b00da01 0b005f01 10000 100 1048576 914375 108425 100154
0b005401 0b009a01 10000 100 2097152 571779 451701 188068
0b00eb01 0b00d201 10000 100 51200 1011759 13346 12495
0b006e01 0b007b01 10000 100 20480 1014906 10473 9919
0b00c001 0b012f01 10000 100 51200 1008861 16793 16535
0b00e901 0b00f701 10000 100 1024 1018997 8294 8289
0b013901 0b011d01 10000 100 2097152 808799 220559 184028
0b00e801 0b00ca01 10000 100 102400 1015873 17477 16787
0b00a001 0b001f01 10000 100 5242880 373197 665351 451803
0b005c01 0b00f301 10000 100 20480 1025248 15247 13959
0b001501 0b011e01 10000 100 204800 957583 83917 29411
0b000b01 0b00d601 10000 100 2048 1028747 13033 12415
0b00f401 0b005601 10000 100 2097152 605720 436839 188068
0b009d01 0b005501 10000 100 1024 1032123 12396 12329
0b006801 0b00de01 10000 100 5242880 74441 973346 451803
0b00aa01 0b005101 10000 100 102400 1005594 43512 20827
0b000701 0b000a01 10000 100 51200 1036473 12785 8455
0b000901 0b00d401 10000 100 102400 1021161 30530 20827
0b013601 0b00c601 10000 100 2097152 841861 210931 188068
0b003401 0b009a01 10000 100 102400 1027883 26922 20827
0b00c001 0b003801 10000 100 102400 1033833 21382 20827
0b00e201 0b004301 10000 100 1048576 835864 220127 100154
0b007101 0b003b01 10000 100 51200 1039278 16990 16535
0b013101 0b002701 10000 100 2048 1041042 15382 12415
0b002001 0b006c01 10000 100 512000 997389 64705 55166
0b010101 0b005701 10000 100 51200 1044306 17818 16535
0b00c201 0b002f01 10000 100 5120 1049421 13758 12672
0b013e01 0b003401 10000 100 512000 957854 107899 55166
0b008801 0b008401 10000 100 204800 1028585 39652 21331
0b00d701 0b001601 10000 100 204800 1003958 66726 29411
0b004e01 0b013b01 10000 100 51200 1054412 17237 16535
0b00ab01 0b010f01 10000 100 51200 1051115 20671 16535
0b00fb01 0b007501 10000 100 1048576 941930 130370 100154
0b005101 0b013601 10000 100 2097152 627759 446247 188068
0b002301 0b00a901 10000 100 1024 1062919 12306 12329
0b00bf01 0b00c901 10000 100 512000 947454 131307 55166
0b008701 0b007001 10000 100 1048576 871067 208121 100154
0b00ba01 0b013801 10000 100 204800 1052393 30857 29411
0b00ff01 0b00a501 10000 100 102400 1063920 21978 20827
0b013001 0b004d01 10000 100 51200 1070760 18934 16535
0b008701 0b003501 10000 100 2097152 765849 328367 188068
0b00ae01 0b013901 10000 100 20480 1084724 15007 13959
0b002401 0b004901 10000 100 5120 1088189 12778 12672
0b00cd01 0b009801 10000 100 10240 1089342 13955 13101
0b012901 0b00e001 10001 100 2048 1091678 12642 12415
0b013e01 0b003d01 10000 100 5120 1092616 13191 12672
0b00fd01 0b000301 10000 100 10240 1094242 14493 13101
0b010f01 0b009101 10000 100 20480 1090950 18622 13959
0b006801 0b006b01 10000 100 102400 1092815 17640 12747
0b006301 0b010801 10000 100 2097152 500045 610666 188068
0b002201 0b00b401 10000 100 1048576 903508 209871 100154
0b00c801 0b007501 10000 100 20480 1099670 15653 13959
0b00c901 0b008301 10000 100 1048576 893559 223059 100154
0b006d01 0b001d01 10000 100 204800 1068942 47800 29411
0b007b01 0b00c901 10000 100 204800 1081085 41660 29411
0b00b101 0b000901 10000 100 102400 1103884 28008 20827
0b010401 0b004001 10000 100 10240 1118981 13405 13101
0b012f01 0b005001 10000 100 10240 1119807 13152 13101
0b00e101 0b004f01 10000 100 5120 1122303 13638 12672
0b00a601 0b00a901 10000 100 512000 977526 162817 47086
0b004501 0b002101 10000 100 204800 1093608 46818 29411
0b011101 0b006201 10000 100 10240 1125312 15123 13101
0b012f01 0b009b01 10000 100 2048 1130525 12451 12415
0b00df01 0b00d701 10000 100 512000 1047654 100990 47086
0b007e01 0b007101 10000 100 204800 1125523 23369 21331
0b00c901 0b000001 10000 100 204800 1104628 45374 29411
0b003101 0b00de01 10000 100 5242880 244640 908702 451803
0b000c01 0b009c01 10000 100 10240 1140381 13976 13101
0b00c001 0b003301 10000 100 10240 1141894 14109 13101
0b010101 0b00ee01 10000 100 2097152 431520 724612 188068
0b00fc01 0b008701 10000 100 102400 1123883 34597 20827
0b00e401 0b010a01 10000 100 2097152 601541 558791 188068
0b006e01 0b000b01 10000 100 1024 1150006 12397 12329
0b003f01 0b010201 10000 100 2097152 812161 352393 188068
0b006d01 0b003001 10000 100 10240 1154365 13758 13101
0b002301 0b00ea01 10000 100 204800 1138555 30371 29411
0b004401 0b013301 10000 100 512000 1056321 113396 55166
0b000601 0b007701 10000 100 1048576 961579 208690 100154
0b00f101 0b00d401 10000 100 51200 1144704 26495 12495
0b00a601 0b013a01 10000 100 204800 1079344 92394 29411
0b002c01 0b004301 10000 100 204800 1127526 45573 29411
0b010d01 0b003b01 10000 100 102400 1152014 23274 20827
0b010401 0b008a01 10000 100 102400 1150589 24821 20827
0b00f401 0b003c01 10000 100 512000 1077508 105076 55166
0b00c301 0b004c01 10000 100 204800 1080056 102884 29411
0b00d401 0b006c01 10000 100 1048576 1072826 112230 100154
0b001501 0b013501 10000 100 102400 1139199 47628 20827
0b011001 0b00fb01 10000 100 102400 1160058 30709 20827
0b012a01 0b004001 10000 100 5120 1180068 12758 12672
0b00c501 0b007d01 10000 100 5120 1182317 12729 12672
0b008901 0b000701 10000 100 102400 1183060 21743 20827
0b00fd01 0b000c01 10000 100 51200 1184954 20872 16535
0b00f401 0b006401 10000 100 512000 1133874 74106 55166
0b000d01 0b00c701 10000 100 102400 1182455 25997 20827
0b007201 0b010801 10000 100 204800 1157969 55756 29411
0b006801 0b007401 10000 100 10240 1205148 10135 9061
0b00b901 0b002001 10000 100 1048576 927906 289897 100154
0b006701 0b010401 10000 100 1048576 978562 244724 100154
0b011501 0b002601 10000 100 1048576 905589 318635 100154
0b00ca01 0b003c01 10000 100 5120 1211906 13252 12672
0b013801 0b006d01 10000 100 5120 1212725 12682 12672
0b00ad01 0b004c01 10000 100 2097152 829424 399780 188068
0b010601 0b00f801 10000 100 5242880 564902 671211 451803
0b007e01 0b009701 10000 100 102400 1215148 22048 20827
0b00f601 0b004001 10000 100 2097152 627130 612944 188068
0b000001 0b005301 10000 100 1024 1229653 12367 12329
0b002501 0b011601 10000 100 51200 1223612 21115 16535
0b000301 0b00ac01 10000 100 1048576 839386 406366 100154
0b012c01 0b001301 10000 100 102400 1207584 39084 20827
0b00e501 0b010501 10000 100 10485760 129528 1117440 891367
0b00aa01 0b004701 10000 100 10240 1231660 15567 13101
0b00a701 0b008b01 10000 100 1048576 1061543 186202 96114
0b001901 0b00d901 10000 100 2048 1237697 12479 12415
0b010b01 0b005e01 10000 100 5242880 354433 896208 451803
0b00aa01 0b006601 10000 100 2097152 866130 384715 188068
0b005001 0b001401 10000 100 5120 1241013 13022 12672
0b00c301 0b007901 10000 100 2097152 635971 618180 188068
0b002301 0b00cf01 10000 100 2048 1245662 13110 12415
0b001901 0b005401 10000 100 20480 1243935 15562 13959
0b011801 0b00e001 10000 100 20480 1248055 15773 13959
0b007601 0b002401 10000 100 5120 1250671 13895 12672
0b00ef01 0b00cc01 10000 100 5242880 461337 804097 447763
0b00a301 0b011a01 10000 100 102400 1244990 21787 20827
0b002701 0b006901 10000 100 5242880 452660 815024 451803
0b00bd01 0b00f701 10000 100 5242880 482355 786242 451803
0b012701 0b003301 10000 100 1048576 1133560 136540 100154
0b001b01 0b00c801 10000 100 204800 1221063 49402 29411
0b005001 0b006e01 10000 100 5120 1261158 13388 8632
0b000201 0b001201 10000 100 10485760 147314 1127947 887327
0b011001 0b002601 10001 100 20480 1260162 16234 13959
0b00a201 0b00a101 10000 100 51200 1262188 14773 8455
0b003001 0b002001 10000 100 512000 1177536 99569 51126
0b008001 0b012601 10000 100 2048 1267143 12553 12415
0b009a01 0b00dd01 10000 100 2048 1268526 12414 12415
0b005101 0b009d01 10000 100 10240 1265050 15986 13101
0b012f01 0b000e01 10000 100 204800 1236464 46703 29411
0b009d01 0b006001 10000 100 20480 1267754 15712 13959
0b00ff01 0b007c01 10000 100 204800 1246981 36517 29411
0b010201 0b001201 10000 100 51200 1262822 21139 16535
0b00af01 0b00d501 10000 100 102400 1255175 29930 20827
0b010b01 0b00c101 10000 100 5242880 385804 899620 451803
0b000f01 0b00e601 10000 100 102400 1268552 21649 20827
0b001001 0b011701 10000 100 5242880 692544 600374 451803
0b00e301 0b00e201 10000 100 10240 1290191 5897 5021
0b010401 0b001501 10000 100 204800 1248339 47832 29411
0b007201 0b002001 10000 100 5242880 6789 1294653 451803
0b002101 0b001501 10000 100 51200 1285115 17778 12495
0b010201 0b009101 10000 100 512000 1243624 63153 55166
0b003401 0b008601 10000 100 51200 1288810 21143 16535
0b00e301 0b006901 10000 100 204800 1279238 31698 29411
0b00bc01 0b009501 10000 100 1048576 1037680 275752 96114
0b013a01 0b00b401 10000 100 2048 1302851 13508 12415
0b00f601 0b009901 10000 100 1048576 966979 351048 100154
0b013e01 0b001001 10000 100 10485760 197534 1120881 891367
0b011201 0b012801 10000 100 102400 1302039 18283 16787
0b010701 0b009301 10000 100 2048 1308095 12531 12415
0b00e601 0b005d01 10000 100 204800 1263851 58202 29411
0b00fb01 0b005401 10000 100 1048576 1201164 121730 100154
0b012b01 0b011101 10000 100 51200 1307042 16523 12495
0b013c01 0b007201 10000 100 102400 1293990 30140 20827
0b004101 0b00a401 10000 100 10485760 207800 1119565 891367
0b000801 0b011201 10000 100 204800 1297989 30771 29411
0b00bc01 0b007501 10000 100 51200 1309786 19297 16535
0b004401 0b00ff01 10000 100 2048 1316944 12684 12415
0b005501 0b013d01 10000 100 204800 1298129 31567 29411
0b002401 0b002101 10000 100 5120 1323862 5897 4592
0b00b401 0b013901 10000 100 51200 1303916 25982 16535
0b013a01 0b006b01 10000 100 102400 1297830 32550 20827
0b00eb01 0b005e01 10000 100 10240 1321099 13544 13101
0b006501 0b012101 10000 100 2048 1326792 12552 12415
0b005e01 0b005101 10000 100 51200 1333124 12226 8455
0b00a601 0b004401 10000 100 2097152 889849 457002 188068
0b011401 0b009101 10000 100 5120 1333945 13559 12672
0b013a01 0b00dd01 10000 100 102400 1315519 32192 20827
0b006801 0b00c901 10000 100 5242880 599251 750632 451803
0b00c301 0b013001 10000 100 102400 1302248 51031 20827
0b005801 0b004801 10000 100 51200 1335217 19498 12495
0b006701 0b00fe01 10000 100 1048576 1060846 294846 100154
0b003801 0b013c01 10000 100 2048 1343664 12450 12415
0b010101 0b00a301 10000 100 10240 1343280 13884 13101
0b013801 0b004901 10000 100 204800 1332304 31569 29411
0b00c801 0b00f601 10000 100 1024 1361393 8320 8289
0b00f201 0b00be01 10000 100 1024 1359154 12533 12329
0b009e01 0b002f01 10000 100 10240 1362272 14953 13101
0b003701 0b00ad01 10000 100 20480 1361243 16091 13959
0b010d01 0b012d01 10000 100 1048576 1159803 219885 96114
0b00e101 0b002701 10000 100 5120 1366075 14493 12672
0b002e01 0b011801 10000 100 10485760 178266 1212759 891367
0b003a01 0b010d01 10000 100 5242880 657364 737691 451803
0b010801 0b011d01 10000 100 20480 1385230 10371 9919
0b004901 0b007b01 10000 100 5242880 128166 1271982 447763
0b00bf01 0b00fd01 10000 100 51200 1367977 32742 16535
0b001801 0b00c501 10000 100 20480 1386880 17588 13959
0b000301 0b00f901 10000 100 2097152 750285 656032 188068
0b00f201 0b004701 10000 100 5120 1393698 13968 12672
0b005d01 0b00ee01 10000 100 102400 1377004 30795 20827
0b00e201 0b012301 10000 100 2097152 897429 510389 188068
0b001401 0b012b01 10000 100 5120 1397442 13545 12672
0b002301 0b001501 10000 100 102400 1393188 26011 16787
0b00ed01 0b00eb01 10000 100 102400 1404766 18157 12747
0b006f01 0b002501 10000 100 10240 1412255 13424 13101
0b009501 0b006101 10000 100 512000 1310701 116035 55166
0b00e901 0b00bc01 10000 100 5120 1414562 13260 12672
0b00c301 0b00fc01 10000 100 20480 1412337 15985 9919
0b00c501 0b001701 10000 100 10240 1416726 13571 13101
0b001e01 0b000501 10000 100 204800 1385373 45643 25371
0b000501 0b010001 10000 100 5242880 464507 967132 451803
0b004401 0b00b201 10000 100 20480 1416703 15741 13959
0b00df01 0b003101 10000 100 1024 1422487 12478 12329
0b009401 0b001701 10000 100 5120 1423743 13025 12672
0b011501 0b00ac01 10000 100 512000 1327323 110174 55166
0b00be01 0b00b101 10000 100 204800 1394779 44477 21331
0b00fb01 0b00f001 10000 100 5120 1436093 4664 4592
0b00f701 0b000a01 10000 100 1048576 1040839 404449 100154
0b008d01 0b002c01 10000 100 102400 1424535 28085 20827
0b00e101 0b00d201 10000 100 1048576 1199561 260657 96114
0b001401 0b00eb01 10000 100 102400 1423177 38791 20827
0b00da01 0b007101 10000 100 512000 1400729 61923 55166
0b003301 0b003501 10000 100 5120 1461166 5451 4592
0b00ba01 0b004401 10000 100 1048576 1247583 227428 100154
0b002401 0b007801 10000 100 5120 1461108 13905 12672
0b00ad01 0b005201 10000 100 5120 1463736 13536 12672
0b013201 0b007b01 10000 100 2097152 1173241 304496 188068
0b011e01 0b003201 10000 100 2097152 1052175 426942 188068
0b00a801 0b00c201 10000 100 2097152 1121636 358354 188068
0b000001 0b002c01 10000 100 10485760 25697 1454791 887327
0b002201 0b003001 10000 100 1048576 1180618 300509 96114
0b00d801 0b011b01 10000 100 20480 1470037 14539 13959
0b00e401 0b012e01 10000 100 5242880 534074 950566 451803
0b011a01 0b003b01 10000 100 20480 1469038 15632 13959
0b006b01 0b009f01 10000 100 2097152 1126012 360049 188068
0b011101 0b00ed01 10000 100 2097152 1079785 410355 188068
0b004001 0b000701 10000 100 5120 1477114 13060 12672
0b00bc01 0b00be01 10000 100 512000 1402582 89904 47086
0b002201 0b00c401 10000 100 10240 1478497 14955 13101
0b012001 0b005101 10001 100 102400 1447462 50296 20827
0b00e301 0b00cb01 10000 100 512000 1364200 135742 51126
0b00bf01 0b00e101 10000 100 2097152 1065898 434832 188068
0b00b101 0b008501 10000 100 1048576 1235346 270286 96114
0b010001 0b006101 10000 100 204800 1439444 66974 29411
0b002501 0b011c01 10000 100 102400 1484597 25500 20827
0b00c301 0b004701 10000 100 2097152 795791 715707 188068
0b006e01 0b00f401 10000 100 102400 1487798 24728 20827
0b00d301 0b004701 10000 100 204800 1485954 59444 29411
0b008f01 0b009d01 10000 100 1048576 1370178 175228 96114
0b00d901 0b00a601 10000 100 2097152 420483 1130829 188068
0b005001 0b013e01 10000 100 2097152 1156984 398898 188068
0b000c01 0b001d01 10000 100 5242880 906393 652735 447763
0b002401 0b00a701 10000 100 2097152 1092768 479904 188068
0b00e701 0b00b001 10000 100 10485760 382628 1190418 891367
0b011501 0b012101 10000 100 2097152 1217659 362409 184028
0b003701 0b001a01 10000 100 1048576 1380586 202179 96114
0b00bb01 0b00f201 10000 100 2097152 1294339 292803 188068
0b012a01 0b00f401 10000 100 512000 1489567 101291 55166
0b013d01 0b002801 10000 100 5242880 602430 994679 451803
0b00fa01 0b006301 10000 100 5242880 523392 1078752 451803
0b003e01 0b005501 10000 100 5242880 860713 742851 451803
0b002701 0b00cc01 10000 100 2097152 417673 1187541 188068
0b005801 0b00fd01 10000 100 512000 1459351 145873 55166
0b001101 0b011b01 10000 100 1048576 1304056 306246 100154
0b011001 0b002601 10000 100 1048576 870988 744169 100154
0b006f01 0b00fe01 10000 100 5242880 86029 1550492 451803
0b009c01 0b002101 10000 100 10485760 594860 1047475 891367
0b00a201 0b00ac01 10000 100 2097152 1222011 441320 179988
0b007501 0b013001 10000 100 2097152 1167627 503842 188068
0b012001 0b005101 10000 100 2097152 1045265 642004 188068
0b009b01 0b001201 10000 100 1048576 1312568 374930 100154
0b006601 0b00ad01 10000 100 2097152 1486635 220227 188068
0b00ea01 0b000401 10000 100 2097152 1377584 335522 188068
0b00e901 0b003701 10000 100 5242880 1059606 660422 451803
0b004801 0b006801 10000 100 10485760 298418 1435775 887327
0b00ad01 0b005901 10000 100 10485760 538438 1209208 891367
0b001101 0b002b01 10000 100 2097152 1262270 498341 184028
0b013001 0b012b01 10000 100 2097152 1466096 295197 184028
0b00d201 0b00cb01 10000 100 5242880 935642 838629 447763
0b001701 0b00fe01 10000 100 5242880 163273 1624361 451803
0b006301 0b001101 10000 100 2097152 1337050 451724 188068
0b012c01 0b00eb01 10000 100 10485760 351264 1451335 891367
0b002d01 0b011601 10000 100 5242880 863830 946242 451803
0b002d01 0b005601 10000 100 10485760 214541 1595651 891367
0b012401 0b00e301 10000 100 2097152 1166158 644152 188068
0b002901 0b005201 10000 100 10485760 100321 1727800 891367
0b012c01 0b00bf01 10000 100 5242880 924833 907726 451803
0b008501 0b009001 10000 100 10485760 294321 1540601 887327
0b002301 0b00ec01 10000 100 5242880 1324267 528180 451803
0b012d01 0b012301 10000 100 5242880 1151894 719569 443723
0b009601 0b00a501 10000 100 5242880 1234354 655710 447763
0b002601 0b001101 10000 100 2097152 895417 995595 184028
0b013501 0b004401 10000 100 5242880 1267897 625320 451803
0b013401 0b003901 10000 100 10485760 896863 998525 891367
0b008f01 0b012d01 10000 100 5242880 965767 943626 451803
0b00bf01 0b010f01 10000 100 2097152 1370817 556272 188068
0b005a01 0b006901 10000 100 5242880 1443704 498298 447763
0b003f01 0b00da01 10000 100 5242880 933824 1024780 451803
0b011201 0b005a01 10000 100 5242880 1430452 539704 451803
0b00d201 0b002001 10000 100 2097152 446417 1533985 188068
0b012501 0b00db01 10000 100 5242880 1024071 991135 451803
0b008101 0b000b01 10000 100 10485760 846406 1169934 891367
0b006101 0b013e01 10000 100 10485760 688632 1332278 891367
0b012201 0b009601 10000 100 5242880 659578 1380978 451803
0b013d01 0b011001 10000 100 10485760 412817 1630621 887327
0b009201 0b010401 10000 100 5242880 1475201 571978 451803
0b00ca01 0b013a01 10000 100 5242880 1138436 916333 451803
0b013a01 0b00d901 10001 100 5242880 1218342 855456 451803
0b002601 0b000101 10001 100 2097152 1438433 636675 184028
0b00a501 0b00da01 10000 100 5242880 1261282 823738 451803
0b002601 0b005e01 10000 100 2097152 1478212 622028 188068
0b00c301 0b00c001 10000 100 5242880 816184 1286052 443723
0b004901 0b00f101 10000 100 10485760 16754 2087894 891367
0b003a01 0b003201 10000 100 10485760 337413 1799147 883287
0b00a001 0b00c301 10000 100 5242880 1208015 935004 451803
0b004201 0b012d01 10000 100 5242880 1079050 1081354 451803
0b00f701 0b003c01 10000 100 2097152 1188295 975178 188068
0b012401 0b00be01 10000 100 5242880 841697 1340072 451803
0b00c801 0b012501 10000 100 20000000 61561 2130901 1689040
0b003d01 0b001b01 10000 100 5242880 1408951 793061 447763
0b013e01 0b013501 10000 100 5242880 1268040 958351 443723
0b00b501 0b00c301 10000 100 5242880 1155847 1083022 451803
0b00aa01 0b000901 10000 100 10485760 698137 1551577 891367
0b007301 0b00b101 10000 100 5242880 667549 1583079 451803
0b00fc01 0b011701 10000 100 5242880 1423451 832381 451803
0b005c01 0b000201 10000 100 5242880 899776 1364730 451803
0b00c101 0b001101 10000 100 5242880 965623 1299079 451803
0b00f101 0b013001 10000 100 5242880 602931 1685947 451803
0b012601 0b00ed01 10000 100 10485760 927204 1365945 891367
0b010a01 0b010901 10000 100 5242880 1472891 820871 443723
0b00b701 0b00a301 10000 100 10485760 1288618 1012401 887327
0b001f01 0b00df01 10000 100 5242880 1024125 1297567 451803
0b010c01 0b013001 10000 100 10485760 265666 2057228 887327
0b00bb01 0b00b701 10000 100 10485760 307847 2021432 883287
0b00ef01 0b000201 10000 100 2097152 824762 1505205 188068
0b00c401 0b00a001 10000 100 20000000 233291 2111517 1689040
0b00c301 0b006501 10000 100 10485760 468346 1877473 891367
0b005801 0b003101 10000 100 10485760 850901 1501631 891367
0b000901 0b000e01 10000 100 20000000 481667 1885874 1680960
0b00a101 0b00c001 10000 100 5242880 1108784 1268058 451803
0b013a01 0b00ee01 10000 100 5242880 1410227 967355 451803
0b002401 0b007501 10000 100 10485760 1295336 1084927 891367
0b005e01 0b008d01 10000 100 10485760 1397088 999171 891367
0b007301 0b001c01 10000 100 10485760 148882 2256940 891367
0b00d001 0b003501 10000 100 10485760 1381047 1044632 891367
0b002a01 0b010901 10000 100 10485760 714276 1718566 891367
0b005401 0b00ff01 10001 100 5242880 1148289 1287463 451803
0b00fa01 0b00cf01 10000 100 10485760 516046 1943127 887327
0b00cd01 0b006f01 10000 100 20000000 545175 1933878 1689040
0b001901 0b005401 10001 100 10485760 1393941 1090977 891367
0b000301 0b005c01 10000 100 5242880 709090 1776539 451803
0b010c01 0b002001 10000 100 10485760 514952 1986791 891367
0b007801 0b011901 10000 100 5242880 965214 1538252 451803
0b001101 0b001601 10000 100 20000000 146811 2359075 1680960
0b006a01 0b013601 10000 100 20000000 428987 2084537 1689040
0b00b401 0b013a01 10000 100 10485760 773530 1754221 891367
0b000601 0b00fd01 10000 100 20000000 486546 2081796 1689040
0b003c01 0b00d501 10000 100 10485760 477153 2107715 891367
0b00c901 0b00a701 10000 100 20000000 369027 2232602 1689040
0b012501 0b010301 10000 100 20000000 189601 2418449 1685000
0b00b801 0b008c01 10000 100 20000000 755498 1878199 1685000
0b007301 0b011901 10000 100 5242880 558739 2076333 451803
0b00f601 0b007701 10000 100 10485760 569501 2069772 891367
0b00e901 0b012301 10000 100 10485760 1035305 1616130 891367
0b003201 0b00d201 10000 100 10485760 1314340 1338108 891367
0b007201 0b002801 10000 100 10485760 595733 2060439 891367
0b000501 0b00b401 10000 100 20000000 215863 2447368 1689040
0b013001 0b00df01 10000 100 5242880 1030111 1687605 451803
0b006201 0b004301 10000 100 20000000 223389 2505522 1685000
0b001301 0b00cb01 10000 100 10485760 323865 2409879 891367
0b011101 0b008101 10000 100 10485760 851385 1888415 891367
0b012401 0b003301 10000 100 5242880 1459493 1288870 451803
0b00a801 0b001b01 10000 100 10485760 996345 1757418 891367
0b00b301 0b010601 10000 100 20000000 571331 2189933 1689040
0b00d701 0b00ac01 10000 100 20000000 399866 2368623 1689040
0b008301 0b00d701 10000 100 20000000 623746 2150764 1689040
0b007301 0b010f01 10000 100 5242880 553701 2243731 451803
0b012201 0b002901 10000 100 10485760 513904 2292027 891367
0b007401 0b004601 10000 100 10485760 883051 1923013 887327
0b008501 0b007301 10000 100 10485760 1069337 1804627 891367
0b002a01 0b001d01 10000 100 20000000 36523 2856062 1685000
0b003e01 0b005b01 10000 100 10485760 1104312 1790536 891367
0b00fa01 0b009001 10000 100 10485760 1392730 1532163 891367
0b009d01 0b00e001 10000 100 10485760 747682 2191162 891367
0b004f01 0b009e01 10000 100 20000000 830834 2117510 1689040
0b004301 0b00b201 10000 100 20000000 993317 1955978 1689040
0b002601 0b000101 10000 100 10485760 1101135 1848753 887327
0b00d301 0b000501 10000 100 10485760 978885 1991107 891367
0b001501 0b006201 10000 100 10485760 545708 2427239 891367
0b007c01 0b008601 10000 100 20000000 476295 2509004 1689040
0b00bf01 0b00fc01 10000 100 20000000 644780 2356180 1689040
0b003701 0b012001 10000 100 20000000 856557 2150290 1689040
0b00e601 0b005101 10000 100 5242880 625947 2388701 451803
0b010401 0b006c01 10000 100 10485760 1430031 1585901 891367
0b005901 0b007601 10000 100 20000000 910074 2106799 1685000
0b00d101 0b001f01 10000 100 10485760 1473810 1545632 891367
0b00ba01 0b013f01 10000 100 20000000 1095533 1959844 1689040
0b00c101 0b003c01 10000 100 20000000 560964 2496333 1689040
0b007601 0b007201 10000 100 10485760 960887 2100341 883287
0b006c01 0b00ae01 10000 100 10485760 883283 2191460 891367
0b001c01 0b006301 10000 100 20000000 888140 2189595 1689040
0b003601 0b00e801 10000 100 20000000 512843 2565606 1689040
0b009e01 0b011401 10000 100 20000000 1046073 2045469 1689040
0b00e001 0b008101 10000 100 10485760 1482253 1620624 891367
0b005401 0b00ff01 10000 100 20000000 511405 2617413 1689040
0b001b01 0b010a01 10000 100 20000000 1187530 1949814 1689040
0b00f101 0b011501 10000 100 10485760 890623 2246870 891367
0b004001 0b002d01 10000 100 20000000 1197163 1949844 1689040
0b010301 0b004801 10000 100 10485760 1297813 1849607 891367
0b00d301 0b00db01 10000 100 10485760 1491649 1666844 883287
0b00a601 0b004d01 10000 100 20000000 942376 2217060 1689040
0b00a201 0b00f701 10000 100 20000000 809671 2356581 1689040
0b002501 0b013501 10000 100 20000000 734394 2444084 1689040
0b006701 0b008201 10000 100 20000000 660981 2523245 1689040
0b001801 0b013301 10000 100 10485760 1217402 1972756 891367
0b009101 0b002b01 10000 100 20000000 827470 2370127 1689040
0b007901 0b004701 10000 100 20000000 1092131 2116231 1685000
0b002201 0b002a01 10000 100 10485760 1368314 1858362 883287
0b00b101 0b001101 10000 100 20000000 314304 2922741 1689040
0b00a901 0b000501 10000 100 20000000 195625 3065657 1689040
0b007f01 0b007801 10000 100 20000000 724648 2560695 1680960
0b004901 0b009f01 10000 100 20000000 518379 2774261 1689040
0b007d01 0b00d601 10000 100 20000000 1010519 2294347 1689040
0b010d01 0b007401 10000 100 20000000 1250033 2055549 1689040
0b00f701 0b00c601 10000 100 5242880 1178781 2136548 447763
0b011401 0b000601 10000 100 20000000 307754 3018447 1689040
0b012001 0b00a101 10000 100 20000000 96989 3286615 1689040
0b012401 0b013201 10000 100 20000000 511258 2900893 1685000
0b009401 0b011901 10000 100 20000000 450602 2971840 1689040
0b00d601 0b011b01 10000 100 10485760 1488083 1946961 891367
0b013301 0b005d01 10000 100 5242880 1491254 1973791 451803
0b007401 0b009a01 10000 100 20000000 489510 2981158 1689040
0b00ff01 0b008501 10000 100 10485760 1199968 2298727 891367
0b001501 0b008701 10000 100 10485760 865740 2653009 891367
0b009301 0b006101 10000 100 20000000 312439 3224094 1689040
0b00f301 0b002601 10000 100 20000000 976857 2566052 1689040
0b00de01 0b008701 10000 100 20000000 675766 2885875 1689040
0b011a01 0b011101 10000 100 20000000 930752 2632953 1680960
0b006b01 0b005c01 10000 100 10485760 1354622 2210846 887327
0b002b01 0b002f01 10000 100 10485760 843453 2723443 883287
0b003f01 0b005d01 10000 100 10485760 339500 3234383 891367
0b008401 0b00fe01 10000 100 10485760 1258779 2328114 891367
0b008e01 0b000201 10000 100 20000000 26410 3573580 1689040
0b012201 0b00fb01 10000 100 20000000 99881 3500480 1689040
0b00f101 0b007901 10000 100 20000000 217345 3396012 1689040
0b00d901 0b005d01 10000 100 10485760 280780 3332604 891367
0b005c01 0b004f01 10000 100 20000000 1460431 2157708 1685000
0b00b901 0b005101 10000 100 10485760 627941 3012110 891367
0b006001 0b002f01 10000 100 20000000 774975 2869891 1689040
0b003301 0b00cf01 10000 100 20000000 948415 2735374 1689040
0b012901 0b002701 10000 100 20000000 250379 3444554 1689040
0b00ae01 0b010801 10000 100 10485760 566699 3135885 891367
0b00a101 0b009d01 10000 100 10485760 1462622 2241647 887327
0b010a01 0b007801 10000 100 5242880 1047673 2658010 451803
0b00f601 0b008401 10000 100 20000000 609035 3122705 1689040
0b013c01 0b003201 10000 100 20000000 938422 2797222 1689040
0b005801 0b00ef01 10000 100 20000000 1400247 2362299 1689040
0b000001 0b00ae01 10000 100 20000000 568594 3208201 1689040
0b00a101 0b012101 10000 100 20000000 473473 3305460 1689040
0b008d01 0b005c01 10000 100 20000000 234521 3552873 1689040
0b00b401 0b00b901 10000 100 10485760 1081076 2768182 883287
0b007201 0b00ab01 10000 100 20000000 1377013 2487496 1689040
0b00fd01 0b013301 10000 100 20000000 655417 3216963 1689040
0b004601 0b00df01 10000 100 20000000 1215555 2672891 1689040
0b008001 0b004801 10000 100 20000000 1004151 2887005 1689040
0b00d601 0b010801 10000 100 20000000 703578 3219569 1689040
0b002201 0b00c701 10000 100 20000000 1127228 2796598 1689040
0b005101 0b003001 10000 100 20000000 272893 3653274 1689040
0b00e701 0b013001 10000 100 20000000 607055 3342424 1689040
0b010001 0b007e01 10000 100 20000000 491498 3465018 1689040
0b009501 0b005b01 10000 100 20000000 1122064 2851166 1689040
0b001401 0b000301 10000 100 20000000 449586 3526857 1685000
0b002b01 0b00e101 10000 100 10485760 1304899 2673862 891367
0b010401 0b00ee01 10000 100 20000000 255086 3727684 1689040
0b009b01 0b005001 10000 100 10485760 1177882 2806076 891367
0b009701 0b00fa01 10000 100 20000000 881875 3157734 1689040
0b002101 0b002701 10000 100 20000000 956856 3123179 1680960
0b012a01 0b005001 10000 100 20000000 1253858 2830251 1689040
0b012001 0b008501 10000 100 20000000 744156 3342499 1689040
0b00cf01 0b00d501 10000 100 20000000 1102469 3009671 1685000
0b011401 0b002401 10000 100 20000000 1198786 2913783 1689040
0b004701 0b003001 10000 100 20000000 255847 3879475 1689040
0b011701 0b007a01 10000 100 20000000 709882 3455180 1689040
0b003401 0b004501 10000 100 10485760 510572 3667434 891367
0b001501 0b001f01 10000 100 20000000 640920 3557645 1680960
0b00be01 0b007e01 10000 100 20000000 768892 3470109 1689040
0b013301 0b004601 10000 100 10485760 852765 3392778 891367
0b00aa01 0b006101 10000 100 20000000 1430085 2849276 1689040
0b003501 0b000101 10000 100 20000000 1286512 2998432 1685000
0b009801 0b009501 10000 100 20000000 363085 3949703 1680960
0b00c201 0b008901 10000 100 20000000 661350 3653363 1689040
0b002b01 0b003d01 10000 100 20000000 524282 3807546 1685000
0b007601 0b012601 10000 100 20000000 872298 3483344 1689040
0b005101 0b00d401 10000 100 20000000 1135488 3248507 1689040
0b006201 0b00a601 10000 100 10485760 1040094 3352235 891367
0b012801 0b013701 10000 100 20000000 150070 4258644 1685000
0b011f01 0b00fb01 10000 100 20000000 393145 4018639 1689040
0b004d01 0b004501 10000 100 20000000 717746 3735047 1680960
0b00f201 0b001701 10000 100 20000000 1119154 3346746 1689040
0b00cc01 0b000601 10000 100 20000000 1107373 3369487 1689040
0b009701 0b003301 10000 100 20000000 1303614 3176856 1689040
0b008401 0b00ce01 10000 100 20000000 1078994 3417999 1689040
0b004c01 0b00d501 10000 100 10485760 83881 4418704 891367
0b008601 0b013101 10000 100 10485760 1462224 3041799 891367
0b005201 0b00cc01 10000 100 20000000 416650 4099290 1689040
0b011f01 0b00fe01 10000 100 20000000 791751 3759499 1689040
0b00db01 0b002601 10000 100 20000000 541331 4057608 1689040
0b013d01 0b00e001 10000 100 20000000 1417272 3188227 1689040
0b00e101 0b000301 10000 100 20000000 736489 3891997 1689040
0b001301 0b012701 10000 100 20000000 465702 4172405 1689040
0b00f201 0b006401 10000 100 20000000 1335947 3325869 1689040
0b00cc01 0b013701 10000 100 10485760 1100780 3581660 891367
0b00e601 0b00b701 10000 100 20000000 296822 4397240 1689040
0b00eb01 0b002001 10000 100 20000000 326623 4368961 1689040
0b000701 0b008b01 10000 100 20000000 1243806 3475358 1689040
0b004a01 0b00ee01 10000 100 20000000 512975 4214891 1689040
0b001301 0b007201 10000 100 20000000 664610 4074693 1689040
0b010201 0b008901 10000 100 20000000 1296059 3478525 1689040
0b009b01 0b010701 10000 100 20000000 574281 4223686 1689040
0b005201 0b005101 10000 100 20000000 1491043 3319812 1680960
0b001401 0b013701 10000 100 20000000 1196449 3644720 1689040
0b008401 0b009501 10000 100 10485760 748257 4106779 887327
0b008901 0b012601 10000 100 20000000 1420781 3460111 1689040
0b008201 0b011101 10000 100 10485760 919175 3983207 891367
0b00ea01 0b012901 10000 100 20000000 1210590 3706023 1689040
0b004c01 0b00d501 10001 100 10485760 843448 4105546 891367
0b00fc01 0b000a01 10000 100 20000000 652270 4315763 1689040
0b005601 0b007801 10000 100 20000000 1133518 3841156 1685000
0b011d01 0b010f01 10000 100 20000000 1066169 3934714 1685000
0b001801 0b012901 10000 100 20000000 1380174 3621856 1689040
0b010601 0b004501 10000 100 20000000 334319 4685095 1689040
0b003201 0b011101 10000 100 20000000 57911 4961567 1689040
0b00eb01 0b008b01 10000 100 20000000 1074082 4059278 1689040
0b011301 0b00b901 10000 100 20000000 1308925 3840828 1689040
0b00e101 0b005d01 10000 100 20000000 988347 4173876 1689040
0b013301 0b009201 10000 100 20000000 451014 4722685 1689040
0b00f901 0b000a01 10000 100 20000000 461580 4721994 1689040
0b009b01 0b000201 10000 100 20000000 799266 4404938 1689040
0b008801 0b010f01 10000 100 20000000 921211 4302228 1689040
0b002c01 0b007a01 10000 100 20000000 1383983 3907636 1689040
0b007a01 0b003e01 10000 100 20000000 612851 4693385 1689040
0b000101 0b009501 10000 100 20000000 1201232 4118496 1689040
0b002c01 0b00b701 10000 100 20000000 1032535 4316559 1689040
0b003601 0b013101 10000 100 20000000 74303 5454713 1689040
0b00ae01 0b001201 10000 100 20000000 1182754 4348049 1689040
0b013301 0b004e01 10000 100 20000000 896270 4680137 1689040
0b00ae01 0b00bd01 10000 100 20000000 1490978 4185894 1685000
0b00b201 0b000a01 10000 100 20000000 15014 5716292 1689040
0b00f701 0b005201 10000 100 20000000 166806 5571505 1689040
0b006b01 0b011f01 10000 100 20000000 1094151 4950674 1689040
0b00f701 0b00b901 10000 100 20000000 511290 5618608 1689040
0b007a01 0b012b01 10000 100 20000000 1218654 4956451 1689040
0b006501 0b00e001 10000 100 20000000 53726 6176248 1689040
0b007a01 0b00a101 10000 100 20000000 1415641 4854195 1689040
0b000301 0b013101 10000 100 20000000 375517 5907608 1689040
0b008501 0b00a601 10000 100 20000000 1374290 4984983 1685000
0b00e401 0b011f01 10000 100 20000000 309354 6090992 1689040
0b00f701 0b002901 10000 100 20000000 1459781 5022823 1689040
0b009601 0b011f01 10000 100 20000000 1112722 5459939 1689040
0b002701 0b013101 10000 100 20000000 52797 6557458 1689040
0b006001 0b00e001 10000 100 20000000 603071 6299742 1689040
0b006001 0b00a601 10000 100 10485760 565790 7264774 891367
0b012d01 0b00a601 10000 100 20000000 921612 8084273 1689040
0b007601 0b00a601 10000 100 20000000 393744 9677516 1689040
0b001701 0b00a601 10000 100 20000000 846268 9257564 1689040
