0b009701 0b003301 10000 100 51200 1910 10187 10267
0b004f01 0b003301 10000 100 2048 9002 8172 8207
0b007901 0b006f01 10000 100 51200 13184 10354 10267
0b001c01 0b006101 10000 100 102400 12324 12305 12413
0b006601 0b001801 10000 100 20480 21675 8943 8979
0b004301 0b001b01 10000 100 51200 22039 10187 10267
0b006401 0b002301 10000 100 1024 25314 8149 8164
0b008701 0b003f01 10000 100 51200 25811 16009 10267
0b008f01 0b002401 10000 100 2048 34134 8172 8207
0b004001 0b009e01 10000 100 2048 40397 8172 8207
0b008101 0b004f01 10000 100 102400 36496 12286 12413
0b008d01 0b007401 10000 100 1024 41078 8130 8164
0b005201 0b000701 10000 100 10240 41647 8526 8550
0b006101 0b000401 10000 100 512000 27810 29092 29583
0b000201 0b001101 10000 100 2048 51015 8265 8207
0b009001 0b006401 10000 100 51200 49940 10203 10267
0b006901 0b008901 10000 100 10240 53952 8930 8550
0b005101 0b004b01 10000 100 102400 47541 16453 12413
0b008c01 0b004401 10000 100 102400 56873 12286 12413
0b006601 0b006201 10000 100 51200 59513 10327 6227
0b004d01 0b001f01 10000 100 2048 64820 8172 8207
0b004f01 0b000a01 10000 100 102400 62152 12286 12413
0b006e01 0b009301 10000 100 102400 63733 12286 12413
0b006f01 0b008901 10000 100 512000 48541 29511 29583
0b000401 0b005701 10000 100 5120 74145 8298 8336
0b001701 0b006201 10000 100 512000 51651 31179 29583
0b000a01 0b007401 10000 100 51200 73617 10195 10267
0b005101 0b004b01 10001 100 102400 67478 16664 12413
0b008e01 0b005c01 10000 100 51200 76501 10191 10267
0b003801 0b005e01 10000 100 20480 78391 8928 8979
0b009001 0b003d01 10000 100 512000 63347 29095 29583
0b009a01 0b000a01 10000 100 20480 86650 9020 8979
0b004801 0b006401 10000 100 5120 88725 8298 8336
0b002801 0b004001 10000 100 1024 92949 8147 8164
0b004501 0b005001 10000 100 10240 93263 8508 8550
0b007001 0b006001 10000 100 2097152 12639 94090 96034
0b003a01 0b005201 10000 100 1024 98676 8179 8164
0b003901 0b003601 10000 100 2097152 22969 90029 91994
0b004401 0b002501 10000 100 51200 103316 10187 10267
0b001301 0b001b01 10000 100 1048576 73703 47281 48037
0b004701 0b004801 10000 100 204800 108074 13299 12665
0b009501 0b002601 10000 100 10240 115350 8522 8550
0b004e01 0b000401 10000 100 102400 111633 12286 12413
0b008201 0b006e01 10000 100 204800 112292 24834 16705
0b002b01 0b008101 10000 100 51200 128058 11663 10267
0b009d01 0b005a01 10000 100 20480 132893 8928 8979
0b008c01 0b009301 10000 100 10240 136546 8508 8550
0b003b01 0b009801 10000 100 1048576 93962 52303 52077
0b004401 0b003201 10000 100 10240 141144 8561 8550
0b000801 0b006c01 10000 100 20480 142218 8928 8979
0b007801 0b009101 10000 100 512000 86308 66545 29583
0b007501 0b003b01 10000 100 2048 145472 8302 8207
0b002f01 0b003d01 10000 100 512000 115182 38767 29583
0b006201 0b008801 10000 100 102400 147054 12980 12413
0b002001 0b003601 10000 100 102400 145909 16461 12413
0b007701 0b001401 10000 100 2097152 61156 101718 96034
0b009901 0b009701 10000 100 1048576 119794 47037 48037
0b007a01 0b009e01 10000 100 51200 156465 12369 10267
0b007c01 0b001001 10000 100 10240 162326 8508 8550
0b003201 0b000201 10000 100 1048576 120369 52151 52077
0b005701 0b002101 10000 100 204800 148885 24877 16705
0b002101 0b008701 10000 100 102400 153143 22998 12413
0b005d01 0b003d01 10000 100 20480 168204 9929 8979
0b006901 0b008501 10000 100 512000 148954 31101 29583
0b000b01 0b008701 10000 100 10240 166956 19666 8550
0b004401 0b001301 10000 100 10240 180776 8649 8550
0b000601 0b002001 10000 100 5120 181750 8438 8336
0b001301 0b005001 10000 100 204800 175035 16718 16705
0b007801 0b005001 10000 100 1024 184293 8242 8164
0b008e01 0b002a01 10000 100 2048 187579 8172 8207
0b001801 0b008c01 10000 100 512000 167883 29104 29583
0b004001 0b007101 10000 100 2097152 60728 137221 96034
0b005701 0b008d01 10000 100 2097152 100904 102505 96034
0b008501 0b007d01 10000 100 51200 193381 10255 10267
0b009801 0b004701 10000 100 5120 192968 17000 8336
0b003d01 0b003601 10000 100 10240 206061 4728 4510
0b009b01 0b008c01 10000 100 51200 201484 13237 10267
0b003601 0b005f01 10000 100 5120 209849 8611 8336
0b000401 0b007401 10000 100 1024 210439 8150 8164
0b000c01 0b009501 10000 100 1048576 129813 90045 52077
0b005301 0b008701 10000 100 102400 203809 19741 12413
0b000c01 0b004201 10000 100 20480 220674 9002 8979
0b005901 0b009001 10000 100 2048 221986 8239 8207
0b007a01 0b001201 10000 100 5120 224064 8615 8336
0b009d01 0b004701 10000 100 512000 182394 50698 29583
0b008301 0b009c01 10000 100 204800 217096 18699 16705
0b006401 0b002801 10000 100 204800 216261 21122 16705
0b007501 0b003701 10000 100 512000 184585 53728 29583
0b000d01 0b002801 10000 100 204800 212747 27359 16705
0b006d01 0b000401 10000 100 51200 227980 12176 10267
0b004d01 0b009f01 10000 100 512000 194882 46512 29583
0b007001 0b001201 10000 100 20480 233289 8943 8979
0b001d01 0b003701 10000 100 512000 198294 44038 29583
0b004301 0b008601 10000 100 2048 234381 8178 8207
0b009401 0b001301 10000 100 512000 205345 37564 29583
0b008201 0b006701 10000 100 2097152 63014 180011 96034
0b002801 0b009301 10000 100 1048576 155055 89843 52077
0b009201 0b004701 10000 100 5120 228678 16367 8336
0b004001 0b007101 10001 100 204800 219564 25856 16705
0b001501 0b004d01 10000 100 204800 228347 17077 16705
0b003901 0b000501 10000 100 2048 240168 8222 8207
0b008b01 0b008301 10000 100 5242880 23343 225187 223861
0b002801 0b004401 10000 100 1048576 160063 89931 52077
0b006d01 0b009801 10000 100 1024 244623 8164 8164
0b007b01 0b006901 10000 100 204800 220034 33596 16705
0b009001 0b007f01 10000 100 2097152 91923 162847 96034
0b004501 0b007101 10000 100 2097152 110159 146413 96034
0b003b01 0b009a01 10000 100 204800 238401 21165 16705
0b001801 0b007901 10000 100 512000 209296 51474 29583
0b002c01 0b007901 10000 100 5242880 10661 252902 227901
0b009901 0b002101 10000 100 51200 256181 10209 10267
0b007a01 0b009501 10000 100 2097152 135064 134515 96034
0b006001 0b000601 10000 100 1048576 209356 63813 52077
0b005201 0b007001 10000 100 1024 265112 8171 8164
0b007d01 0b008b01 10000 100 10240 266696 9369 8550
0b007601 0b002d01 10000 100 5120 267791 8302 8336
0b001d01 0b005e01 10000 100 10240 269016 9377 8550
0b002201 0b004001 10000 100 51200 266448 12258 10267
0b002901 0b007401 10000 100 5120 272032 8496 8336
0b005e01 0b001e01 10000 100 5120 272504 8390 8336
0b001c01 0b006b01 10000 100 51200 271059 12286 10267
0b001101 0b003f01 10000 100 51200 264786 19886 10267
0b005d01 0b000c01 10000 100 51200 272184 12928 10267
0b003701 0b008a01 10000 100 204800 265206 20666 16705
0b004001 0b008301 10000 100 5120 277568 8400 8336
0b007c01 0b004c01 10000 100 512000 239468 47122 29583
0b006e01 0b005201 10000 100 51200 281390 12217 10267
0b005201 0b005d01 10000 100 102400 281739 14422 8373
0b005101 0b006d01 10000 100 10240 287948 8683 8550
0b003301 0b004b01 10000 100 102400 278984 20678 12413
0b008001 0b000b01 10000 100 1048576 248758 51091 52077
0b007601 0b002601 10000 100 51200 291985 12525 10267
0b004201 0b006a01 10000 100 51200 295310 10218 10267
0b007e01 0b006001 10000 100 2048 300075 8232 8207
0b005301 0b004701 10000 100 51200 293978 19457 10267
0b009201 0b005301 10000 100 204800 288686 24889 16705
0b006201 0b003f01 10000 100 51200 302557 12291 10267
0b001c01 0b005901 10000 100 20480 304254 10608 8979
0b004d01 0b007f01 10000 100 1048576 222952 93194 52077
0b009d01 0b009e01 10000 100 2097152 220835 97569 91994
0b004d01 0b008301 10000 100 1048576 226910 91938 52077
0b009301 0b002901 10000 100 512000 288820 30122 29583
0b000101 0b008901 10000 100 5120 312556 8567 8336
0b001601 0b001501 10000 100 51200 318127 6337 6227
0b000801 0b001301 10000 100 512000 290589 35037 29583
0b009601 0b006b01 10000 100 20480 322423 8942 8979
0b006a01 0b006501 10000 100 51200 306920 27257 6227
0b006001 0b009401 10000 100 1048576 283081 51137 52077
0b007801 0b008b01 10000 100 1048576 176300 158860 52077
0b008501 0b007301 10000 100 2097152 242867 94078 96034
0b000f01 0b002601 10000 100 1048576 280578 56651 52077
0b007201 0b000401 10000 100 51200 322963 15174 10267
0b005601 0b008601 10000 100 204800 319390 22347 16705
0b004f01 0b004001 10000 100 1024 337913 4374 4124
0b007101 0b003401 10000 100 204800 313977 31983 16705
0b003801 0b005e01 10001 100 1048576 243918 102606 52077
0b005a01 0b004c01 10000 100 512000 275961 71317 29583
0b006201 0b004301 10000 100 2097152 251547 96190 96034
0b008b01 0b005e01 10000 100 512000 306786 41156 29583
0b009101 0b001201 10000 100 1024 343660 8130 8164
0b000601 0b008c01 10000 100 10240 335813 17767 8550
0b008f01 0b009c01 10000 100 2097152 232056 122348 96034
0b009b01 0b002301 10000 100 5120 349595 8517 8336
0b004601 0b000a01 10000 100 512000 320820 37400 29583
0b005301 0b002f01 10000 100 512000 322744 38988 29583
0b007a01 0b001b01 10000 100 5120 355046 9148 8336
0b009101 0b004301 10000 100 20480 360365 8943 8979
0b002f01 0b003b01 10000 100 512000 324228 47724 29583
0b009b01 0b003801 10000 100 10240 364800 8936 8550
0b009701 0b009f01 10000 100 51200 368575 7248 6227
0b006b01 0b006001 10000 100 204800 363160 14935 12665
0b003d01 0b001b01 10000 100 102400 363288 17939 12413
0b002d01 0b009f01 10000 100 5242880 73559 313099 227901
0b004801 0b001501 10000 100 102400 383490 12524 12413
0b001401 0b008901 10000 100 5242880 175302 223289 227901
0b006a01 0b003701 10000 100 1048576 307642 92895 52077
0b009601 0b005101 10000 100 51200 390595 11215 10267
0b003901 0b008d01 10000 100 20480 391964 10260 8979
0b004101 0b001201 10000 100 204800 392010 17055 16705
0b006501 0b001c01 10000 100 102400 370302 42721 12413
0b006601 0b005401 10000 100 102400 394309 21538 12413
0b006501 0b008101 10000 100 512000 319132 96848 29583
0b006301 0b002501 10000 100 51200 407513 10340 10267
0b008601 0b001d01 10000 100 51200 382462 36476 10267
0b009401 0b000e01 10000 100 512000 376143 45562 29583
0b003a01 0b001001 10000 100 512000 350738 71000 29583
0b004201 0b005301 10000 100 10240 419356 10243 8550
0b005101 0b007201 10000 100 2048 428136 8189 8207
0b009601 0b005f01 10000 100 5120 409967 27174 8336
0b008101 0b008501 10000 100 512000 402898 36230 25543
0b002a01 0b001d01 10000 100 512000 336536 108191 29583
0b008e01 0b003b01 10000 100 204800 422282 23115 16705
0b005301 0b008f01 10000 100 5120 439652 8426 8336
0b002a01 0b000301 10000 100 1048576 313161 138012 52077
0b002701 0b004901 10000 100 204800 415352 36104 16705
0b006901 0b009501 10000 100 512000 421381 30896 29583
0b008e01 0b001801 10000 100 1024 445127 8198 8164
0b005601 0b009301 10000 100 2048 445209 8215 8207
0b002a01 0b002701 10000 100 512000 366387 89899 25543
0b008601 0b007e01 10000 100 1048576 353760 103428 52077
0b008201 0b003201 10000 100 512000 431714 29483 29583
0b003601 0b000601 10000 100 2097152 273478 190402 96034
0b009901 0b005301 10000 100 102400 447678 16711 12413
0b003901 0b003b01 10000 100 102400 450082 15822 8373
0b005e01 0b000901 10000 100 10240 458571 9711 8550
0b000501 0b007d01 10000 100 1024 456437 12098 8164
0b000a01 0b008e01 10000 100 2097152 358543 110912 96034
0b008b01 0b009401 10000 100 1024 466731 8185 8164
0b008901 0b001801 10000 100 10240 466335 8592 8550
0b006101 0b006901 10000 100 5242880 157441 318402 223861
0b002e01 0b001901 10001 100 512000 426700 50248 29583
0b004701 0b009901 10000 100 2048 463857 13669 8207
0b004e01 0b000b01 10000 100 102400 461316 19975 12413
0b005e01 0b008201 10000 100 204800 448755 33325 16705
0b000e01 0b002701 10000 100 51200 443487 38638 10267
0b007501 0b009e01 10000 100 2097152 296181 186266 96034
0b006d01 0b007001 10000 100 51200 473009 10187 10267
0b004e01 0b003d01 10000 100 5242880 128344 356748 227901
0b009c01 0b005401 10000 100 5120 475907 10101 8336
0b009d01 0b007f01 10000 100 204800 469782 17395 16705
0b003c01 0b002701 10000 100 5242880 112014 376281 227901
0b006d01 0b000c01 10000 100 51200 462201 30609 10267
0b003901 0b009801 10000 100 1024 488222 8180 8164
0b001201 0b003901 10000 100 1024 489844 8165 8164
0b002b01 0b007b01 10000 100 102400 477197 20818 12413
0b004501 0b009701 10000 100 2048 490302 8186 8207
0b002501 0b007101 10000 100 51200 488023 13757 10267
0b003e01 0b009d01 10000 100 2097152 407578 94518 96034
0b002901 0b008401 10000 100 102400 478813 30562 12413
0b007901 0b009a01 10000 100 10485760 32072 477688 447683
0b006301 0b001401 10000 100 102400 488537 22103 12413
0b000301 0b002401 10000 100 51200 500506 11438 10267
0b005b01 0b006b01 10000 100 51200 501234 12252 10267
0b005d01 0b007801 10000 100 51200 489604 25395 10267
0b005f01 0b004c01 10000 100 1048576 321184 195118 52077
0b005c01 0b008301 10000 100 512000 469833 50049 29583
0b004a01 0b005d01 10000 100 2097152 244823 282893 96034
0b000701 0b001201 10000 100 512000 483570 46113 29583
0b006a01 0b007801 10000 100 1024 521913 8189 8164
0b000a01 0b003001 10000 100 51200 517848 13387 10267
0b000601 0b009b01 10000 100 204800 515006 18958 16705
0b007701 0b000801 10000 100 5120 527833 8345 8336
0b000c01 0b003d01 10000 100 51200 521554 16591 10267
0b008f01 0b003601 10000 100 2097152 370614 168173 96034
0b005d01 0b001b01 10000 100 204800 491566 48197 16705
0b002f01 0b004101 10000 100 2097152 394223 149494 96034
0b009201 0b001001 10000 100 102400 528997 16591 12413
0b002801 0b002c01 10000 100 512000 504109 43752 25543
0b005801 0b001401 10000 100 51200 538253 11142 10267
0b005001 0b006201 10000 100 102400 537598 14230 12413
0b006d01 0b000e01 10000 100 10240 531532 24347 8550
0b008f01 0b003701 10000 100 5120 549361 8498 8336
0b009a01 0b002501 10000 100 5120 550570 8593 8336
0b001201 0b005401 10000 100 51200 541109 19106 10267
0b004d01 0b004a01 10000 100 204800 529777 32026 12665
0b002901 0b008a01 10000 100 512000 465499 97442 29583
0b009901 0b009501 10000 100 5120 558455 5263 4296
0b004001 0b004801 10000 100 2097152 411819 152702 91994
0b008f01 0b006901 10000 100 2097152 409826 157029 96034
0b000701 0b007c01 10000 100 20480 561543 9206 8979
0b004a01 0b007101 10000 100 2097152 309609 262849 96034
0b003c01 0b002101 10000 100 1048576 400379 172425 52077
0b002201 0b005a01 10000 100 5242880 190965 383642 227901
0b001201 0b004701 10000 100 102400 558297 16416 12413
0b005a01 0b002801 10000 100 204800 554685 24936 16705
0b007a01 0b002701 10000 100 5242880 264078 315714 227901
0b002201 0b005001 10000 100 5120 571653 8390 8336
0b000d01 0b004d01 10000 100 2097152 399934 181470 96034
0b009401 0b005e01 10000 100 10240 576039 8581 8550
0b007001 0b008f01 10000 100 20480 575915 12045 8979
0b000001 0b008b01 10000 100 5120 580547 8733 8336
0b002a01 0b003d01 10000 100 5242880 224255 366633 227901
0b001601 0b009e01 10000 100 102400 578573 12486 12413
0b001f01 0b007501 10000 100 5242880 241155 354520 227901
0b004f01 0b004901 10000 100 102400 586604 9486 8373
0b005001 0b007f01 10000 100 102400 587001 12396 12413
0b006c01 0b008b01 10000 100 204800 578722 21444 16705
0b008001 0b006e01 10000 100 5120 592431 8421 8336
0b005e01 0b008301 10000 100 10240 593857 9784 8550
0b000201 0b001901 10000 100 204800 574640 30794 16705
0b007501 0b000c01 10000 100 10485760 18451 598364 447683
0b001f01 0b009701 10000 100 51200 602334 15355 10267
0b006001 0b009501 10000 100 512000 588384 29986 29583
0b002301 0b004b01 10000 100 20480 604696 14121 8979
0b004401 0b007e01 10000 100 512000 534852 84220 29583
0b007c01 0b001b01 10000 100 10240 615446 9246 8550
0b005e01 0b007901 10000 100 512000 555330 72282 29583
0b009e01 0b005b01 10000 100 512000 551224 78036 29583
0b007601 0b006501 10000 100 2048 597308 36998 8207
0b006a01 0b005801 10000 100 5242880 318715 318901 227901
0b007801 0b009001 10000 100 51200 622676 18346 10267
0b007001 0b005501 10000 100 102400 631894 12573 12413
0b006b01 0b008a01 10000 100 10240 637413 13549 8550
0b005f01 0b008201 10000 100 1048576 490295 161396 52077
0b006801 0b003f01 10000 100 5242880 417212 234984 227901
0b000001 0b000601 10000 100 5242880 243687 408776 223861
0b002001 0b004601 10000 100 1048576 505878 149112 52077
0b001101 0b001b01 10000 100 204800 634650 21246 12665
0b009a01 0b004c01 10000 100 51200 630718 26219 10267
0b001101 0b007801 10000 100 20480 644085 13288 8979
0b009901 0b007301 10000 100 512000 585132 73586 29583
0b004a01 0b007201 10000 100 51200 643085 16287 10267
0b000901 0b003c01 10000 100 10240 623198 36425 8550
0b004c01 0b001401 10000 100 204800 597601 63440 16705
0b009a01 0b005b01 10000 100 204800 618729 46723 16705
0b000c01 0b004c01 10000 100 512000 555063 110701 29583
0b000301 0b008f01 10000 100 1048576 568160 97856 52077
0b007f01 0b006b01 10000 100 1048576 614059 52999 52077
0b008001 0b003801 10000 100 512000 617232 49994 29583
0b000701 0b009201 10000 100 1048576 595448 74380 52077
0b007c01 0b006501 10000 100 102400 617069 56253 12413
0b001501 0b004d01 10001 100 51200 656953 17272 10267
0b009201 0b003d01 10000 100 2048 666442 8229 8207
0b007701 0b008d01 10000 100 512000 641749 33343 29583
0b007101 0b005c01 10000 100 512000 581884 94022 29583
0b008f01 0b001f01 10000 100 1048576 574655 101745 52077
0b009d01 0b000f01 10000 100 5120 660908 16960 8336
0b004001 0b003401 10000 100 102400 651215 29903 12413
0b008e01 0b002101 10000 100 1048576 599884 81266 52077
0b009601 0b000d01 10000 100 10240 677241 8629 8550
0b008601 0b005d01 10000 100 1048576 569591 120449 52077
0b000e01 0b005701 10000 100 20480 665286 27111 8979
0b006201 0b007d01 10000 100 102400 678813 14793 12413
0b002601 0b009601 10000 100 2097152 514952 180031 96034
0b009201 0b006f01 10000 100 5120 687981 8472 8336
0b002b01 0b008b01 10000 100 204800 668976 28596 16705
0b006301 0b008901 10000 100 51200 685591 12028 10267
0b004501 0b004f01 10000 100 512000 659424 39141 25543
0b002e01 0b001901 10000 100 10485760 135957 565408 447683
0b008f01 0b006d01 10000 100 102400 690414 12533 12413
0b002001 0b003001 10000 100 5120 679548 23595 8336
0b006c01 0b003a01 10000 100 51200 692644 12042 10267
0b005901 0b001401 10000 100 2048 698224 8230 8207
0b006801 0b001401 10000 100 1048576 633623 73063 52077
0b004a01 0b002a01 10000 100 5242880 234150 472854 227901
0b008301 0b002201 10000 100 102400 688669 19826 12413
0b004701 0b005501 10000 100 2048 701952 8232 8207
0b007c01 0b007e01 10000 100 1048576 563464 150595 48037
0b000001 0b000701 10000 100 5120 711473 4414 4296
0b008201 0b001001 10000 100 1048576 620857 95649 52077
0b002501 0b006d01 10000 100 102400 700163 16731 12413
0b002e01 0b000701 10000 100 2048 709594 8250 8207
0b006601 0b000201 10000 100 51200 700887 18816 10267
0b009301 0b002a01 10000 100 204800 695285 24922 16705
0b004e01 0b009401 10000 100 5242880 364744 355634 227901
0b001701 0b008401 10000 100 512000 647919 73935 29583
0b005401 0b001601 10000 100 10485760 140707 581816 447683
0b003a01 0b002001 10000 100 5242880 172348 551367 227901
0b008101 0b001101 10000 100 102400 701247 24320 12413
0b000001 0b002301 10000 100 5242880 310792 417940 227901
0b005a01 0b003401 10000 100 102400 712866 16996 12413
0b001801 0b003d01 10000 100 51200 718169 12409 10267
0b009901 0b008901 10000 100 102400 709773 21813 12413
0b004301 0b005601 10000 100 20480 722748 9544 8979
0b004101 0b006f01 10000 100 1024 715703 18499 8164
0b004601 0b003001 10000 100 102400 717330 18449 12413
0b000201 0b005d01 10000 100 10240 718947 17486 8550
0b004c01 0b006501 10000 100 512000 533362 203169 29583
0b004701 0b006201 10000 100 51200 725669 11260 10267
0b001201 0b004201 10000 100 10240 735109 8713 8550
0b001201 0b008901 10000 100 102400 728422 16847 12413
0b001801 0b004901 10000 100 51200 737436 12379 10267
0b008501 0b000201 10000 100 512000 722177 29775 29583
0b002201 0b002f01 10000 100 20480 755024 4940 4939
0b004401 0b009401 10000 100 512000 733019 29156 29583
0b002801 0b004701 10000 100 20480 755940 9871 8979
0b004801 0b008601 10000 100 5120 761352 8498 8336
0b002901 0b006601 10000 100 10485760 81220 689525 447683
0b000801 0b008c01 10000 100 5120 762597 12160 8336
0b009001 0b002101 10000 100 204800 758589 21554 16705
0b004b01 0b001f01 10000 100 51200 765296 16697 10267
0b003c01 0b008f01 10000 100 1048576 611327 171490 52077
0b000001 0b009a01 10000 100 1024 774738 8141 8164
0b008e01 0b007101 10000 100 1024 774950 8241 8164
0b009d01 0b006b01 10000 100 20480 776274 8973 8979
0b006f01 0b003e01 10000 100 51200 769773 16418 10267
0b006e01 0b008501 10000 100 20480 780576 9354 8979
0b005801 0b008d01 10000 100 51200 779062 14735 10267
0b003201 0b005a01 10000 100 20480 786030 10572 8979
0b007101 0b008801 10000 100 2097152 493784 307094 96034
0b008301 0b001d01 10000 100 20480 753782 48571 8979
0b001d01 0b006001 10000 100 204800 724476 77896 16705
0b007801 0b001301 10000 100 5242880 97698 704906 227901
0b007d01 0b003501 10000 100 204800 763256 40513 16705
0b005301 0b007201 10000 100 20480 795965 9003 8979
0b006201 0b004601 10000 100 51200 781285 24761 10267
0b004001 0b001e01 10000 100 1024 789534 17610 8164
0b003a01 0b008301 10000 100 1048576 710313 100450 52077
0b004d01 0b003d01 10000 100 1048576 757688 53260 52077
0b006c01 0b004601 10000 100 20480 794149 17826 8979
0b003a01 0b005b01 10000 100 10485760 33764 786626 447683
0b005c01 0b003001 10000 100 10485760 305071 515505 447683
0b006801 0b005c01 10000 100 2048 813069 8194 8207
0b002701 0b004d01 10000 100 5242880 566436 257373 227901
0b008101 0b007001 10000 100 5242880 557361 267993 227901
0b006601 0b003c01 10000 100 2048 807336 19771 8207
0b002501 0b003901 10000 100 10485760 373675 456473 447683
0b009801 0b008501 10000 100 204800 800191 33247 16705
0b005e01 0b005d01 10000 100 5242880 395728 438872 223861
0b000f01 0b009501 10000 100 1048576 710436 131082 52077
0b003301 0b005d01 10000 100 5242880 256419 587306 227901
0b000001 0b008b01 10001 100 204800 827700 16933 16705
0b006601 0b004e01 10000 100 10240 837395 8958 8550
0b001801 0b008a01 10000 100 5120 835202 11834 8336
0b004901 0b000901 10000 100 2097152 579658 269959 96034
0b007301 0b007d01 10000 100 512000 811398 43450 25543
0b002c01 0b002601 10000 100 512000 784751 71653 25543
0b009301 0b008401 10000 100 10485760 390525 466519 447683
0b001401 0b003201 10000 100 102400 848464 12493 12413
0b000f01 0b000a01 10000 100 102400 844635 24436 8373
0b006f01 0b006a01 10000 100 1048576 735378 135413 48037
0b004c01 0b002501 10000 100 10240 855202 16631 8550
0b002a01 0b008d01 10000 100 10240 862633 9332 8550
0b004001 0b008601 10000 100 2097152 626650 246207 96034
0b000601 0b004f01 10000 100 204800 851551 25114 16705
0b002901 0b008c01 10000 100 10240 870603 9780 8550
0b003a01 0b008501 10000 100 102400 864597 16513 12413
0b006001 0b003e01 10000 100 1024 880117 8193 8164
0b008f01 0b004601 10000 100 2097152 726398 164690 96034
0b006301 0b004501 10000 100 10240 882817 9048 8550
0b004d01 0b001501 10000 100 1048576 807238 84811 52077
0b007701 0b002b01 10000 100 5120 883670 8383 8336
0b008a01 0b002501 10000 100 5242880 516044 382564 227901
0b007d01 0b004701 10000 100 10485760 94209 805404 447683
0b006401 0b007901 10000 100 512000 869369 36718 29583
0b000701 0b006901 10000 100 512000 816912 95481 29583
0b003c01 0b006901 10000 100 102400 876192 36442 12413
0b004501 0b001701 10000 100 2097152 687653 225382 96034
0b001a01 0b006b01 10000 100 1048576 817381 97692 52077
0b005f01 0b004c01 10001 100 512000 784982 133364 29583
0b005701 0b004d01 10000 100 10240 900431 19571 8550
0b006501 0b003101 10000 100 10240 887869 32935 8550
0b007801 0b002401 10000 100 5242880 239748 681503 227901
0b008001 0b005f01 10000 100 204800 851649 72714 16705
0b003c01 0b001801 10000 100 5242880 288996 637084 227901
0b001701 0b001f01 10000 100 512000 842644 83513 25543
0b006401 0b004901 10000 100 102400 922515 14237 12413
0b009501 0b000901 10000 100 1048576 886378 53212 52077
0b009201 0b000e01 10000 100 102400 914339 26617 12413
0b000601 0b008a01 10000 100 5242880 571863 372612 227901
0b008c01 0b000b01 10000 100 5120 936836 8532 8336
0b009701 0b008a01 10000 100 102400 908551 38801 12413
0b003501 0b008e01 10000 100 102400 933876 15590 12413
0b003f01 0b006b01 10000 100 512000 910441 41814 29583
0b001501 0b009401 10000 100 2097152 791194 161420 96034
0b005901 0b009301 10000 100 51200 943257 10313 10267
0b008201 0b000101 10000 100 5242880 565815 387852 227901
0b007c01 0b005401 10000 100 512000 848341 106271 29583
0b001501 0b007101 10000 100 512000 884119 72066 29583
0b001c01 0b000401 10000 100 5242880 291475 668311 227901
0b001c01 0b000a01 10000 100 5242880 321236 638685 227901
0b002901 0b007c01 10000 100 5120 951760 8895 8336
0b001e01 0b005701 10000 100 1024 952660 9124 8164
0b004d01 0b008601 10000 100 1048576 914079 53015 52077
0b006101 0b008f01 10000 100 102400 950967 17064 12413
0b009401 0b008201 10000 100 1024 959897 8174 8164
0b008501 0b007e01 10000 100 204800 942237 29998 16705
0b008601 0b007001 10000 100 1048576 907345 69196 52077
0b002401 0b001001 10000 100 204800 959476 19684 16705
0b000701 0b001801 10000 100 2097152 712414 269015 96034
0b005c01 0b007f01 10000 100 1024 974522 8140 8164
0b008a01 0b006401 10000 100 512000 937232 45821 29583
0b000e01 0b000d01 10000 100 5120 974645 9148 4296
0b004f01 0b005401 10000 100 51200 949238 35933 10267
0b009b01 0b006701 10000 100 20000000 7542 978263 846520
0b002401 0b000d01 10000 100 10240 977863 8687 8550
0b000e01 0b004301 10000 100 512000 905561 81191 29583
0b004501 0b007601 10000 100 1048576 856644 131369 52077
0b007c01 0b009801 10000 100 10240 982887 8687 8550
0b008801 0b009601 10000 100 5242880 229047 764450 227901
0b004c01 0b001401 10001 100 1024 972927 23138 8164
0b002a01 0b009901 10000 100 512000 913152 88261 29583
0b008f01 0b009901 10000 100 2097152 794541 215124 96034
0b008201 0b008901 10000 100 20480 1004750 5365 4939
0b005701 0b003901 10000 100 102400 993500 16812 12413
0b005d01 0b006701 10000 100 102400 1003027 12381 12413
0b005a01 0b005101 10000 100 5242880 749919 276313 223861
0b006201 0b008b01 10000 100 204800 984845 47134 16705
0b004901 0b008a01 10000 100 10485760 65691 968279 447683
0b005901 0b009201 10000 100 204800 999815 35096 16705
0b007901 0b003a01 10000 100 102400 1009602 28209 12413
0b003e01 0b004401 10000 100 1024 1024500 16356 8164
0b002a01 0b008201 10000 100 5242880 667612 374599 227901
0b004601 0b002c01 10000 100 1024 1035644 8282 8164
0b000101 0b001401 10000 100 1048576 922896 125791 52077
0b004e01 0b007a01 10000 100 2097152 835782 213845 96034
0b007a01 0b007101 10000 100 102400 1039245 12319 8373
0b001c01 0b005601 10000 100 10485760 157195 895081 447683
0b004801 0b008201 10000 100 102400 1026538 25898 12413
0b005301 0b007d01 10000 100 20480 1022064 30965 8979
0b002501 0b001401 10000 100 10240 1030366 23918 8550
0b001601 0b003201 10000 100 10240 1046929 8733 8550
0b003301 0b005d01 10001 100 1048576 906849 150100 52077
0b008301 0b008201 10000 100 204800 1036236 23345 12665
0b005101 0b000e01 10000 100 2048 1051973 8424 8207
0b000301 0b007e01 10000 100 5120 1053867 8818 8336
0b005801 0b009d01 10000 100 1048576 1013393 52990 52077
0b001f01 0b001601 10000 100 51200 1058293 10413 6227
0b009301 0b000701 10000 100 102400 1056262 13952 12413
0b002d01 0b001101 10000 100 51200 1037020 36394 10267
0b007201 0b003201 10000 100 102400 1058639 16710 12413
0b007501 0b008801 10000 100 1048576 948963 127046 52077
0b005101 0b005a01 10000 100 2097152 915606 162232 91994
0b002c01 0b002401 10000 100 204800 1032490 48278 12665
0b001101 0b007501 10000 100 102400 1049255 32126 12413
0b000001 0b002701 10000 100 20480 1071090 10696 8979
0b009901 0b007301 10001 100 102400 1061221 20843 12413
0b003701 0b007d01 10000 100 2097152 843292 240933 96034
0b004c01 0b007801 10001 100 512000 971669 113654 29583
0b002501 0b001301 10000 100 10240 1075980 9376 8550
0b005301 0b001201 10000 100 512000 1056911 30078 29583
0b004901 0b009e01 10000 100 10240 1079104 9217 8550
0b001e01 0b009901 10000 100 10485760 453680 636738 447683
0b009401 0b009201 10000 100 2097152 930621 160380 91994
0b000301 0b001c01 10000 100 10240 1065397 26919 8550
0b009101 0b006501 10000 100 512000 971578 121013 29583
0b003b01 0b007401 10000 100 204800 1051641 41801 16705
0b009e01 0b009801 10000 100 20480 1087550 6580 4939
0b001901 0b006101 10000 100 512000 1044123 50360 29583
0b002501 0b003501 10000 100 2097152 956929 143082 96034
0b008a01 0b002001 10000 100 5242880 482035 618892 227901
0b009e01 0b006301 10000 100 51200 1081242 19722 10267
0b008201 0b007501 10000 100 5120 1098996 8347 8336
0b002e01 0b004b01 10000 100 102400 1089518 18343 12413
0b000501 0b004e01 10000 100 51200 1088666 22939 10267
0b001e01 0b007d01 10000 100 5120 1082817 31633 8336
0b008801 0b009c01 10000 100 2097152 700540 417657 96034
0b003a01 0b000701 10000 100 2048 1110894 8285 8207
0b004301 0b008201 10000 100 20480 1112432 8978 8979
0b007a01 0b002101 10000 100 5120 1114352 8431 8336
0b000e01 0b004601 10000 100 2048 1106255 16701 8207
0b005201 0b000801 10000 100 2097152 994873 133024 96034
0b006b01 0b001e01 10000 100 10240 1107598 21552 8550
0b006301 0b009601 10000 100 51200 1111266 18849 10267
0b008101 0b001d01 10000 100 1024 1098222 36500 8164
0b007301 0b005a01 10000 100 10240 1126657 8913 8550
0b002801 0b006801 10000 100 102400 1117907 19294 12413
0b000701 0b001901 10000 100 2048 1128890 8533 8207
0b006901 0b008301 10000 100 204800 1113136 25264 16705
0b006e01 0b000f01 10000 100 1048576 865956 272620 52077
0b006701 0b005f01 10000 100 204800 1073891 65383 16705
0b004301 0b001301 10000 100 512000 1083509 58340 29583
0b007501 0b004901 10000 100 1024 1135118 8691 8164
0b000201 0b003e01 10000 100 10240 1143514 9771 8550
0b007c01 0b003301 10000 100 512000 1075255 79989 29583
0b009901 0b001e01 10000 100 5120 1134777 20897 8336
0b006301 0b004101 10000 100 5242880 628068 532653 227901
0b000501 0b005f01 10000 100 10485760 52982 1107761 447683
0b003901 0b002c01 10000 100 5120 1140834 23832 8336
0b005501 0b008d01 10001 100 5120 1157262 9201 8336
0b006301 0b008701 10000 100 20480 1123712 44431 8979
0b004001 0b002c01 10000 100 5120 1117878 51228 8336
0b008501 0b007101 10000 100 512000 1103906 67568 29583
0b002601 0b006c01 10000 100 5120 1163097 8571 8336
0b009201 0b003401 10000 100 20000000 248345 926022 846520
0b009c01 0b000c01 10000 100 10240 1157276 17141 8550
0b003801 0b005b01 10000 100 2048 1154010 23205 8207
0b007101 0b006901 10000 100 2048 1162997 15296 8207
0b007501 0b007b01 10000 100 2097152 945175 237983 91994
0b000601 0b005f01 10000 100 204800 1117631 66175 16705
0b005501 0b008d01 10000 100 1048576 1006759 180263 52077
0b006601 0b005201 10000 100 20000000 57875 1130201 846520
0b005d01 0b009101 10000 100 1048576 1125293 69383 52077
0b003101 0b004b01 10000 100 1024 1175077 19826 8164
0b000c01 0b001201 10000 100 1024 1187022 8170 8164
0b001801 0b001001 10000 100 204800 1167052 29238 12665
0b009301 0b008601 10000 100 2048 1190267 8228 8207
0b008501 0b000801 10000 100 51200 1184039 14639 10267
0b002001 0b007d01 10000 100 1048576 983717 216830 52077
0b004901 0b002901 10000 100 20480 1192045 15129 8979
0b009001 0b006b01 10000 100 102400 1194856 15405 12413
0b005401 0b005101 10000 100 2097152 959737 251652 91994
0b003201 0b004001 10000 100 2097152 836409 375483 96034
0b004b01 0b004501 10000 100 512000 1109350 102730 25543
0b002f01 0b002801 10000 100 2048 1212137 6449 4167
0b002001 0b000401 10000 100 5120 1210626 8968 8336
0b006e01 0b007e01 10000 100 2048 1213045 8294 8207
0b007801 0b006301 10000 100 2097152 1052615 169194 96034
0b001401 0b005401 10000 100 2097152 865794 357264 96034
0b007201 0b003e01 10000 100 512000 1172777 51369 29583
0b006301 0b001901 10000 100 204800 1187034 38955 16705
0b001d01 0b001301 10000 100 1048576 1024364 210068 48037
0b005a01 0b006601 10000 100 10240 1220944 14730 8550
0b003601 0b001001 10000 100 2097152 1018327 218902 96034
0b001301 0b001d01 10000 100 204800 1166457 71409 12665
0b005e01 0b005101 10000 100 10240 1233860 5129 4510
0b005d01 0b004901 10000 100 2048 1232852 8305 8207
0b006101 0b008601 10000 100 204800 1210258 30917 16705
0b004c01 0b002601 10000 100 1048576 1030957 210617 52077
0b004801 0b007c01 10000 100 20480 1234019 10923 8979
0b002301 0b002001 10000 100 2097152 876825 382307 91994
0b009201 0b002c01 10000 100 5120 1237709 23172 8336
0b004501 0b005e01 10000 100 10485760 668582 593040 447683
0b001b01 0b008801 10000 100 1024 1251048 10849 8164
0b000301 0b006c01 10000 100 1048576 1107045 154957 52077
0b002501 0b009801 10000 100 512000 1201428 67068 29583
0b008e01 0b002101 10001 100 512000 1190181 79523 29583
0b000201 0b008e01 10000 100 20480 1257506 12812 8979
0b008001 0b009401 10000 100 5242880 791976 480982 227901
0b000b01 0b001101 10000 100 2097152 957585 318518 96034
0b001c01 0b003d01 10000 100 5120 1267048 10397 8336
0b005201 0b005e01 10000 100 204800 1266381 12622 12665
0b007f01 0b005c01 10000 100 5242880 987713 291528 227901
0b008301 0b009301 10000 100 204800 1253009 26250 16705
0b001e01 0b006d01 10000 100 2097152 935591 351207 96034
0b008f01 0b004d01 10000 100 20480 1274622 13250 8979
0b006001 0b009e01 10000 100 10485760 765842 522307 447683
0b003001 0b004c01 10000 100 2097152 1049763 239411 96034
0b003901 0b002001 10000 100 10485760 337095 952833 447683
0b004b01 0b001a01 10000 100 5242880 591982 698140 227901
0b006401 0b001601 10000 100 2097152 1170529 120968 96034
0b003a01 0b006601 10000 100 204800 1266647 24870 16705
0b003001 0b004001 10000 100 512000 1181678 110175 29583
0b004b01 0b006f01 10000 100 5120 1281407 16350 8336
0b008e01 0b005001 10000 100 102400 1278108 21267 12413
0b002e01 0b003e01 10000 100 1048576 1224094 75380 52077
0b006c01 0b001c01 10000 100 1024 1291318 8640 8164
0b002601 0b003b01 10000 100 20000000 144577 1156934 846520
0b003601 0b007e01 10000 100 5120 1283768 18435 8336
0b009d01 0b008601 10000 100 51200 1292242 10918 10267
0b003a01 0b007101 10000 100 2048 1293939 9238 8207
0b007a01 0b008e01 10000 100 1048576 1249050 54132 52077
0b002001 0b003e01 10000 100 102400 1270471 33005 12413
0b009f01 0b005b01 10000 100 10485760 512567 793111 447683
0b006a01 0b002201 10000 100 10485760 647505 659025 447683
0b002c01 0b002701 10000 100 2048 1286573 20638 4167
0b007b01 0b009201 10000 100 1048576 1154859 153627 52077
0b007d01 0b004d01 10000 100 51200 1260683 49236 10267
0b005001 0b001401 10000 100 204800 1278501 31574 16705
0b001801 0b007701 10000 100 204800 1263039 47831 16705
0b008101 0b003e01 10000 100 512000 1241497 69571 29583
0b008c01 0b007501 10000 100 1024 1302816 8409 8164
0b007401 0b000f01 10000 100 1048576 1108012 206967 52077
0b004701 0b009501 10000 100 2097152 1129856 186860 96034
0b003501 0b000301 10000 100 51200 1307484 11939 10267
0b005101 0b005d01 10000 100 512000 1294395 25285 25543
0b006e01 0b002c01 10000 100 2097152 1079929 242130 96034
0b003a01 0b009b01 10000 100 10240 1314063 8986 8550
0b006b01 0b008701 10000 100 5120 1291688 34504 8336
0b000601 0b001e01 10000 100 51200 1291768 35232 10267
0b001601 0b003c01 10000 100 2097152 986148 343402 96034
0b003401 0b001d01 10000 100 512000 1212174 119277 29583
0b008001 0b000601 10000 100 512000 1244228 89156 29583
0b001a01 0b004501 10000 100 204800 1294343 39992 16705
0b008001 0b001501 10000 100 5120 1327882 9116 8336
0b005601 0b001201 10000 100 512000 1302655 39829 29583
0b000201 0b001201 10000 100 2097152 1098673 244098 96034
0b005801 0b002b01 10000 100 1048576 1180215 167122 52077
0b009101 0b006601 10000 100 5120 1339790 8802 8336
0b005a01 0b008f01 10000 100 5120 1331528 18373 8336
0b008101 0b001b01 10000 100 2097152 1198604 151308 96034
0b001801 0b006b01 10000 100 204800 1318397 32660 16705
0b001f01 0b007601 10000 100 1048576 1201461 154637 52077
0b006901 0b008f01 10000 100 512000 1311398 46503 29583
0b000201 0b000e01 10000 100 20480 1351147 7450 4939
0b007801 0b001401 10000 100 512000 1274434 89780 29583
0b000901 0b002a01 10000 100 204800 1338009 30541 16705
0b002901 0b007101 10000 100 5242880 816231 556242 227901
0b003601 0b008901 10000 100 10240 1347700 29280 8550
0b000a01 0b005001 10000 100 2048 1360511 16542 8207
0b004d01 0b008101 10000 100 1048576 1282865 96840 52077
0b008d01 0b004d01 10000 100 10240 1372259 8809 8550
0b000b01 0b009401 10000 100 1048576 1223085 159286 52077
0b004001 0b003a01 10000 100 512000 1299566 84101 29583
0b007201 0b009401 10000 100 5242880 975066 409628 227901
0b007a01 0b000601 10000 100 5120 1374309 12863 8336
0b000601 0b003801 10000 100 1024 1370050 17222 8164
0b003b01 0b008d01 10000 100 5242880 866206 521777 227901
0b001301 0b004101 10000 100 2048 1371765 16385 8207
0b008b01 0b006501 10000 100 20480 1348065 40871 8979
0b006601 0b004b01 10000 100 102400 1357392 35778 12413
0b002401 0b004d01 10000 100 5120 1376045 17795 8336
0b002701 0b009901 10000 100 1024 1387009 8170 8164
0b002801 0b002901 10000 100 102400 1382858 13826 8373
0b005401 0b008c01 10000 100 1048576 1255080 142258 52077
0b001b01 0b006d01 10000 100 10240 1391660 13068 8550
0b005d01 0b008c01 10000 100 51200 1400484 10295 10267
0b003e01 0b006601 10000 100 2048 1403629 8401 8207
0b004c01 0b008701 10000 100 204800 1341315 72210 16705
0b000201 0b005001 10000 100 204800 1358943 55374 16705
0b000001 0b002801 10000 100 5242880 971735 443188 227901
0b000e01 0b000201 10000 100 5120 1409083 6462 4296
0b003b01 0b005001 10000 100 204800 1364093 53129 16705
0b004d01 0b007801 10000 100 2048 1401127 17702 8207
0b006e01 0b006a01 10000 100 204800 1405603 14976 12665
0b009801 0b001801 10000 100 512000 1361126 59851 29583
0b005a01 0b001f01 10000 100 51200 1397636 24066 10267
0b003f01 0b009101 10000 100 1048576 1309664 113008 52077
0b005501 0b002c01 10000 100 10485760 455393 968117 447683
0b001601 0b007401 10000 100 204800 1407768 17534 16705
0b000001 0b001a01 10000 100 5120 1415526 9884 8336
0b008b01 0b001701 10000 100 5242880 822166 605479 227901
0b002e01 0b002b01 10000 100 10240 1423463 4685 4510
0b008a01 0b001301 10000 100 2097152 1255363 172812 96034
0b004101 0b005001 10000 100 1048576 1322585 105800 52077
0b001601 0b007901 10000 100 2097152 1058233 370368 96034
0b003001 0b006101 10000 100 1048576 1294554 134212 52077
0b002001 0b007901 10000 100 2097152 1049381 380724 96034
0b001801 0b004601 10000 100 10485760 542179 889301 447683
0b008801 0b000f01 10000 100 1048576 1145121 287418 52077
0b003501 0b005e01 10000 100 2097152 1338999 97564 96034
0b009401 0b000301 10000 100 51200 1427366 11088 10267
0b003201 0b002301 10000 100 2097152 1141309 299190 96034
0b007b01 0b002b01 10000 100 10240 1431067 9863 8550
0b002a01 0b001101 10000 100 51200 1418338 26501 10267
0b006601 0b002201 10000 100 512000 1417009 29940 29583
0b002b01 0b006201 10000 100 51200 1379386 69867 10267
0b005701 0b000e01 10000 100 10485760 726032 723542 447683
0b007201 0b005601 10000 100 51200 1426741 24875 10267
0b000701 0b001b01 10000 100 51200 1440108 13682 10267
0b008801 0b004a01 10000 100 51200 1420075 34345 10267
0b009c01 0b007101 10000 100 10485760 452857 1006217 447683
0b002301 0b000301 10000 100 5242880 651942 807655 227901
0b003601 0b004d01 10000 100 2097152 1167428 292196 96034
0b000e01 0b007101 10000 100 1048576 1275763 187842 52077
0b007301 0b007d01 10001 100 20480 1431032 32899 4939
0b002701 0b008001 10000 100 1048576 1249448 215355 52077
0b002901 0b008301 10000 100 10485760 465224 1000308 447683
0b000201 0b004401 10000 100 5242880 823804 641837 227901
0b003f01 0b001701 10000 100 5242880 852570 613215 227901
0b004601 0b007001 10000 100 1048576 1329417 138586 52077
0b000801 0b008a01 10000 100 10485760 1014864 453599 447683
0b000d01 0b008701 10000 100 1024 1441732 26819 8164
0b002201 0b004601 10000 100 5242880 1075556 395085 227901
0b005f01 0b005401 10000 100 2097152 788990 684476 91994
0b005e01 0b005f01 10000 100 10485760 296794 1176989 443643
0b005901 0b004d01 10000 100 512000 1431638 44334 29583
0b001401 0b004b01 10000 100 1048576 1305542 170567 52077
0b007e01 0b007a01 10000 100 1048576 1417583 58603 48037
0b001d01 0b003e01 10000 100 5120 1448482 28628 8336
0b001f01 0b008901 10000 100 10485760 452964 1026840 447683
0b007601 0b007501 10000 100 1048576 1362127 121626 48037
0b009601 0b004f01 10000 100 102400 1438821 45699 12413
0b009c01 0b006501 10000 100 512000 1361065 124912 29583
0b006f01 0b001701 10000 100 1048576 1314232 181706 52077
0b000601 0b000501 10000 100 1048576 1307575 190738 48037
0b009b01 0b001501 10000 100 1048576 1442031 66959 52077
0b000e01 0b002101 10000 100 2097152 1203199 306968 96034
0b000c01 0b003601 10000 100 512000 1437080 79982 29583
0b003301 0b002101 10000 100 10485760 407272 1117274 447683
0b008801 0b009801 10000 100 1048576 1326654 199354 52077
0b003a01 0b009f01 10000 100 2097152 1346289 180287 96034
0b002b01 0b004c01 10000 100 10485760 128671 1398612 447683
0b007701 0b005401 10000 100 1048576 1329558 201609 52077
0b008301 0b005a01 10000 100 20000000 246073 1294409 846520
0b001001 0b006801 10000 100 20000000 196064 1361570 846520
0b007f01 0b009801 10000 100 2097152 1387360 170799 96034
0b004e01 0b001001 10000 100 5242880 1234414 326628 227901
0b008201 0b007d01 10000 100 1048576 1364359 207234 52077
0b001a01 0b006301 10000 100 20000000 84734 1490840 846520
0b000e01 0b001a01 10000 100 20000000 84995 1491237 846520
0b001801 0b006201 10000 100 5242880 874261 702043 227901
0b001a01 0b005601 10000 100 2097152 1301379 278217 96034
0b007f01 0b003f01 10000 100 2097152 1408577 176397 96034
0b008101 0b005401 10000 100 1048576 1433274 154634 52077
0b002301 0b007801 10000 100 512000 1414576 175263 29583
0b007d01 0b006801 10000 100 2097152 1224880 365412 96034
0b003f01 0b004f01 10000 100 5242880 951357 639592 227901
0b009f01 0b000e01 10000 100 10485760 360135 1256824 447683
0b000a01 0b009401 10000 100 5242880 1345487 272743 227901
0b004801 0b005401 10000 100 10485760 496414 1125675 447683
0b004e01 0b002c01 10000 100 10485760 560055 1074508 447683
0b000001 0b005801 10000 100 2097152 1439825 197346 96034
0b001701 0b000101 10000 100 20000000 118469 1524440 846520
0b001401 0b001f01 10000 100 5242880 1125909 518018 223861
0b003301 0b004f01 10000 100 10485760 248313 1396166 447683
0b000f01 0b003f01 10000 100 2097152 1448627 200361 96034
0b001b01 0b009001 10000 100 2097152 1370714 289323 96034
0b008a01 0b004401 10000 100 2097152 1143015 522588 96034
0b008801 0b001e01 10000 100 10485760 164443 1509440 447683
0b008001 0b009601 10000 100 5242880 1205193 468972 227901
0b008301 0b008901 10000 100 5242880 1302100 389026 223861
0b001701 0b001b01 10000 100 10485760 588918 1113724 443643
0b005801 0b002b01 10001 100 2097152 1387825 329619 96034
0b001701 0b007101 10000 100 2097152 1445026 281698 96034
0b006401 0b009101 10000 100 2097152 1339956 388858 96034
0b006701 0b007801 10000 100 5242880 1264245 468442 227901
0b001401 0b006101 10000 100 2097152 1356425 376547 96034
0b004c01 0b007801 10000 100 5242880 935974 820091 227901
0b004901 0b004b01 10000 100 20000000 40218 1717105 842480
0b003401 0b004b01 10000 100 5242880 1113374 645553 227901
0b005b01 0b002801 10000 100 10485760 980163 788775 447683
0b009301 0b004401 10000 100 5242880 1026250 745640 227901
0b000001 0b004701 10000 100 10485760 970177 803888 447683
0b009b01 0b005f01 10000 100 5242880 779384 998122 227901
0b001401 0b004f01 10000 100 2097152 1211227 572975 96034
0b008e01 0b001601 10000 100 5242880 1252293 539106 227901
0b000701 0b007901 10000 100 10485760 661953 1133869 447683
0b000d01 0b001101 10000 100 20000000 102547 1699431 846520
0b004401 0b009001 10000 100 2097152 1349142 453355 96034
0b006501 0b004101 10000 100 5242880 684089 1122590 227901
0b007601 0b004001 10000 100 10485760 523000 1290361 447683
0b002601 0b002a01 10000 100 10485760 1241630 574938 443643
0b006101 0b009c01 10000 100 20000000 283643 1540890 846520
0b003c01 0b001701 10000 100 10485760 265615 1559773 447683
0b004201 0b007501 10000 100 10485760 1123889 706012 447683
0b003201 0b004901 10000 100 10485760 723554 1129367 447683
0b007901 0b004501 10000 100 10485760 866544 989078 447683
0b008c01 0b005701 10000 100 20000000 593650 1271447 846520
0b003c01 0b004901 10000 100 2097152 1442710 448235 96034
0b001501 0b007901 10000 100 10485760 941554 954726 447683
0b009901 0b005001 10000 100 20000000 328434 1570224 846520
0b006601 0b004f01 10000 100 5242880 1114177 789746 227901
0b007101 0b005201 10000 100 10485760 379329 1526358 447683
0b005b01 0b004a01 10000 100 20000000 24324 1882171 846520
0b001e01 0b009001 10000 100 10485760 833703 1082965 447683
0b000201 0b004a01 10000 100 20000000 112803 1815842 846520
0b001c01 0b003301 10000 100 10485760 1035055 912680 447683
0b004c01 0b001901 10000 100 10485760 604431 1345667 447683
0b006901 0b007201 10000 100 10485760 968820 991853 447683
0b003901 0b002501 10000 100 20000000 955213 1006248 846520
0b007501 0b008701 10000 100 5242880 951810 1010670 227901
0b003a01 0b003801 10000 100 20000000 854007 1127628 842480
0b003d01 0b006d01 10000 100 20000000 761308 1224554 846520
0b007b01 0b005301 10000 100 20000000 217068 1775748 846520
0b006b01 0b005f01 10000 100 20000000 248003 1750222 846520
0b002501 0b004901 10000 100 5242880 1209357 812322 227901
0b003e01 0b009b01 10000 100 20000000 601943 1423317 846520
0b007b01 0b008f01 10000 100 20000000 241176 1788757 846520
0b003801 0b003c01 10000 100 20000000 218919 1821118 842480
0b005001 0b004401 10000 100 10485760 968274 1074216 447683
0b009101 0b008001 10000 100 10485760 1208181 858051 447683
0b009901 0b001301 10000 100 20000000 523502 1548955 846520
0b000901 0b003601 10000 100 20000000 782023 1307346 846520
0b008d01 0b003301 10000 100 20000000 798580 1310570 846520
0b009e01 0b000401 10000 100 20000000 187415 1933915 846520
0b008501 0b000701 10000 100 10485760 1124521 1010198 447683
0b003701 0b002701 10000 100 20000000 589111 1549405 846520
0b003b01 0b007301 10000 100 20000000 924043 1218450 846520
0b008001 0b006601 10000 100 20000000 496188 1656588 846520
0b007101 0b007a01 10000 100 20000000 29810 2124986 842480
0b007c01 0b004001 10000 100 20000000 258590 1901076 846520
0b000701 0b001101 10000 100 20000000 14495 2148705 846520
0b002001 0b007e01 10000 100 20000000 97963 2072261 846520
0b002401 0b008e01 10000 100 10485760 1444196 741783 447683
0b008801 0b005901 10000 100 20000000 142704 2082138 846520
0b009001 0b000301 10000 100 20000000 109520 2121053 846520
0b004b01 0b007b01 10000 100 20000000 398798 1833786 846520
0b000401 0b004301 10000 100 20000000 516336 1731109 846520
0b007101 0b001901 10000 100 10485760 746176 1503974 447683
0b008801 0b002301 10000 100 10485760 743899 1515349 447683
0b002301 0b004801 10000 100 20000000 177660 2084567 846520
0b003401 0b004101 10000 100 20000000 423977 1847832 846520
0b005501 0b003c01 10000 100 10485760 1000397 1284993 447683
0b008901 0b006901 10000 100 20000000 797604 1491182 846520
0b003201 0b000c01 10000 100 20000000 396945 1902381 846520
0b004001 0b002301 10000 100 10485760 707901 1623481 447683
0b009e01 0b005801 10000 100 20000000 914506 1417273 846520
0b002b01 0b007d01 10000 100 20000000 335871 2038788 846520
0b002001 0b004701 10000 100 20000000 217310 2192711 846520
0b006801 0b000f01 10000 100 10485760 1011472 1428171 447683
0b006e01 0b006101 10000 100 10485760 1313914 1139866 443643
0b001b01 0b007701 10000 100 20000000 307699 2158056 846520
0b005501 0b001f01 10000 100 20000000 625202 1845735 846520
0b008b01 0b005b01 10000 100 20000000 968685 1502259 846520
0b006a01 0b000f01 10000 100 20000000 504829 1966320 846520
0b001f01 0b008501 10000 100 20000000 377755 2103772 846520
0b004b01 0b002301 10000 100 20000000 385997 2097326 846520
0b002b01 0b003001 10000 100 20000000 1314199 1196516 846520
0b007d01 0b001101 10000 100 10485760 845523 1671445 447683
0b008501 0b002b01 10000 100 10485760 1368309 1149300 447683
0b007001 0b003601 10000 100 20000000 1204486 1313714 846520
0b004701 0b009a01 10000 100 20000000 1032981 1488909 846520
0b002401 0b004001 10000 100 20000000 804296 1725592 846520
0b000501 0b007c01 10000 100 10485760 1175894 1360357 447683
0b007801 0b006201 10000 100 5242880 1238418 1303718 227901
0b006101 0b000f01 10000 100 5242880 776279 1770456 227901
0b004f01 0b006f01 10000 100 20000000 1332941 1234445 846520
0b002601 0b004401 10000 100 10485760 1223930 1355346 447683
0b004a01 0b004801 10000 100 10485760 907861 1681863 443643
0b009701 0b008b01 10000 100 10485760 835592 1754268 447683
0b003c01 0b006c01 10000 100 20000000 1137697 1477195 846520
0b008e01 0b006101 10000 100 10485760 1363063 1271553 447683
0b003601 0b005301 10000 100 20000000 958553 1677587 846520
0b005901 0b007f01 10000 100 20000000 1243214 1404760 846520
0b000c01 0b009001 10000 100 20000000 1418903 1231286 846520
0b003401 0b003901 10000 100 20000000 1230876 1430655 842480
0b008e01 0b001e01 10000 100 20000000 1059093 1611268 846520
0b000401 0b008101 10000 100 20000000 859229 1812345 846520
0b000201 0b009101 10000 100 20000000 1375301 1297246 846520
0b002a01 0b007b01 10000 100 20000000 795896 1886046 846520
0b000f01 0b000a01 10001 100 20000000 1392290 1289753 842480
0b001a01 0b009a01 10000 100 20000000 1134311 1566186 846520
0b009801 0b008701 10000 100 20000000 26220 2678067 846520
0b004601 0b005701 10000 100 20000000 1014598 1690910 846520
0b009c01 0b000501 10000 100 20000000 400220 2308219 846520
0b004601 0b002601 10000 100 20000000 871551 1841109 846520
0b000101 0b009e01 10000 100 20000000 1345374 1370940 846520
0b006501 0b005601 10000 100 10485760 687478 2031487 447683
0b007101 0b005101 10000 100 20000000 1052350 1681628 846520
0b008f01 0b000601 10000 100 20000000 1018018 1721691 846520
0b001001 0b005501 10000 100 10485760 1425810 1314853 447683
0b002501 0b009c01 10000 100 20000000 931962 1854628 846520
0b002d01 0b005401 10000 100 20000000 324245 2462892 846520
0b002f01 0b007701 10000 100 20000000 941707 1848640 846520
0b003801 0b001f01 10000 100 20000000 1231125 1570902 846520
0b000301 0b001d01 10000 100 5242880 1405769 1462318 227901
0b006f01 0b007601 10000 100 20000000 537951 2330353 846520
0b001001 0b003c01 10000 100 20000000 526746 2360743 846520
0b007801 0b008701 10000 100 20000000 23941 2903058 846520
0b001901 0b000501 10000 100 20000000 697556 2247888 846520
0b004c01 0b005901 10000 100 20000000 405322 2543375 846520
0b009801 0b007501 10000 100 20000000 1339930 1632466 846520
0b004801 0b002e01 10000 100 20000000 1134126 1864263 846520
0b009801 0b000f01 10000 100 20000000 156277 2850600 846520
0b006c01 0b000501 10000 100 20000000 430185 2599873 846520
0b009601 0b000b01 10000 100 20000000 1066967 2033018 846520
0b003e01 0b004f01 10000 100 20000000 1100756 1999401 846520
0b006f01 0b001401 10000 100 20000000 865540 2258485 846520
0b003e01 0b002e01 10000 100 20000000 1204044 1927603 846520
0b000b01 0b001401 10000 100 20000000 940629 2193658 846520
0b009601 0b007701 10000 100 20000000 1084029 2053674 846520
0b006f01 0b004c01 10000 100 20000000 500707 2641580 846520
0b008501 0b006201 10000 100 20000000 774035 2388515 846520
0b007c01 0b007d01 10000 100 20000000 1204283 1962601 842480
0b007d01 0b000601 10000 100 20000000 615333 2570752 846520
0b002801 0b007d01 10000 100 20000000 966233 2269045 846520
0b006501 0b006701 10000 100 10485760 1351077 1939820 443643
0b002301 0b001a01 10000 100 20000000 1210687 2080971 846520
0b006201 0b004c01 10000 100 10485760 387254 2939316 447683
0b000e01 0b001d01 10000 100 20000000 119445 3234026 846520
0b001001 0b002d01 10000 100 20000000 1419815 1955499 846520
0b000501 0b008701 10000 100 20000000 238170 3164306 846520
0b003d01 0b001d01 10000 100 10485760 557398 2867019 447683
0b002c01 0b006201 10000 100 20000000 409180 3022994 846520
0b000501 0b009101 10000 100 20000000 1154503 2278833 846520
0b003001 0b006201 10000 100 20000000 1267611 2178380 846520
0b002301 0b000b01 10000 100 20000000 684275 2771206 846520
0b000b01 0b001e01 10000 100 20000000 1021645 2446596 846520
0b003601 0b000b01 10000 100 20000000 1197066 2318149 846520
0b001701 0b008701 10000 100 20000000 1228829 2316573 846520
0b004a01 0b009201 10000 100 20000000 759913 2799692 846520
0b009701 0b007e01 10000 100 20000000 478300 3118701 846520
0b004a01 0b007801 10000 100 20000000 708385 2903223 846520
0b002d01 0b006101 10000 100 20000000 792821 2833957 846520
0b000401 0b004c01 10000 100 20000000 1347585 2327119 846520
0b006501 0b007401 10000 100 20000000 97477 3599370 846520
0b004a01 0b006b01 10000 100 20000000 1074845 2640220 846520
0b002c01 0b008001 10000 100 20000000 793762 2994659 846520
0b002d01 0b007c01 10000 100 20000000 1028286 2768888 846520
0b008301 0b004c01 10000 100 20000000 475573 3341390 846520
0b002c01 0b001901 10000 100 20000000 890148 2955222 846520
0b002c01 0b008601 10000 100 20000000 1028795 2863233 846520
0b002d01 0b004901 10000 100 20000000 1312533 2583708 846520
0b001d01 0b000601 10000 100 20000000 519612 3389506 846520
0b007d01 0b001d01 10000 100 20000000 213447 3764649 846520
0b005601 0b006501 10000 100 20000000 16246 3990125 846520
0b001d01 0b002901 10000 100 20000000 492283 3526907 846520
0b006401 0b000901 10000 100 20000000 1233658 2806632 846520
0b006401 0b002d01 10000 100 20000000 1279633 2836794 846520
0b009701 0b000101 10000 100 20000000 902771 3218374 846520
0b006401 0b004a01 10000 100 20000000 1337731 2799483 846520
0b002901 0b001d01 10000 100 20000000 341522 3818368 846520
0b006501 0b007e01 10000 100 20000000 284706 3926071 846520
0b003b01 0b001d01 10000 100 20000000 614782 3626537 846520
0b009701 0b000201 10000 100 20000000 1345712 3067968 846520
0b009701 0b006001 10000 100 20000000 1346062 3067741 846520
0b000301 0b006d01 10000 100 20000000 896504 3597552 846520
0b000301 0b003801 10000 100 20000000 1018299 3629630 846520
0b000301 0b009801 10000 100 20000000 1223088 3599911 846520
0b006401 0b006501 10000 100 10485760 1288476 3592022 443643
0b000301 0b008d01 10000 100 20000000 1403011 3481447 846520
0b004f01 0b006501 10000 100 20000000 150823 5032248 846520
0b007901 0b006501 10000 100 20000000 772160 5352353 846520
0b004001 0b006501 10000 100 20000000 637755 5487947 846520
0b007801 0b006501 10000 100 20000000 537716 5592127 846520
0b007c01 0b006501 10001 100 20000000 1121976 5234587 846520
0b000301 0b006501 10000 100 20000000 254539 6181095 846520
