0b006701 0b006901 10000 100 1000 221 4088 4121
0b002701 0b002201 10000 100 1000 2493 4956 4121
0b005801 0b005101 10000 100 2000 3367 4130 4163
0b008901 0b002b01 10000 100 1000 550 8132 8161
0b005901 0b000501 10000 100 10000 420 8510 8539
0b001401 0b008a01 10000 100 20000 13 9095 8958
0b003f01 0b000801 10000 100 1000 1041 8132 8161
0b001401 0b008401 10000 100 10000 704 8673 8539
0b002901 0b002701 10000 100 100000 407 9088 8272
0b007101 0b009b01 10000 100 1000 1427 8145 8161
0b009d01 0b001701 10000 100 10000 703 8922 8539
0b004801 0b003f01 10000 100 5000 1338 8300 8329
0b002501 0b002901 10000 100 5000 5499 4465 4289
0b007201 0b002801 10000 100 2000 1873 8174 8203
0b005c01 0b009801 10000 100 5000 1982 8339 8329
0b005d01 0b006701 10000 100 1000 2341 8132 8161
0b008301 0b002701 10000 100 20000 883 9730 8958
0b006301 0b001d01 10000 100 20000 855 9783 8958
0b003501 0b008101 10000 100 20000 1785 8930 8958
0b005501 0b002801 10000 100 1000 3282 8132 8161
0b008601 0b004c01 10000 100 1000 3286 8166 8161
0b009e01 0b006301 10000 100 1000 3375 8153 8161
0b008901 0b009e01 10000 100 5000 3326 8300 8329
0b003e01 0b003b01 10000 100 1000 7545 4093 4121
0b003a01 0b009301 10000 100 10000 3305 8552 8539
0b009801 0b008001 10000 100 5000 3439 8506 8329
0b000201 0b005701 10000 100 1000 3845 8168 8161
0b007c01 0b008c01 10000 100 5000 3725 8319 8329
0b001c01 0b002101 10000 100 50000 1936 10190 10216
0b001e01 0b002e01 10000 100 5000 3856 8313 8329
0b000d01 0b000f01 10000 100 5000 7772 4454 4289
0b001b01 0b005e01 10000 100 5000 4066 8341 8329
0b005601 0b003c01 10000 100 50000 2364 10190 10216
0b007501 0b009d01 10000 100 50000 2419 10190 10216
0b002301 0b006401 10000 100 1000 4602 8166 8161
0b003b01 0b006001 10000 100 100000 655 12290 12312
0b003501 0b001c01 10000 100 10000 4439 8527 8539
0b003301 0b007101 10000 100 100000 1019 12329 12312
0b006801 0b006401 10000 100 5000 9095 4454 4289
0b006f01 0b008001 10000 100 1000 5485 8142 8161
0b006301 0b001b01 10000 100 100000 608 13130 12312
0b003c01 0b004201 10000 100 10000 5515 8510 8539
0b003701 0b003401 10000 100 200000 1530 12533 12464
0b000e01 0b006b01 10000 100 5000 5906 8330 8329
0b003e01 0b003701 10000 100 20000 9574 4924 4918
0b004c01 0b006501 10000 100 100000 2241 12295 12312
0b007401 0b003e01 10000 100 1000 6557 8133 8161
0b004401 0b007f01 10000 100 1000 6520 8183 8161
0b004601 0b006e01 10000 100 10000 5824 8986 8539
0b006501 0b002a01 10000 100 1000 6787 8154 8161
0b006301 0b008c01 10000 100 5000 6784 8326 8329
0b009301 0b000701 10000 100 20000 5267 9917 8958
0b009301 0b005601 10000 100 50000 4622 11095 10216
0b001201 0b007101 10000 100 5000 7419 8333 8329
0b002d01 0b000701 10000 100 20000 6677 9081 8958
0b002001 0b005c01 10000 100 1000 7637 8140 8161
0b007601 0b003001 10000 100 1000 7594 8204 8161
0b003f01 0b008d01 10000 100 20000 6950 8930 8958
0b003801 0b006001 10000 100 10000 7375 8526 8539
0b004101 0b003a01 10000 100 10000 7420 8544 8539
0b004e01 0b004701 10000 100 1000 11862 4104 4121
0b009601 0b004a01 10000 100 10000 7475 8577 8539
0b000e01 0b005901 10000 100 5000 7628 8477 8329
0b007c01 0b009c01 10000 100 10000 7615 8510 8539
0b004601 0b006701 10000 100 100000 3268 12878 12312
0b007801 0b006501 10000 100 20000 6523 9748 8958
0b006201 0b000901 10000 100 50000 5990 10437 10216
0b009701 0b006a01 10000 100 2000 8119 8310 8203
0b001001 0b003601 10000 100 10000 7568 8921 8539
0b003901 0b008b01 10000 100 20000 7704 8942 8958
0b005101 0b004701 10000 100 1000 8649 8161 8161
0b001f01 0b007101 10000 100 20000 8239 8944 8958
0b008f01 0b008601 10000 100 20000 11861 5461 4918
0b003e01 0b000c01 10000 100 200000 956 16540 16504
0b009001 0b002101 10000 100 100000 5411 12290 12312
0b003901 0b003a01 10000 100 5000 13614 4256 4289
0b007701 0b003801 10000 100 10000 8792 9275 8539
0b005e01 0b000e01 10000 100 5000 9540 8705 8329
0b007c01 0b006c01 10000 100 5000 10134 8300 8329
0b002101 0b009f01 10000 100 10000 10300 8528 8539
0b007701 0b009901 10000 100 20000 7972 10996 8958
0b008001 0b001101 10000 100 2000 10751 8226 8203
0b006801 0b004101 10000 100 100000 6521 12540 12312
0b000201 0b007401 10000 100 1000 10915 8157 8161
0b004701 0b006b01 10000 100 50000 8860 10215 10216
0b003701 0b008201 10000 100 20000 9846 9238 8958
0b008901 0b000201 10000 100 1000 11076 8148 8161
0b004401 0b004001 10000 100 100000 10990 8259 8272
0b001f01 0b008301 10000 100 1000 11247 8147 8161
0b003701 0b002101 10000 100 20000 10556 9188 8958
0b008701 0b001701 10000 100 5000 10610 9352 8329
0b008b01 0b009801 10000 100 5000 11743 8347 8329
0b004f01 0b001301 10000 100 20000 10651 9555 8958
0b003b01 0b001201 10000 100 2000 12102 8218 8203
0b004201 0b006901 10000 100 10000 11413 8918 8539
0b001d01 0b005001 10000 100 100000 4643 15719 12312
0b002601 0b001401 10000 100 1000 11839 8559 8161
0b008f01 0b001f01 10000 100 100000 7886 12553 12312
0b009001 0b009c01 10000 100 5000 16370 4256 4289
0b007801 0b004601 10000 100 200000 1125 19769 16504
0b003001 0b000901 10000 100 1000 13372 8204 8161
0b005d01 0b006601 10000 100 1000 13967 8276 8161
0b003301 0b003601 10000 100 5000 18068 4494 4289
0b003001 0b008201 10000 100 20000 12863 9810 8958
0b009e01 0b004e01 10000 100 20000 13013 9799 8958
0b008701 0b006401 10000 100 1000 14851 8149 8161
0b003a01 0b005201 10000 100 5000 14596 8702 8329
0b000d01 0b005a01 10000 100 5000 14843 8696 8329
0b008e01 0b000101 10000 100 100000 8555 15078 12312
0b009001 0b007f01 10000 100 20000 13913 9927 8958
0b000d01 0b009301 10000 100 10000 14770 9109 8539
0b001d01 0b002701 10000 100 100000 10454 13552 12312
0b003101 0b000601 10000 100 50000 10859 13370 10216
0b005f01 0b004601 10000 100 20000 15457 8930 8958
0b002f01 0b006701 10000 100 10000 16111 8547 8539
0b001a01 0b004301 10000 100 50000 13845 10824 10216
0b005201 0b000a01 10000 100 5000 15965 8770 8329
0b001301 0b009a01 10000 100 5000 16435 8308 8329
0b008101 0b000801 10000 100 2000 16580 8230 8203
0b004e01 0b005301 10000 100 10000 14974 9938 8539
0b006e01 0b000101 10000 100 100000 9568 15477 12312
0b002b01 0b008601 10000 100 20000 15724 9356 8958
0b009b01 0b003d01 10000 100 200000 7661 17478 16504
0b006a01 0b001d01 10000 100 200000 4822 20343 16504
0b000601 0b009401 10000 100 50000 10449 15085 10216
0b000b01 0b004f01 10000 100 5000 17235 8333 8329
0b007401 0b002901 10000 100 1000 17116 8509 8161
0b003101 0b009401 10000 100 50000 14684 10951 10216
0b001b01 0b005e01 10001 100 50000 12652 13483 10216
0b005f01 0b005901 10000 100 20000 21311 4886 4918
0b009c01 0b004101 10000 100 2000 18218 8174 8203
0b009a01 0b002a01 10000 100 20000 15028 11409 8958
0b009601 0b003201 10000 100 5000 18165 8354 8329
0b003201 0b008801 10000 100 10000 16865 9685 8539
0b005501 0b004401 10000 100 50000 16538 10377 10216
0b000a01 0b003201 10000 100 10000 16552 10377 8539
0b008301 0b008101 10000 100 10000 22103 4877 4499
0b006a01 0b009501 10000 100 50000 15060 12009 10216
0b002201 0b005201 10000 100 100000 13074 14005 12312
0b004501 0b006e01 10000 100 1000 19014 8146 8161
0b004c01 0b003b01 10000 100 20000 18285 8950 8958
0b001701 0b001901 10000 100 20000 15081 12208 4918
0b008601 0b003701 10000 100 200000 9612 17948 16504
0b004701 0b006c01 10000 100 2000 19458 8179 8203
0b003f01 0b002b01 10000 100 1000 19499 8153 8161
0b004c01 0b001801 10000 100 1000 19470 8199 8161
0b004901 0b003c01 10000 100 5000 18519 9179 8329
0b009301 0b001b01 10000 100 10000 19215 8561 8539
0b006e01 0b001a01 10000 100 5000 19342 8538 8329
0b003901 0b004601 10000 100 2000 18879 9007 8203
0b009901 0b004a01 10000 100 2000 19834 8225 8203
0b004b01 0b009301 10000 100 1000 19849 8246 8161
0b006c01 0b008c01 10000 100 10000 19334 8897 8539
0b003001 0b007901 10000 100 20000 18391 9875 8958
0b003001 0b005d01 10000 100 200000 10112 18215 16504
0b008e01 0b003701 10000 100 50000 16984 11416 10216
0b009b01 0b003101 10000 100 20000 18671 9742 8958
0b008501 0b002e01 10000 100 50000 16170 12254 10216
0b002301 0b001501 10000 100 10000 19892 8548 8539
0b003e01 0b009e01 10000 100 100000 15363 13138 12312
0b003001 0b008301 10000 100 1000 20390 8132 8161
0b009301 0b006401 10000 100 2000 20331 8232 8203
0b009001 0b003101 10000 100 1000 20623 8150 8161
0b001201 0b006d01 10000 100 10000 18424 10407 8539
0b007801 0b000301 10000 100 200000 9293 19681 16504
0b008701 0b006601 10000 100 5000 20555 8495 8329
0b002701 0b007501 10000 100 1000 21044 8132 8161
0b009f01 0b001b01 10000 100 1000 21099 8146 8161
0b004f01 0b000e01 10000 100 20000 19511 9749 8958
0b003701 0b000e01 10000 100 50000 18119 11175 10216
0b007801 0b001701 10000 100 50000 10174 19149 10216
0b003201 0b003f01 10000 100 5000 24932 4635 4289
0b001401 0b008c01 10000 100 1000 21028 8590 8161
0b008001 0b009f01 10000 100 20000 18924 10800 8958
0b001301 0b009301 10000 100 50000 17622 12129 10216
0b005701 0b002c01 10000 100 200000 12980 16942 16504
0b008f01 0b003501 10000 100 100000 14780 15151 12312
0b004501 0b003801 10000 100 20000 20301 9749 8958
0b000e01 0b000a01 10000 100 200000 8508 21705 12464
0b000b01 0b000601 10000 100 1000 19987 10281 4121
0b000a01 0b005401 10000 100 100000 17451 12870 12312
0b002b01 0b009301 10000 100 1000 22251 8132 8161
0b008701 0b007901 10000 100 50000 19928 10490 10216
0b009801 0b007f01 10000 100 500000 91 30556 29080
0b001601 0b002601 10000 100 20000 21301 9529 8958
0b000e01 0b000401 10000 100 200000 6965 24038 12464
0b007601 0b009901 10000 100 500000 1084 29976 29080
0b002d01 0b004a01 10000 100 100000 18903 12484 12312
0b002501 0b008401 10000 100 500000 1340 30103 29080
0b007301 0b008401 10000 100 5000 22363 9111 8329
0b004001 0b008a01 10000 100 10000 16393 15090 8539
0b001e01 0b005601 10000 100 10000 21666 9887 8539
0b005201 0b004d01 10000 100 500000 1173 30393 29080
0b000701 0b002701 10000 100 5000 23005 8727 8329
0b007001 0b002401 10000 100 2000 23630 8209 8203
0b000301 0b004e01 10000 100 5000 22080 9854 8329
0b008001 0b002601 10000 100 1000 23715 8242 8161
0b001301 0b004401 10000 100 50000 17881 14134 10216
0b004601 0b003201 10000 100 20000 22394 10006 8958
0b008001 0b007401 10000 100 100000 14988 17451 12312
0b005e01 0b007601 10000 100 20000 21064 11512 8958
0b008301 0b008a01 10000 100 10000 22094 10511 4499
0b007d01 0b007c01 10000 100 10000 28160 4466 4499
0b006901 0b004601 10000 100 10000 23825 8924 8539
0b003d01 0b007f01 10000 100 50000 22206 10723 10216
0b001801 0b006101 10000 100 50000 18676 14410 10216
0b007101 0b001301 10000 100 200000 8219 25129 16504
0b001401 0b007c01 10000 100 1000 25238 8177 8161
0b009a01 0b007001 10000 100 200000 5987 27539 16504
0b001f01 0b004801 10000 100 100000 18211 15362 12312
0b007c01 0b005f01 10000 100 10000 25084 8621 8539
0b007d01 0b008401 10000 100 50000 23459 10339 10216
0b008601 0b007b01 10000 100 2000 25547 8359 8203
0b009d01 0b005701 10000 100 1000 24492 9648 8161
0b007401 0b009201 10000 100 1000 26024 8196 8161
0b000101 0b001901 10000 100 10000 23956 10277 8539
0b008b01 0b005b01 10000 100 1000 26153 8164 8161
0b005401 0b005b01 10000 100 20000 28593 5814 4918
0b008001 0b008801 10000 100 500000 4151 30410 25040
0b001e01 0b002401 10000 100 50000 24147 10422 10216
0b006d01 0b000201 10000 100 1000 21506 13077 8161
0b002601 0b006c01 10000 100 1000 26483 8173 8161
0b004401 0b006001 10000 100 1000 26556 8140 8161
0b002f01 0b009101 10000 100 50000 22453 12314 10216
0b006601 0b008401 10000 100 20000 25586 9261 8958
0b007001 0b004001 10000 100 2000 26722 8183 8203
0b007601 0b000101 10001 100 10000 26016 8939 8539
0b007601 0b000101 10000 100 50000 24463 10640 10216
0b001401 0b007101 10000 100 200000 18207 16933 16504
0b008e01 0b006801 10000 100 20000 24986 10287 8958
0b007701 0b008501 10000 100 5000 26774 8662 8329
0b003801 0b008a01 10000 100 1000 21601 13886 8161
0b003501 0b003101 10000 100 2000 31288 4265 4163
0b007c01 0b007301 10000 100 2000 31426 4130 4163
0b009701 0b006201 10000 100 500000 2583 33221 29080
0b009501 0b008b01 10000 100 100000 19183 16746 12312
0b000d01 0b006b01 10000 100 50000 20968 14970 10216
0b002f01 0b004901 10000 100 1000 28033 8132 8161
0b002a01 0b002c01 10000 100 200000 23622 12570 12464
0b006801 0b006a01 10000 100 1000 32076 4121 4121
0b002c01 0b001401 10000 100 5000 27920 8326 8329
0b001c01 0b004301 10000 100 1000 27483 9043 8161
0b009a01 0b009301 10000 100 200000 8255 28368 12464
0b000001 0b000601 10000 100 200000 12640 24131 12464
0b002801 0b004b01 10000 100 10000 27158 9830 8539
0b001c01 0b000601 10000 100 1000 21789 15362 8161
0b008501 0b002801 10000 100 50000 24876 12305 10216
0b006a01 0b008801 10000 100 5000 28693 8518 8329
0b006101 0b009501 10000 100 50000 24943 12270 10216
0b008201 0b006f01 10000 100 10000 28027 9195 8539
0b008901 0b006201 10000 100 5000 24698 12675 8329
0b006f01 0b007001 10000 100 10000 28741 8647 8539
0b007401 0b002e01 10000 100 20000 28278 9113 8958
0b007501 0b008801 10000 100 20000 28465 9218 8958
0b004e01 0b001001 10000 100 10000 27440 10322 8539
0b007e01 0b005601 10000 100 20000 25117 12648 8958
0b000601 0b006b01 10000 100 100000 22419 15411 12312
0b004f01 0b005e01 10000 100 2000 29881 8220 8203
0b007601 0b005001 10000 100 20000 28866 9279 8958
0b009f01 0b009d01 10000 100 5000 32300 5930 4289
0b006301 0b003401 10000 100 100000 21782 16452 12312
0b000001 0b008b01 10000 100 1000 30114 8155 8161
0b002701 0b004f01 10000 100 20000 28533 9743 8958
0b007501 0b007b01 10000 100 100000 30014 8346 8272
0b004c01 0b002101 10000 100 50000 27498 10891 10216
0b008701 0b002201 10000 100 20000 28586 9812 8958
0b002801 0b004b01 10001 100 10000 28192 10211 8539
0b009401 0b006401 10000 100 2000 30240 8197 8203
0b008d01 0b008b01 10000 100 1000 34426 4088 4121
0b008401 0b006a01 10000 100 500000 5548 32970 29080
0b008301 0b009e01 10000 100 5000 30256 8301 8329
0b000401 0b001201 10000 100 20000 24332 14451 8958
0b007b01 0b004601 10000 100 20000 28167 10653 8958
0b006901 0b004b01 10000 100 20000 29028 10012 8958
0b001c01 0b003c01 10000 100 50000 27286 11892 10216
0b004d01 0b003401 10000 100 20000 24903 14695 8958
0b001201 0b001401 10000 100 2000 35553 4233 4163
0b001d01 0b002101 10000 100 50000 25413 14554 10216
0b009001 0b005501 10000 100 10000 30427 9709 8539
0b008801 0b003b01 10000 100 2000 31970 8196 8203
0b003c01 0b007701 10000 100 1000 32085 8140 8161
0b009301 0b009701 10000 100 100000 31566 8806 8272
0b005701 0b004b01 10000 100 1000 32233 8221 8161
0b005c01 0b001101 10000 100 1000 31934 8686 8161
0b009801 0b009301 10000 100 10000 35801 4937 4499
0b006f01 0b004d01 10000 100 100000 24643 16154 12312
0b001801 0b004b01 10000 100 1000 29275 11567 8161
0b000001 0b000701 10000 100 1000 36906 4090 4121
0b005f01 0b004d01 10000 100 100000 24361 16662 12312
0b002601 0b004d01 10000 100 1000 30694 10367 8161
0b000901 0b003901 10000 100 1000 33052 8139 8161
0b002001 0b003e01 10000 100 20000 30701 10628 8958
0b009101 0b005a01 10000 100 1000 27134 14381 8161
0b000401 0b007c01 10000 100 5000 28377 13146 8329
0b009b01 0b002e01 10000 100 10000 32704 9100 8539
0b001101 0b004b01 10000 100 5000 31367 10549 8329
0b004d01 0b006401 10000 100 5000 33731 8379 8329
0b001201 0b001301 10000 100 2000 37919 4280 4163
0b008301 0b000401 10000 100 100000 24646 17867 12312
0b007a01 0b003001 10000 100 20000 32999 9516 8958
0b008101 0b001801 10000 100 20000 33052 9488 8958
0b006701 0b001701 10000 100 200000 10092 32507 16504
0b003101 0b009501 10000 100 20000 30521 12093 8958
0b000901 0b004e01 10000 100 500000 7642 34996 29080
0b009501 0b001301 10000 100 200000 21538 21125 16504
0b003b01 0b008f01 10000 100 5000 29874 12983 8329
0b002501 0b006f01 10000 100 1000 34709 8184 8161
0b006301 0b004d01 10000 100 20000 34114 9086 8958
0b000701 0b005701 10000 100 5000 34510 8716 8329
0b000801 0b003f01 10000 100 100000 22628 20771 12312
0b007601 0b008901 10000 100 20000 33889 9592 8958
0b003b01 0b005501 10000 100 10000 32778 10753 8539
0b000101 0b005d01 10000 100 2000 31442 12190 8203
0b001001 0b003001 10000 100 1000 35250 8399 8161
0b007801 0b004601 10001 100 5000 31526 12224 8329
0b006301 0b008501 10000 100 5000 35433 8358 8329
0b002601 0b009f01 10000 100 20000 34069 9834 8958
0b004e01 0b006f01 10000 100 1000 35687 8417 8161
0b000901 0b005401 10000 100 5000 35712 8500 8329
0b004d01 0b003d01 10000 100 20000 34426 9995 8958
0b001d01 0b001801 10000 100 200000 19635 24876 12464
0b009001 0b001e01 10000 100 200000 20924 23756 16504
0b004c01 0b007101 10000 100 1000 36579 8136 8161
0b008e01 0b000101 10001 100 5000 36379 8392 8329
0b004601 0b001001 10000 100 50000 32205 12634 10216
0b001001 0b004601 10000 100 50000 26241 18607 10216
0b004e01 0b003d01 10000 100 1000 34570 10441 8161
0b002f01 0b008c01 10000 100 5000 36729 8351 8329
0b004501 0b005f01 10000 100 10000 32461 12637 8539
0b008c01 0b009201 10000 100 50000 34688 10448 10216
0b009501 0b007c01 10000 100 1000 36960 8203 8161
0b006e01 0b003601 10000 100 500000 12501 32669 29080
0b001301 0b002c01 10000 100 20000 35729 9444 8958
0b009c01 0b000f01 10000 100 10000 19171 26236 8539
0b001a01 0b005f01 10000 100 1000 35263 10260 8161
0b000401 0b009201 10000 100 50000 30135 15410 10216
0b000601 0b005001 10001 100 5000 35573 10021 8329
0b008201 0b003e01 10000 100 1000 36541 9070 8161
0b003501 0b004101 10000 100 200000 20717 24933 16504
0b002001 0b001401 10000 100 10000 37040 8648 8539
0b005a01 0b003c01 10000 100 1000 36291 9456 8161
0b004701 0b002c01 10000 100 50000 31965 13790 10216
0b001501 0b004601 10000 100 200000 24726 21146 16504
0b000001 0b002301 10000 100 200000 16121 29846 16504
0b007c01 0b009301 10000 100 100000 33168 12867 12312
0b005a01 0b008a01 10000 100 5000 32194 14213 8329
0b008201 0b004601 10000 100 50000 30298 16263 10216
0b005901 0b001201 10000 100 10000 37964 8677 8539
0b002901 0b005f01 10000 100 20000 37243 9545 8958
0b007e01 0b002901 10000 100 10000 37777 9016 8539
0b001f01 0b001e01 10000 100 1000 37805 9193 4121
0b007f01 0b002d01 10000 100 50000 32689 14551 10216
0b009101 0b000701 10000 100 10000 29137 18110 8539
0b009901 0b009801 10000 100 200000 34552 12726 12464
0b003601 0b007a01 10000 100 2000 39097 8245 8203
0b000901 0b004701 10000 100 10000 36603 10761 8539
0b002201 0b002c01 10000 100 1000 43434 4122 4121
0b002d01 0b004c01 10000 100 20000 37676 9898 8958
0b008801 0b001501 10000 100 1000 37771 9968 8161
0b007d01 0b002901 10000 100 1000 39687 8140 8161
0b006c01 0b005101 10000 100 20000 38327 9613 8958
0b005201 0b005b01 10000 100 10000 43566 4625 4499
0b001e01 0b002401 10001 100 200000 30494 17811 16504
0b001201 0b003501 10000 100 100000 31743 16623 12312
0b005201 0b002501 10000 100 1000 40031 8339 8161
0b007101 0b008101 10000 100 100000 35812 12686 12312
0b007401 0b009001 10000 100 100000 34722 13934 12312
0b005a01 0b005c01 10000 100 1000 44542 4199 4121
0b002c01 0b008d01 10000 100 5000 40412 8449 8329
0b003a01 0b008501 10000 100 5000 40491 8415 8329
0b003201 0b004301 10000 100 100000 22286 26799 12312
0b008d01 0b007301 10000 100 1000 41040 8145 8161
0b006801 0b003001 10000 100 200000 30663 18540 16504
0b001b01 0b003c01 10000 100 500000 11355 38003 29080
0b001f01 0b003401 10000 100 10000 30630 18830 8539
0b005101 0b008501 10000 100 20000 40148 9397 8958
0b005801 0b005501 10000 100 20000 43946 5667 4918
0b006601 0b001801 10000 100 20000 40530 9291 8958
0b003101 0b003e01 10000 100 1000 45654 4183 4121
0b002601 0b007f01 10000 100 50000 35525 14372 10216
0b003301 0b003b01 10000 100 1000 42256 7693 4121
0b003501 0b005601 10000 100 200000 20892 29065 16504
0b001601 0b002401 10000 100 20000 34152 15807 8958
0b004301 0b003301 10000 100 20000 36467 13598 8958
0b002601 0b008301 10000 100 50000 35731 14365 10216
0b009b01 0b001901 10000 100 20000 32984 17213 8958
0b005b01 0b004c01 10000 100 1000 42067 8251 8161
0b004001 0b009101 10000 100 500000 10285 40108 29080
0b008201 0b001601 10000 100 5000 39160 11249 8329
0b002201 0b000f01 10000 100 20000 21698 28773 8958
0b002901 0b002301 10000 100 20000 38235 12271 4918
0b005c01 0b008d01 10000 100 10000 42006 8566 8539
0b008a01 0b005701 10000 100 500000 3167 47506 29080
0b004101 0b006e01 10000 100 2000 42524 8195 8203
0b003401 0b005201 10000 100 5000 41165 9592 8329
0b007101 0b002301 10000 100 500000 5508 45330 29080
0b006e01 0b006f01 10000 100 100000 41210 9632 8272
0b007f01 0b009001 10000 100 20000 40246 10741 8958
0b004501 0b009401 10000 100 100000 29366 21833 12312
0b002901 0b002f01 10000 100 20000 46017 5270 4918
0b003701 0b004e01 10000 100 200000 31962 19361 16504
0b008701 0b003e01 10000 100 1000 43233 8228 8161
0b008a01 0b001601 10000 100 200000 16425 35252 16504
0b000601 0b004c01 10000 100 20000 41816 9869 8958
0b007701 0b001701 10000 100 500000 65 51938 29080
0b001001 0b007e01 10000 100 500000 5081 47009 29080
0b000001 0b009a01 10000 100 1000 40188 12033 8161
0b001701 0b000701 10000 100 1000 29756 22525 8161
0b000401 0b006901 10000 100 20000 41624 10721 8958
0b008a01 0b006a01 10000 100 5000 39915 12460 8329
0b002001 0b005601 10000 100 5000 41643 11022 8329
0b005201 0b004c01 10000 100 5000 44188 8624 8329
0b003901 0b001c01 10000 100 1000 44669 8147 8161
0b001c01 0b008601 10000 100 1000 44259 8653 8161
0b000001 0b008b01 10001 100 20000 42935 10044 8958
0b002901 0b004701 10000 100 5000 44525 8487 8329
0b006801 0b009601 10000 100 1000 44507 8508 8161
0b000c01 0b007101 10000 100 100000 37133 15995 12312
0b008701 0b006f01 10000 100 200000 26855 26547 16504
0b002d01 0b003e01 10000 100 500000 23361 30331 29080
0b008701 0b006501 10000 100 100000 31322 22380 12312
0b003201 0b007d01 10000 100 10000 44450 9302 8539
0b002401 0b000901 10000 100 100000 30068 23728 12312
0b000901 0b004201 10000 100 2000 45775 8357 8203
0b006101 0b008701 10000 100 5000 45557 8706 8329
0b008b01 0b002201 10000 100 20000 44907 9399 8958
0b003801 0b001e01 10000 100 2000 45992 8330 8203
0b006101 0b002601 10000 100 1000 46246 8245 8161
0b000901 0b008901 10000 100 10000 45428 9099 8539
0b001f01 0b008601 10000 100 100000 29356 25314 12312
0b000701 0b000d01 10000 100 1000 50558 4178 4121
0b001201 0b009801 10000 100 20000 44428 10356 8958
0b004601 0b000101 10000 100 200000 29350 25485 16504
0b009901 0b009001 10000 100 5000 50640 4403 4289
0b007601 0b006d01 10000 100 100000 30263 25105 12312
0b009c01 0b000f01 10001 100 5000 24183 31272 8329
0b006201 0b008701 10000 100 2000 39770 15703 8203
0b007d01 0b009101 10000 100 1000 38396 17209 8161
0b002401 0b004b01 10000 100 500000 2085 53531 29080
0b004d01 0b007f01 10000 100 100000 35910 19875 12312
0b003f01 0b005401 10000 100 50000 42629 13202 10216
0b002801 0b007201 10000 100 1000 46901 9088 8161
0b005d01 0b005401 10000 100 100000 41273 14800 8272
0b009c01 0b002d01 10000 100 20000 44948 11135 8958
0b001a01 0b000601 10000 100 100000 38564 17536 12312
0b003201 0b004c01 10000 100 200000 29325 26884 16504
0b009b01 0b005901 10000 100 5000 47320 8921 8329
0b006b01 0b004001 10000 100 5000 46814 9464 8329
0b006d01 0b009f01 10000 100 5000 38556 17779 8329
0b002301 0b008601 10000 100 1000 39494 16968 8161
0b009a01 0b008801 10000 100 5000 40343 16410 8329
0b005a01 0b003401 10000 100 2000 46943 10019 8203
0b000d01 0b004501 10000 100 20000 45710 11260 8958
0b008601 0b004c01 10001 100 1000 48439 8554 8161
0b005e01 0b005c01 10000 100 200000 17095 39907 12464
0b001301 0b004701 10000 100 2000 48792 8230 8203
0b006d01 0b005201 10000 100 10000 39060 18021 8539
0b002d01 0b002801 10000 100 20000 52135 4950 4918
0b009601 0b004c01 10000 100 50000 44177 12909 10216
0b008901 0b009801 10000 100 50000 38851 18435 10216
0b004701 0b002301 10000 100 2000 40301 17018 8203
0b002801 0b006d01 10000 100 2000 39629 17784 8203
0b007601 0b003401 10000 100 20000 45806 11641 8958
0b002801 0b001501 10000 100 200000 23673 33853 16504
0b000701 0b001d01 10000 100 500000 6195 51443 29080
0b009d01 0b004a01 10000 100 100000 32120 25680 12312
0b000501 0b002a01 10000 100 20000 45808 12068 8958
0b008a01 0b002101 10000 100 5000 46919 11030 8329
0b004f01 0b008201 10000 100 1000 49793 8210 8161
0b000101 0b004401 10000 100 200000 36882 21186 16504
0b005a01 0b009901 10000 100 20000 45679 12509 8958
0b006401 0b004301 10000 100 20000 46905 11326 8958
0b005e01 0b007d01 10000 100 50000 36999 21263 10216
0b000401 0b001801 10000 100 100000 36203 22424 12312
0b001001 0b004701 10000 100 500000 11272 47495 29080
0b003701 0b000b01 10000 100 20000 48910 9884 8958
0b005c01 0b009f01 10000 100 50000 46166 12702 10216
0b001c01 0b001b01 10000 100 20000 53996 4886 4918
0b004b01 0b006d01 10000 100 500000 6282 52632 29080
0b007201 0b005b01 10000 100 1000 46870 12139 8161
0b009001 0b003601 10000 100 1000 50752 8280 8161
0b001d01 0b006901 10000 100 10000 50095 8948 8539
0b006f01 0b000701 10000 100 20000 50138 9040 8958
0b001601 0b002701 10000 100 1000 47333 11916 8161
0b000a01 0b004f01 10000 100 100000 35370 23896 12312
0b006501 0b001a01 10000 100 20000 44602 14799 8958
0b003301 0b008f01 10000 100 100000 27653 31944 12312
0b009b01 0b003101 10001 100 1000 51448 8171 8161
0b004001 0b002301 10000 100 200000 33854 25988 16504
0b008901 0b000501 10000 100 1000 51601 8281 8161
0b008301 0b004801 10000 100 10000 50759 9372 8539
0b009201 0b001901 10000 100 500000 18184 42002 29080
0b003201 0b004601 10000 100 5000 49765 10552 8329
0b000701 0b004301 10000 100 20000 46974 13419 8958
0b001901 0b008701 10000 100 20000 44085 16377 8958
0b006a01 0b002501 10000 100 1000 52299 8177 8161
0b002401 0b008a01 10000 100 500000 3407 57116 29080
0b009a01 0b004301 10000 100 200000 13500 47137 16504
0b005701 0b009d01 10000 100 200000 23210 37509 16504
0b004601 0b008901 10000 100 2000 52120 8599 8203
0b009101 0b006301 10000 100 2000 45454 15265 8203
0b009201 0b002101 10000 100 5000 52648 8338 8329
0b003701 0b000001 10000 100 200000 38210 22826 16504
0b003301 0b000c01 10000 100 100000 32872 28213 12312
0b004f01 0b009201 10000 100 100000 48274 12895 12312
0b008401 0b000a01 10000 100 200000 28970 32413 16504
0b002601 0b004a01 10000 100 20000 51442 10063 8958
0b004101 0b006101 10000 100 1000 53449 8202 8161
0b004001 0b001401 10000 100 20000 48341 13370 8958
0b008001 0b003b01 10000 100 1000 53405 8459 8161
0b003001 0b005101 10000 100 2000 53589 8450 8203
0b009001 0b004801 10000 100 5000 53536 8541 8329
0b008501 0b006d01 10000 100 500000 13908 48282 29080
0b005b01 0b007901 10000 100 50000 38737 23457 10216
0b007201 0b002501 10000 100 200000 38683 23588 16504
0b000c01 0b008101 10000 100 20000 52877 9415 8958
0b007f01 0b008801 10000 100 10000 52901 9392 8539
0b001901 0b002a01 10000 100 5000 48028 14460 8329
0b004a01 0b002001 10000 100 200000 31576 30925 16504
0b001001 0b007d01 10000 100 50000 51029 11478 10216
0b005a01 0b001401 10000 100 20000 51219 11403 8958
0b004e01 0b000e01 10000 100 10000 47430 15248 8539
0b000101 0b003e01 10000 100 2000 53466 9472 8203
0b002701 0b003301 10000 100 500000 23834 39213 29080
0b009301 0b007201 10000 100 100000 46085 16972 12312
0b008201 0b007901 10000 100 100000 37073 26004 12312
0b002301 0b008201 10000 100 10000 53250 9858 8539
0b008001 0b002001 10000 100 200000 37311 26152 16504
0b005f01 0b006501 10000 100 50000 45913 17631 10216
0b003e01 0b008801 10000 100 50000 49226 14328 10216
0b002e01 0b008301 10000 100 20000 53196 10585 8958
0b000a01 0b004b01 10000 100 50000 40263 23535 10216
0b004901 0b006d01 10000 100 2000 46777 17080 8203
0b003801 0b008701 10000 100 1000 55541 8326 8161
0b008001 0b003701 10000 100 10000 53589 10388 8539
0b009c01 0b007d01 10000 100 1000 55770 8239 8161
0b000001 0b002701 10000 100 5000 55561 8677 8329
0b004a01 0b002501 10000 100 200000 33341 30960 16504
0b001f01 0b002c01 10000 100 1000 54838 9716 8161
0b000a01 0b006101 10000 100 100000 42902 21810 12312
0b004b01 0b005201 10000 100 500000 14742 50004 29080
0b009f01 0b006d01 10000 100 10000 52524 12425 8539
0b001d01 0b008f01 10000 100 50000 36355 28609 10216
0b003601 0b009b01 10000 100 10000 56165 8918 8539
0b005501 0b000e01 10000 100 200000 35951 29165 16504
0b006301 0b002301 10000 100 20000 46964 18167 8958
0b009001 0b004c01 10000 100 20000 54406 10755 8958
0b005401 0b009801 10000 100 5000 56415 8772 8329
0b001801 0b007401 10000 100 500000 14525 50856 29080
0b007101 0b009401 10000 100 20000 56566 8964 8958
0b009a01 0b007901 10000 100 200000 23042 42691 16504
0b001501 0b000001 10000 100 5000 57389 8454 8329
0b005401 0b006301 10000 100 5000 56087 9807 8329
0b004a01 0b006401 10000 100 20000 55189 10707 8958
0b000701 0b004601 10000 100 1000 57385 8515 8161
0b008b01 0b005f01 10000 100 2000 56409 9612 8203
0b002401 0b002901 10000 100 2000 61835 4196 4163
0b004d01 0b000601 10000 100 500000 11592 54567 29080
0b008c01 0b000901 10000 100 20000 43919 22248 8958
0b003401 0b001601 10000 100 100000 41921 24306 12312
0b001c01 0b007201 10000 100 200000 45072 21198 16504
0b001801 0b006501 10000 100 5000 51236 15037 8329
0b000e01 0b003d01 10000 100 1000 57572 8912 8161
0b002a01 0b008d01 10000 100 50000 52224 14321 10216
0b009501 0b005301 10000 100 50000 48194 18413 10216
0b005601 0b000901 10000 100 1000 58179 8492 8161
0b009101 0b000801 10000 100 5000 51672 15169 8329
0b006a01 0b000301 10000 100 20000 51982 14891 8958
0b009b01 0b000201 10000 100 500000 32835 34138 29080
0b009901 0b009401 10000 100 2000 62937 4158 4163
0b007f01 0b008a01 10001 100 5000 58186 8964 8329
0b003e01 0b004901 10000 100 1000 58882 8272 8161
0b006601 0b007b01 10000 100 10000 56603 10579 8539
0b003101 0b009e01 10000 100 200000 39726 27469 16504
0b005801 0b003f01 10000 100 100000 47764 19531 12312
0b001701 0b004b01 10000 100 10000 49465 17830 8539
0b001f01 0b002301 10000 100 200000 33570 33751 16504
0b002101 0b007101 10000 100 100000 55040 12362 12312
0b009001 0b000101 10000 100 1000 59257 8158 8161
0b003e01 0b007b01 10000 100 100000 49029 18428 12312
0b000d01 0b005601 10000 100 100000 46075 21407 12312
0b007901 0b007b01 10000 100 1000 50365 17154 4121
0b000a01 0b001f01 10000 100 200000 30944 36614 16504
0b007e01 0b004a01 10000 100 200000 42438 25218 16504
0b000101 0b008e01 10000 100 5000 59379 8366 8329
0b006d01 0b001d01 10000 100 10000 58772 8979 8539
0b004501 0b001501 10000 100 1000 57165 10608 8161
0b004601 0b007501 10000 100 1000 57008 10769 8161
0b005e01 0b001f01 10000 100 100000 33567 34395 12312
0b008201 0b009e01 10000 100 10000 47748 20256 8539
0b008d01 0b005201 10000 100 100000 49703 18389 12312
0b004c01 0b002101 10001 100 20000 58119 10009 8958
0b002a01 0b008d01 10001 100 1000 60031 8152 8161
0b009301 0b003201 10000 100 200000 50727 17748 16504
0b005701 0b009201 10000 100 10000 48405 20146 8539
0b002301 0b005401 10000 100 500000 25750 42844 29080
0b000101 0b000e01 10000 100 5000 64237 4377 4289
0b005e01 0b001701 10000 100 5000 48465 20169 8329
0b009101 0b003c01 10000 100 10000 52798 15945 8539
0b008c01 0b008901 10000 100 10000 54859 13932 4499
0b000501 0b007401 10000 100 5000 59992 8861 8329
0b007f01 0b004e01 10000 100 10000 59347 9559 8539
0b004501 0b009601 10000 100 100000 50801 18112 12312
0b006901 0b009a01 10000 100 200000 30802 38142 16504
0b007601 0b007b01 10000 100 2000 64785 4199 4163
0b005301 0b002101 10000 100 2000 50181 18809 8203
0b001201 0b007401 10000 100 1000 59882 9111 8161
0b003201 0b008b01 10000 100 10000 60325 8831 8539
0b004201 0b009201 10000 100 20000 59906 9272 8958
0b001b01 0b005b01 10000 100 1000 59862 9436 8161
0b007a01 0b005b01 10000 100 2000 61061 8392 8203
0b004b01 0b000b01 10000 100 1000 61364 8132 8161
0b003d01 0b005601 10000 100 5000 57808 11723 8329
0b002001 0b008201 10000 100 2000 61857 8176 8203
0b001101 0b002001 10000 100 100000 45485 24823 12312
0b006a01 0b008a01 10000 100 1000 61492 8871 8161
0b004501 0b000601 10000 100 20000 52826 17537 8958
0b005601 0b003801 10000 100 1000 61461 9083 8161
0b007e01 0b006501 10000 100 5000 53961 16606 8329
0b009201 0b006301 10000 100 200000 53109 17667 16504
0b002201 0b007001 10000 100 20000 58673 12120 8958
0b009201 0b000101 10000 100 10000 62266 8559 8539
0b002e01 0b003001 10000 100 200000 44649 26192 16504
0b007001 0b008c01 10000 100 20000 52827 18075 8958
0b001001 0b000401 10000 100 1000 62799 8161 8161
0b008401 0b000e01 10000 100 500000 25141 45881 29080
0b005a01 0b006501 10000 100 20000 52740 18303 8958
0b003301 0b007801 10000 100 1000 48864 22181 8161
0b008301 0b001c01 10000 100 1000 63451 8195 8161
0b006201 0b003f01 10000 100 5000 53765 17914 8329
0b008801 0b004901 10000 100 1000 63631 8158 8161
0b007f01 0b004d01 10000 100 1000 63075 8745 8161
0b002c01 0b002b01 10000 100 50000 61223 10608 6176
0b002001 0b001301 10000 100 20000 60357 11485 8958
0b008e01 0b009e01 10000 100 100000 46202 25864 12312
0b005f01 0b004c01 10000 100 100000 57643 14497 12312
0b003a01 0b007e01 10000 100 1000 62925 9246 8161
0b004901 0b005901 10000 100 500000 35101 37117 29080
0b002301 0b007c01 10000 100 2000 64013 8294 8203
0b001201 0b004901 10000 100 200000 44838 27536 16504
0b007c01 0b006101 10000 100 2000 64070 8305 8203
0b009e01 0b005601 10000 100 1000 54747 17693 8161
0b000101 0b001201 10000 100 100000 51140 21332 12312
0b007d01 0b005501 10000 100 5000 61773 10968 8329
0b007201 0b003b01 10000 100 1000 64632 8155 8161
0b003a01 0b002c01 10000 100 100000 56019 16778 12312
0b009301 0b008801 10000 100 1000 64499 8682 8161
0b005001 0b006601 10000 100 1000 49387 23820 8161
0b001501 0b009601 10000 100 50000 61784 11576 10216
0b003e01 0b008701 10000 100 200000 49373 24225 16504
0b006001 0b003001 10000 100 10000 65063 8573 8539
0b009c01 0b006e01 10000 100 5000 65410 8391 8329
0b005801 0b001601 10000 100 500000 30205 43604 29080
0b008b01 0b000801 10000 100 20000 65144 8997 8958
0b008301 0b007f01 10000 100 200000 48685 25638 16504
0b000001 0b002801 10000 100 100000 50407 24117 12312
0b004201 0b005301 10000 100 500000 11259 63291 29080
0b001d01 0b001701 10000 100 500000 18422 56421 25040
0b005c01 0b001c01 10000 100 20000 65025 9839 8958
0b002401 0b009e01 10000 100 1000 55977 18945 8161
0b001701 0b003e01 10000 100 50000 56445 18552 10216
0b000401 0b001901 10000 100 1000 57807 17211 8161
0b008001 0b000801 10000 100 10000 65936 9419 8539
0b004101 0b002701 10000 100 10000 66456 8938 8539
0b002d01 0b003401 10000 100 10000 60340 15121 8539
0b008e01 0b003501 10000 100 1000 67461 8150 8161
0b005601 0b007e01 10000 100 50000 55787 19847 10216
0b008701 0b005201 10000 100 100000 61816 13860 12312
0b002b01 0b001201 10000 100 20000 66730 9023 8958
0b003501 0b002301 10000 100 20000 65533 10393 8958
0b005301 0b005401 10000 100 1000 62257 13755 4121
0b009201 0b000b01 10000 100 1000 67847 8196 8161
0b009a01 0b006301 10000 100 20000 54600 21463 8958
0b003501 0b001601 10000 100 20000 64291 11891 8958
0b006a01 0b004901 10000 100 100000 55196 21026 12312
0b002601 0b001501 10000 100 20000 65835 10526 8958
0b005e01 0b007901 10000 100 50000 39422 37080 10216
0b009a01 0b006f01 10000 100 1000 56543 19984 8161
0b006201 0b000301 10000 100 500000 22246 54877 29080
0b001701 0b002e01 10000 100 2000 66787 10398 8203
0b000701 0b000201 10000 100 1000 73094 4093 4121
0b001601 0b004301 10000 100 10000 66184 11227 8539
0b008e01 0b005901 10000 100 1000 69449 8230 8161
0b008501 0b007301 10000 100 20000 64173 13619 8958
0b000301 0b007c01 10000 100 500000 26605 51238 29080
0b007301 0b003901 10000 100 20000 66976 10924 8958
0b004701 0b000201 10000 100 20000 68678 9483 8958
0b001301 0b006801 10000 100 10000 67569 10639 8539
0b005301 0b001501 10000 100 50000 56524 21808 10216
0b007e01 0b007301 10000 100 20000 70376 8018 4918
0b001001 0b003e01 10000 100 10000 65905 12495 8539
0b001101 0b000301 10000 100 200000 33818 44679 16504
0b009401 0b005401 10000 100 200000 61123 17464 16504
0b002101 0b005001 10000 100 2000 54164 24645 8203
0b005d01 0b000501 10000 100 10000 70072 8856 8539
0b001f01 0b003a01 10000 100 20000 64263 14666 8958
0b001801 0b006201 10000 100 500000 17279 61796 29080
0b002d01 0b005101 10000 100 200000 62262 16849 16504
0b002a01 0b003c01 10000 100 200000 51894 27234 16504
0b008601 0b009301 10000 100 500000 47197 31991 29080
0b004e01 0b002c01 10000 100 1000 64204 15029 8161
0b006a01 0b004401 10000 100 200000 53021 26221 16504
0b004701 0b009e01 10000 100 1000 63166 16087 8161
0b000101 0b007f01 10000 100 10000 70173 9094 8539
0b008601 0b006101 10000 100 1000 68912 10536 8161
0b006101 0b007801 10000 100 500000 36955 42576 29080
0b008601 0b005501 10000 100 10000 69625 10215 8539
0b002201 0b005d01 10000 100 10000 70335 9514 8539
0b005301 0b001301 10000 100 1000 60235 19627 8161
0b007601 0b007b01 10001 100 5000 74934 4939 4289
0b004d01 0b002101 10000 100 10000 70491 9404 8539
0b009501 0b009901 10000 100 1000 76036 4137 4121
0b006f01 0b002201 10000 100 200000 59587 20610 16504
0b007101 0b000901 10000 100 50000 67616 12590 10216
0b005101 0b001801 10000 100 20000 69246 11000 8958
0b000801 0b000a01 10000 100 500000 19706 60623 25040
0b006d01 0b004801 10000 100 1000 68402 11932 8161
0b002c01 0b002b01 10001 100 100000 71991 8493 8272
0b008301 0b008901 10000 100 500000 46076 34605 25040
0b005b01 0b000801 10000 100 20000 70950 9897 8958
0b000701 0b002101 10000 100 100000 62414 18578 12312
0b007e01 0b000501 10000 100 1000 72894 8168 8161
0b005f01 0b008f01 10000 100 100000 46004 35214 12312
0b000701 0b007101 10000 100 50000 66178 15070 10216
0b009d01 0b004c01 10000 100 100000 47924 33474 12312
0b005c01 0b009601 10000 100 50000 67014 14449 10216
0b004301 0b005301 10000 100 10000 62036 19480 8539
0b000001 0b001a01 10000 100 1000 73428 8303 8161
0b004a01 0b004401 10000 100 100000 65864 15883 8272
0b001701 0b009501 10000 100 1000 71221 10546 8161
0b006401 0b002c01 10000 100 500000 48208 33580 29080
0b004901 0b008901 10000 100 2000 73011 8853 8203
0b009101 0b004e01 10000 100 200000 46993 35034 16504
0b006901 0b009b01 10000 100 1000000 6017 76108 50040
0b002901 0b007201 10000 100 5000 70565 11593 8329
0b004201 0b002b01 10000 100 1000 74234 8189 8161
0b005b01 0b000f01 10000 100 500000 3198 79247 29080
0b008901 0b005c01 10000 100 500000 24459 58038 29080
0b006601 0b006201 10000 100 1000 70581 11975 4121
0b000401 0b001b01 10000 100 5000 73951 8617 8329
0b007a01 0b001401 10000 100 100000 62459 20155 12312
0b004101 0b003f01 10000 100 200000 65394 17345 16504
0b000601 0b001201 10000 100 1000 74599 8182 8161
0b002901 0b008f01 10000 100 1000 52081 30709 8161
0b003a01 0b006a01 10000 100 20000 72913 9881 8958
0b002101 0b009701 10000 100 1000 74760 8132 8161
0b005801 0b001b01 10000 100 200000 53111 29913 16504
0b001c01 0b009d01 10000 100 1000 57098 25940 8161
0b007f01 0b002201 10001 100 10000 72257 10926 8539
0b009501 0b002d01 10000 100 10000 69585 13677 8539
0b005801 0b007001 10000 100 200000 53724 29562 16504
0b000f01 0b005701 10000 100 1000 49417 34319 8161
0b000801 0b009e01 10000 100 200000 34500 49242 16504
0b002601 0b008601 10000 100 50000 71377 12439 10216
0b007001 0b005401 10000 100 10000 74566 9347 8539
0b001001 0b007901 10000 100 100000 54435 29494 12312
0b000701 0b001a01 10000 100 1000000 4408 79575 50040
0b008501 0b003d01 10000 100 50000 57557 26522 10216
0b006e01 0b002701 10000 100 1000 76024 8236 8161
0b002601 0b003d01 10000 100 50000 63264 21067 10216
0b004f01 0b000301 10000 100 5000 74042 10319 8329
0b005b01 0b006b01 10000 100 1000000 24339 60086 50040
0b001501 0b002601 10000 100 20000 75150 9407 8958
0b001c01 0b008501 10000 100 10000 76045 8614 8539
0b000401 0b007201 10000 100 1000 76566 8160 8161
0b006401 0b001d01 10000 100 1000 76552 8187 8161
0b005601 0b005201 10000 100 1000 74726 10080 4121
0b003a01 0b000f01 10000 100 50000 44920 40275 10216
0b001101 0b007801 10000 100 20000 73380 11878 8958
0b009901 0b004901 10000 100 20000 75728 9672 8958
0b006c01 0b008501 10000 100 1000 77317 8164 8161
0b004501 0b006601 10000 100 1000000 14022 71590 50040
0b005901 0b001701 10000 100 10000 74901 10786 8539
0b005901 0b002901 10000 100 200000 65086 20646 16504
0b007c01 0b004501 10000 100 500000 54025 31784 29080
0b008501 0b008401 10000 100 1000 81668 4153 4121
0b007001 0b009101 10000 100 500000 29202 56880 29080
0b007001 0b004a01 10000 100 100000 62713 23401 12312
0b004601 0b007d01 10000 100 20000 70774 15655 8958
0b005701 0b009601 10000 100 500000 26340 60093 29080
0b001701 0b006101 10000 100 100000 67807 18736 12312
0b001201 0b003201 10000 100 20000 75333 11260 8958
0b002401 0b007001 10000 100 1000 78706 8158 8161
0b004201 0b007e01 10000 100 1000 78675 8211 8161
0b007301 0b005801 10000 100 20000 72369 14559 8958
0b002c01 0b009d01 10000 100 50000 52568 34502 10216
0b000201 0b003201 10000 100 2000 78685 8401 8203
0b004201 0b004601 10000 100 20000 80942 6485 4918
0b001101 0b000d01 10000 100 5000 78541 8893 8329
0b009e01 0b008501 10000 100 20000 76904 10590 8958
0b009f01 0b006601 10000 100 10000 74920 12620 8539
0b002801 0b000e01 10000 100 1000 79262 8294 8161
0b008701 0b005901 10000 100 2000 79276 8294 8203
0b001e01 0b006b01 10000 100 20000 77722 9853 8958
0b005f01 0b004601 10001 100 5000 78469 9215 8329
0b008c01 0b008e01 10000 100 10000 71324 16437 4499
0b000f01 0b007d01 10000 100 1000 56169 31647 8161
0b006f01 0b008b01 10000 100 5000 79333 8487 8329
0b008301 0b000801 10000 100 5000 78503 9332 8329
0b006d01 0b005f01 10000 100 20000 77417 10489 8958
0b009201 0b009801 10000 100 500000 62824 25128 25040
0b008801 0b001c01 10000 100 10000 78297 9678 8539
0b004e01 0b000201 10000 100 2000 79455 8626 8203
0b008701 0b001c01 10000 100 100000 72450 15636 12312
0b007b01 0b008201 10000 100 5000 79722 8460 8329
0b002e01 0b007f01 10000 100 1000 79376 8825 8161
0b000a01 0b000001 10000 100 10000 78246 10038 4499
0b007901 0b008901 10000 100 1000 59868 28421 8161
0b007d01 0b000501 10000 100 20000 71003 17368 8958
0b007e01 0b005c01 10000 100 200000 61256 27353 16504
0b005a01 0b004301 10000 100 1000 80656 8259 8161
0b009c01 0b003301 10000 100 100000 53334 35699 12312
0b001201 0b004301 10000 100 200000 63176 25935 16504
0b004701 0b007e01 10000 100 20000 80093 9289 8958
0b008b01 0b007901 10000 100 1000 62483 27013 8161
0b000001 0b004701 10000 100 500000 50326 39566 29080
0b002b01 0b005801 10000 100 1000 80855 9090 8161
0b005101 0b006401 10000 100 1000 81811 8191 8161
0b003a01 0b003901 10000 100 10000 85282 4853 4499
0b000401 0b007601 10000 100 5000 79078 11161 8329
0b004a01 0b001301 10000 100 100000 71693 18553 12312
0b009701 0b002001 10000 100 1000 82153 8163 8161
0b007e01 0b006701 10000 100 500000 36860 53475 29080
0b001801 0b005a01 10000 100 5000 81762 8690 8329
0b003101 0b001c01 10000 100 2000 82342 8196 8203
0b001701 0b004101 10000 100 20000 78885 11772 8958
0b000f01 0b006d01 10000 100 100000 48532 42302 12312
0b005601 0b002101 10000 100 10000 72305 18635 8539
0b007201 0b005c01 10000 100 10000 79388 11645 8539
0b009701 0b000401 10000 100 1000 83075 8438 8161
0b001a01 0b001001 10000 100 100000 77202 14450 8272
0b008a01 0b002801 10000 100 10000 70626 21140 8539
0b009c01 0b001201 10000 100 1000 79537 12270 8161
0b001901 0b001301 10000 100 1000 81769 10156 4121
0b004601 0b009801 10000 100 10000 83404 8562 8539
0b001401 0b009b01 10000 100 200000 70066 21916 16504
0b007801 0b004201 10000 100 2000 83003 9174 8203
0b000501 0b003001 10000 100 5000 83037 9163 8329
0b000001 0b005801 10000 100 100000 74689 17530 12312
0b002601 0b008c01 10000 100 1000000 14849 77596 50040
0b008901 0b004e01 10000 100 10000 83258 9307 8539
0b005401 0b004701 10000 100 1000 84435 8176 8161
0b006c01 0b006a01 10000 100 50000 86036 6942 6176
0b002801 0b005a01 10000 100 100000 72188 20795 12312
0b003901 0b000401 10000 100 5000 84715 8386 8329
0b002901 0b001201 10000 100 20000 84101 9072 8958
0b009e01 0b000a01 10000 100 20000 73957 19236 8958
0b004c01 0b005001 10000 100 10000 62680 30672 8539
0b002101 0b004f01 10000 100 20000 83533 9826 8958
0b007f01 0b007a01 10000 100 5000 88498 4863 4289
0b002701 0b003001 10000 100 5000 85024 8548 8329
0b007201 0b000a01 10000 100 100000 70347 23381 12312
0b003901 0b009801 10000 100 1000 85579 8154 8161
0b002701 0b008b01 10000 100 20000 84561 9187 8958
0b006001 0b008801 10000 100 100000 80548 13221 12312
0b007c01 0b006b01 10000 100 20000 84137 9666 8958
0b005e01 0b008601 10000 100 500000 6400 87599 29080
0b004c01 0b001601 10000 100 200000 61341 32803 16504
0b009801 0b009401 10000 100 20000 88929 5222 4918
0b001e01 0b001701 10000 100 200000 74720 19621 12464
0b006d01 0b007c01 10000 100 1000 86225 8132 8161
0b008801 0b005401 10000 100 5000 86193 8463 8329
0b000901 0b004301 10000 100 1000 86477 8192 8161
0b007001 0b003201 10000 100 200000 66291 28427 16504
0b009201 0b004f01 10000 100 1000 85857 8868 8161
0b004401 0b007a01 10000 100 50000 84526 10297 10216
0b004301 0b006401 10000 100 10000 83047 11784 8539
0b002d01 0b006601 10000 100 1000 86697 8145 8161
0b008301 0b001901 10000 100 1000 86735 8238 8161
0b009101 0b004d01 10000 100 5000 74717 20590 8329
0b007b01 0b009301 10000 100 1000 82834 12492 8161
0b007701 0b007e01 10000 100 20000 89075 6552 4918
0b002a01 0b001001 10000 100 10000 86753 8919 8539
0b007901 0b003801 10000 100 100000 51232 44551 12312
0b004901 0b009101 10000 100 10000 68922 26920 8539
0b001d01 0b007b01 10000 100 5000 86936 8943 8329
0b005e01 0b003101 10000 100 500000 6764 89275 29080
0b000101 0b005001 10000 100 20000 64641 31470 8958
0b006301 0b009b01 10000 100 2000 85415 10978 8203
0b005a01 0b008c01 10000 100 500000 42476 53927 29080
0b001601 0b001901 10000 100 500000 26769 69643 25040
0b007d01 0b009b01 10000 100 2000 76363 20080 8203
0b006a01 0b001a01 10000 100 100000 82338 14433 12312
0b009101 0b008801 10000 100 500000 34966 61899 29080
0b001c01 0b000701 10000 100 1000 88822 8148 8161
0b009401 0b001c01 10000 100 10000 88487 8549 8539
0b001301 0b002901 10000 100 10000 81313 15771 8539
0b001501 0b005501 10000 100 50000 83358 13748 10216
0b008001 0b002501 10000 100 1000 88925 8186 8161
0b000a01 0b009401 10000 100 100000 81170 16085 12312
0b006101 0b007501 10000 100 1000 76694 20587 8161
0b003d01 0b007d01 10000 100 20000 79169 18164 8958
0b003901 0b009d01 10000 100 200000 58046 39506 16504
0b001401 0b004f01 10000 100 50000 85397 12163 10216
0b008c01 0b000c01 10000 100 2000 89279 8298 8203
0b008901 0b002801 10000 100 1000 89453 8217 8161
0b001001 0b008c01 10000 100 10000 81920 15792 8539
0b001d01 0b004901 10000 100 100000 79483 18246 12312
0b002901 0b007d01 10000 100 5000 82293 15460 8329
0b003101 0b006b01 10000 100 2000 89550 8218 8203
0b007a01 0b003d01 10000 100 500000 35759 62153 29080
0b001d01 0b008e01 10000 100 10000 88355 9590 8539
0b009901 0b004101 10000 100 1000 85430 12621 8161
0b003a01 0b002f01 10000 100 200000 77332 20819 16504
0b004101 0b001b01 10000 100 1000 90159 8149 8161
0b004601 0b001d01 10000 100 10000 89581 8814 8539
0b009b01 0b001e01 10000 100 1000 89260 9142 8161
0b001d01 0b009301 10000 100 20000 84852 13602 8958
0b003601 0b007801 10000 100 200000 71166 27371 16504
0b007c01 0b002601 10000 100 20000 84016 14524 8958
0b007001 0b003c01 10000 100 1000 88354 10239 8161
0b007d01 0b008901 10000 100 2000 86992 11713 8203
0b001d01 0b006c01 10000 100 500000 63660 35118 29080
0b009401 0b007401 10000 100 20000 87649 11146 8958
0b006901 0b004c01 10000 100 500000 47904 50925 29080
0b003a01 0b006101 10000 100 200000 68157 30950 16504
0b009e01 0b008901 10000 100 1000 90951 8292 8161
0b001a01 0b007e01 10000 100 1000 90972 8288 8161
0b009801 0b009101 10000 100 20000 83231 16184 4918
0b006301 0b008201 10000 100 200000 75329 24148 16504
0b008401 0b001801 10000 100 1000 91332 8194 8161
0b006201 0b004f01 10000 100 1000 79733 19904 8161
0b004f01 0b000901 10000 100 50000 84395 15292 10216
0b007401 0b002b01 10000 100 5000 88898 10886 8329
0b008a01 0b001e01 10000 100 2000 80727 19063 8203
0b000f01 0b009001 10000 100 200000 43247 56563 16504
0b006501 0b002101 10000 100 20000 69864 29951 8958
0b000501 0b008e01 10000 100 100000 74773 25176 12312
0b009101 0b001c01 10000 100 10000 79178 21025 8539
0b005d01 0b004f01 10000 100 5000 89629 10694 8329
0b003301 0b009d01 10000 100 200000 29482 70887 16504
0b003501 0b006701 10000 100 500000 55316 45477 29080
0b007e01 0b001401 10000 100 5000 91156 9685 8329
0b004501 0b002401 10000 100 10000 92171 8675 8539
0b008a01 0b002501 10000 100 100000 60315 40725 12312
0b000a01 0b007101 10000 100 20000 85991 15072 8958
0b001b01 0b001701 10000 100 100000 85406 15673 8272
0b007b01 0b006c01 10000 100 20000 92079 9146 8958
0b005001 0b001601 10000 100 50000 61753 39574 10216
0b004701 0b000801 10000 100 5000 92637 8702 8329
0b002601 0b008101 10000 100 50000 90507 10963 10216
0b006a01 0b000f01 10000 100 100000 57158 44434 12312
0b002001 0b005901 10000 100 200000 80411 21261 16504
0b005a01 0b002f01 10000 100 10000 90391 11532 8539
0b006c01 0b005901 10000 100 5000 92436 9656 8329
0b004101 0b002701 10001 100 200000 85440 16670 16504
0b006801 0b007501 10000 100 100000 72059 30052 12312
0b004c01 0b006101 10000 100 200000 67087 35199 16504
0b002801 0b005d01 10000 100 20000 91837 10560 8958
0b003f01 0b003a01 10000 100 5000 97985 4427 4289
0b006501 0b006901 10000 100 20000 78163 24268 4918
0b006301 0b001d01 10001 100 200000 76881 25648 16504
0b001a01 0b008901 10000 100 1000 94289 8269 8161
0b003401 0b005501 10000 100 5000 83394 19215 8329
0b006001 0b005b01 10000 100 20000 88550 14065 8958
0b006e01 0b000901 10000 100 1000 91662 11080 8161
0b005101 0b004a01 10000 100 5000 93944 8854 8329
0b005f01 0b004c01 10001 100 2000 93856 8964 8203
0b001401 0b001701 10000 100 5000 95355 7488 4289
0b006d01 0b003d01 10000 100 1000000 26769 76628 50040
0b003c01 0b007801 10000 100 200000 81409 22127 16504
0b003401 0b009101 10000 100 100000 50710 52859 12312
0b004201 0b001301 10000 100 10000 89147 14497 8539
0b001e01 0b004f01 10000 100 200000 79844 23861 16504
0b007301 0b009a01 10000 100 1000 80524 23248 8161
0b006c01 0b005401 10000 100 10000 95410 8739 8539
0b007f01 0b000201 10000 100 100000 80106 24106 12312
0b004401 0b006b01 10000 100 50000 93998 10263 10216
0b003d01 0b005a01 10000 100 2000 95522 8850 8203
0b006301 0b006801 10000 100 5000 94687 9714 4289
0b009401 0b002b01 10000 100 5000 96152 8317 8329
0b004b01 0b007501 10000 100 1000 80348 24300 8161
0b008d01 0b001501 10000 100 20000 93252 11440 8958
0b009901 0b002101 10000 100 100000 81441 23263 12312
0b002401 0b007201 10000 100 5000 96008 8708 8329
0b002101 0b001701 10000 100 100000 84997 19760 12312
0b002601 0b007801 10000 100 1000 96642 8188 8161
0b002201 0b006801 10000 100 200000 74456 30487 16504
0b003901 0b000c01 10000 100 5000 96865 8424 8329
0b006f01 0b004c01 10000 100 100000 91791 13531 12312
0b003c01 0b003401 10000 100 10000 86193 19169 4499
0b008701 0b005901 10001 100 100000 86809 18573 12312
0b006601 0b009c01 10000 100 1000 92283 13165 8161
0b009501 0b006101 10000 100 10000 96885 8568 8539
0b006701 0b005401 10000 100 50000 89890 15601 10216
0b001001 0b004501 10000 100 10000 96959 8555 8539
0b000401 0b007901 10000 100 500000 33585 72015 29080
0b006501 0b006101 10000 100 200000 58152 47575 12464
0b001f01 0b005a01 10000 100 1000 86468 19309 8161
0b002501 0b007301 10000 100 500000 64619 41190 29080
0b002501 0b006a01 10000 100 1000 97658 8165 8161
0b002001 0b002501 10000 100 5000 101589 4260 4289
0b003901 0b007001 10000 100 5000 97426 8425 8329
0b008e01 0b001601 10000 100 1000 97672 8187 8161
0b002f01 0b009c01 10000 100 1000 92720 13143 8161
0b007e01 0b001801 10000 100 1000 97426 8493 8161
0b008f01 0b004901 10000 100 20000 77556 28364 8958
0b007901 0b007501 10000 100 500000 25820 80111 25040
0b006701 0b004d01 10000 100 500000 51005 54942 29080
0b006401 0b002b01 10000 100 10000 95991 10015 8539
0b004c01 0b002201 10000 100 100000 84425 21619 12312
0b002301 0b002e01 10000 100 1000000 58831 47292 46000
0b001c01 0b006601 10000 100 20000 96902 9226 8958
0b005501 0b009301 10000 100 500000 72543 33709 29080
0b000a01 0b009d01 10000 100 50000 71790 34564 10216
0b004901 0b003401 10000 100 500000 48635 57723 29080
0b009001 0b006501 10000 100 200000 64281 42100 16504
0b004801 0b007301 10000 100 5000 91589 14845 8329
0b007701 0b008401 10000 100 5000 91867 14715 8329
0b009401 0b009301 10000 100 1000 101464 5120 4121
0b000601 0b003601 10000 100 20000 87570 19060 8958
0b007701 0b009901 10001 100 20000 92292 14380 8958
0b004001 0b000d01 10000 100 1000 93724 13226 8161
0b002c01 0b009a01 10000 100 10000 87795 19184 8539
0b004d01 0b006b01 10000 100 10000 93122 13995 8539
0b009d01 0b005b01 10000 100 20000 76028 31356 8958
0b009301 0b007701 10001 100 1000 97447 9953 8161
0b008d01 0b008c01 10000 100 10000 101417 6061 4499
0b001c01 0b009b01 10000 100 1000 99361 8135 8161
0b001b01 0b005501 10000 100 5000 98768 8750 8329
0b002d01 0b001801 10000 100 1000 99393 8135 8161
0b009a01 0b007201 10000 100 10000 89016 18527 8539
0b007901 0b005001 10000 100 20000 54471 53180 8958
0b007a01 0b009d01 10000 100 1000 75952 31740 8161
0b002101 0b007601 10000 100 50000 93764 14007 10216
0b004a01 0b001701 10000 100 20000 97980 9802 8958
0b005e01 0b003401 10000 100 5000 86193 21622 8329
0b003501 0b000101 10000 100 5000 99564 8463 8329
0b005801 0b006901 10000 100 20000 96812 11227 8958
0b006501 0b009101 10000 100 100000 55673 52826 12312
0b005a01 0b002f01 10001 100 20000 96344 12213 8958
0b009c01 0b007201 10000 100 1000 95651 12938 8161
0b006901 0b003701 10000 100 5000 91711 17086 8329
0b007501 0b006e01 10000 100 20000 86962 21948 8958
0b001801 0b004901 10000 100 200000 78521 30406 16504
0b003f01 0b001801 10000 100 500000 66815 42212 29080
0b001001 0b003101 10000 100 10000 100206 8823 8539
0b007001 0b003101 10000 100 10000 100329 8855 8539
0b004c01 0b002a01 10000 100 20000 98541 10814 8958
0b005001 0b004801 10000 100 200000 57141 52224 16504
0b009301 0b007701 10000 100 50000 96238 13316 10216
0b006401 0b000b01 10000 100 1000 94145 15464 8161
0b002801 0b005e01 10000 100 1000000 14596 95538 50040
0b005101 0b006f01 10000 100 100000 92208 18002 12312
0b001801 0b004001 10000 100 100000 84375 25991 12312
0b006201 0b009601 10000 100 10000 85728 24849 8539
0b004701 0b007101 10000 100 20000 88480 22100 8958
0b006401 0b005c01 10000 100 500000 71905 38774 29080
0b006e01 0b004001 10000 100 50000 92354 18510 10216
0b002b01 0b002101 10000 100 20000 105234 5725 4918
0b001a01 0b004d01 10000 100 100000 84936 26185 12312
0b002601 0b005f01 10000 100 5000 102705 8437 8329
0b007301 0b007001 10000 100 2000 107010 4168 4163
0b000801 0b003c01 10000 100 500000 66728 44521 29080
0b007601 0b003a01 10000 100 20000 99107 12145 8958
0b000d01 0b009f01 10000 100 50000 97135 14222 10216
0b002201 0b001001 10000 100 10000 101449 9961 8539
0b009401 0b001b01 10000 100 10000 102810 8687 8539
0b007901 0b003f01 10000 100 5000 81986 29583 8329
0b006c01 0b009e01 10000 100 50000 99717 11975 10216
0b008701 0b000601 10000 100 200000 84511 27231 16504
0b004501 0b001801 10000 100 20000 102684 9068 8958
0b002001 0b003201 10000 100 2000 103551 8243 8203
0b000d01 0b009a01 10000 100 500000 37409 74396 29080
0b007101 0b008a01 10000 100 20000 77333 34590 8958
0b008901 0b008001 10001 100 5000 107081 4900 4289
0b008c01 0b002a01 10000 100 20000 100628 11407 8958
0b009201 0b003501 10000 100 10000 103464 8577 8539
0b001001 0b007901 10001 100 50000 76700 35412 10216
0b005b01 0b009201 10000 100 100000 99543 12803 12312
0b002601 0b001101 10000 100 10000 102908 9484 8539
0b007f01 0b008a01 10000 100 1000000 8011 104435 50040
0b000d01 0b009501 10000 100 1000000 14525 98006 50040
0b008d01 0b002901 10000 100 200000 79159 33392 16504
0b009e01 0b001201 10000 100 1000 101682 10870 8161
0b008e01 0b002d01 10000 100 2000 104358 8272 8203
0b003901 0b000e01 10000 100 1000 100462 12180 8161
0b000901 0b006f01 10000 100 1000 104476 8208 8161
0b004c01 0b001101 10000 100 50000 98434 14453 10216
0b007b01 0b008001 10000 100 10000 101723 11270 8539
0b008101 0b007901 10000 100 10000 82918 30133 8539
0b003101 0b006901 10000 100 20000 104084 8977 8958
0b000901 0b009301 10000 100 2000 103913 9181 8203
0b007601 0b005801 10000 100 200000 79472 33690 16504
0b001b01 0b009001 10000 100 5000 100436 12812 8329
0b008d01 0b008201 10000 100 100000 99258 13999 8272
0b004001 0b001301 10000 100 10000 96998 16272 8539
0b005d01 0b005201 10000 100 5000 108474 4848 4289
0b007f01 0b002201 10000 100 1000000 17867 95647 50040
0b009901 0b007201 10000 100 10000 103540 10236 8539
0b009301 0b007701 10002 100 20000 102052 11774 8958
0b006601 0b002801 10000 100 20000 105062 9094 8958
0b006201 0b000b01 10000 100 5000 86564 27593 8329
0b008301 0b006301 10000 100 100000 99457 14768 12312
0b001601 0b008801 10000 100 10000 104511 9743 8539
0b009101 0b000601 10000 100 200000 86921 27374 16504
0b004501 0b003401 10000 100 20000 97378 17127 8958
0b001d01 0b009201 10000 100 5000 106176 8429 8329
0b001701 0b002801 10000 100 1000 106533 8156 8161
0b001601 0b001101 10000 100 5000 109682 5061 4289
0b008d01 0b001d01 10000 100 200000 80793 33960 16504
0b003e01 0b006e01 10000 100 500000 79670 35090 29080
0b007101 0b005d01 10000 100 10000 95829 18970 8539
0b005801 0b008b01 10000 100 10000 102711 12194 8539
0b008201 0b003b01 10000 100 10000 105546 9406 8539
0b002501 0b003c01 10000 100 10000 106298 8808 8539
0b001301 0b008c01 10000 100 1000 102314 13094 8161
0b000b01 0b006201 10000 100 20000 82743 32735 8958
0b001c01 0b009f01 10000 100 100000 101033 14642 12312
0b009c01 0b007101 10000 100 200000 78186 37501 16504
0b006701 0b007301 10000 100 1000 107468 8225 8161
0b006901 0b005001 10000 100 200000 57740 58187 16504
0b008801 0b003401 10000 100 50000 95762 20221 10216
0b002d01 0b001f01 10000 100 5000 95862 20310 8329
0b008401 0b003f01 10000 100 50000 103844 12351 10216
0b005001 0b009f01 10000 100 5000 80871 35434 8329
0b007801 0b008f01 10001 100 1000 91748 24674 8161
0b005301 0b000c01 10000 100 2000 97602 19004 8203
0b004b01 0b005701 10000 100 500000 43561 73182 29080
0b005a01 0b007701 10000 100 5000 100130 16669 8329
0b003401 0b006501 10000 100 200000 48039 68874 16504
0b008301 0b009701 10000 100 5000 108703 8327 8329
0b002d01 0b008f01 10000 100 1000 92433 24608 8161
0b001301 0b004901 10000 100 100000 95974 21292 12312
0b008c01 0b000a01 10000 100 500000 51364 65939 29080
0b007301 0b004701 10000 100 5000 108005 9338 8329
0b009e01 0b000401 10000 100 20000 103574 13787 8958
0b002b01 0b008d01 10000 100 100000 102745 14628 12312
0b009201 0b004601 10000 100 50000 106115 11365 10216
0b006201 0b008501 10000 100 50000 90823 26962 10216
0b004701 0b000701 10000 100 200000 89549 28272 16504
0b001c01 0b007101 10000 100 1000 98317 19670 8161
0b001801 0b002301 10000 100 100000 100192 17850 12312
0b008801 0b008c01 10000 100 20000 112960 5121 4918
0b008201 0b000f01 10000 100 1000 91060 27025 8161
0b009a01 0b008701 10000 100 100000 93717 24636 12312
0b009a01 0b008801 10001 100 100000 94236 24207 12312
0b008401 0b006201 10000 100 2000 94587 23870 8203
0b003a01 0b003e01 10000 100 5000 112545 6085 4289
0b003c01 0b000401 10000 100 5000 109568 9153 8329
0b002001 0b001301 10001 100 2000 105607 13149 8203
0b003501 0b009201 10000 100 1000 107348 11414 8161
0b002501 0b003901 10000 100 1000 107353 11563 8161
0b006101 0b002d01 10000 100 10000 109559 9531 8539
0b009901 0b003c01 10000 100 20000 105930 13402 8958
0b006101 0b007301 10000 100 5000 110299 9292 8329
0b006001 0b008e01 10000 100 2000 111688 8265 8203
0b008a01 0b009c01 10000 100 500000 25539 94465 29080
0b008501 0b000101 10000 100 10000 109059 11063 8539
0b006901 0b004a01 10000 100 100000 103838 16317 12312
0b002801 0b000701 10000 100 1000 109012 11250 8161
0b001301 0b004001 10000 100 10000 103457 17335 8539
0b001a01 0b008a01 10000 100 20000 101779 19229 8958
0b007f01 0b004a01 10000 100 50000 106490 14668 10216
0b004601 0b009e01 10000 100 2000 112727 8469 8203
0b009001 0b007b01 10000 100 2000 99754 21453 8203
0b006201 0b002201 10000 100 10000 95932 25359 8539
0b004b01 0b006d01 10001 100 5000 113212 8542 8329
0b009d01 0b003101 10000 100 1000 104722 17188 8161
0b007601 0b002901 10000 100 1000 114000 8197 8161
0b000801 0b008f01 10000 100 500000 28037 94179 29080
0b005001 0b003301 10000 100 5000 61851 60370 8329
0b000d01 0b002a01 10000 100 500000 65906 56377 29080
0b004b01 0b002801 10000 100 20000 113203 9170 8958
0b002e01 0b005301 10000 100 1000000 28824 93741 50040
0b006301 0b007b01 10000 100 10000 109628 13041 8539
0b006b01 0b009a01 10000 100 2000 111837 10844 8203
0b003b01 0b003601 10000 100 1000000 62481 60310 46000
0b003601 0b003701 10000 100 200000 91235 31612 12464
0b004701 0b001d01 10000 100 5000 114019 8930 8329
0b003601 0b007201 10000 100 20000 106427 16564 8958
0b007701 0b006201 10000 100 1000000 20430 102622 50040
0b000901 0b005801 10000 100 200000 97726 25386 16504
0b000701 0b002601 10000 100 50000 109049 14229 10216
0b000e01 0b006001 10000 100 10000 109066 14222 8539
0b004f01 0b006b01 10000 100 5000 114791 8503 8329
0b008001 0b001201 10000 100 50000 107446 15849 10216
0b006d01 0b003101 10000 100 10000 114549 8765 8539
0b005d01 0b001601 10000 100 2000 115156 8445 8203
0b001401 0b001d01 10000 100 20000 118174 5447 4918
0b008e01 0b009801 10000 100 50000 108505 15239 10216
0b009801 0b009c01 10000 100 1000 113735 10049 4121
0b006d01 0b001801 10000 100 2000 115614 8198 8203
0b008c01 0b004d01 10000 100 200000 96455 27387 16504
0b003e01 0b003d01 10000 100 2000 118689 5155 4163
0b008601 0b003a01 10000 100 200000 92272 31663 16504
0b000301 0b005f01 10000 100 20000 108405 15594 8958
0b006501 0b005001 10000 100 1000 78974 45031 8161
0b001101 0b001201 10000 100 50000 109405 14765 6176
0b000101 0b009101 10000 100 500000 65490 58771 29080
0b008201 0b008901 10000 100 200000 103879 20582 12464
0b003201 0b005001 10000 100 1000000 9237 115250 50040
0b002e01 0b008101 10000 100 20000 115372 9156 8958
0b003501 0b003c01 10000 100 1000 120488 4144 4121
0b008401 0b001301 10000 100 1000000 51259 73496 50040
0b001201 0b000f01 10000 100 2000 106797 18128 8203
0b009801 0b004701 10000 100 20000 112726 12270 8958
0b009901 0b004a01 10001 100 500000 63595 61542 29080
0b004901 0b004a01 10000 100 5000 120886 4361 4289
0b001001 0b002f01 10000 100 2000 117038 8216 8203
0b004801 0b001601 10000 100 20000 116150 9348 8958
0b008801 0b009e01 10000 100 1000000 38466 87092 50040
0b008301 0b000b01 10000 100 500000 76780 48813 29080
0b004501 0b005101 10000 100 1000 117471 8143 8161
0b003d01 0b007d01 10001 100 2000 111311 14470 8203
0b005101 0b007301 10000 100 5000 115106 10707 8329
0b002201 0b000d01 10000 100 200000 88534 37466 16504
0b000001 0b007501 10000 100 50000 95083 30920 10216
0b004501 0b001d01 10000 100 1000 118038 8145 8161
0b009c01 0b004401 10000 100 2000 117722 8493 8203
0b003a01 0b006a01 10001 100 50000 110760 15520 10216
0b007701 0b003d01 10000 100 100000 107603 18809 12312
0b008c01 0b000d01 10000 100 100000 112397 14018 12312
0b003701 0b004901 10000 100 20000 105556 20908 8958
0b007301 0b005c01 10000 100 100000 110569 16046 12312
0b001201 0b009c01 10000 100 1000000 30448 96318 50040
0b006101 0b002e01 10000 100 200000 101273 25515 16504
0b004f01 0b005101 10000 100 5000 118328 8491 8329
0b009501 0b000f01 10000 100 1000 109718 17402 8161
0b008e01 0b009301 10000 100 500000 93280 34032 29080
0b009f01 0b009301 10000 100 50000 121065 6261 6176
0b004e01 0b008501 10000 100 20000 117351 10066 8958
0b002e01 0b009501 10000 100 10000 118785 8766 8539
0b009b01 0b006001 10000 100 100000 100761 26792 12312
0b004f01 0b005f01 10000 100 1000 119333 8236 8161
0b009801 0b002401 10000 100 200000 103463 24135 16504
0b003001 0b004c01 10000 100 50000 111447 16195 10216
0b006601 0b004701 10000 100 1000 118856 8813 8161
0b006601 0b006001 10000 100 20000 121978 5737 4918
0b004701 0b007e01 10001 100 50000 112530 15425 10216
0b007d01 0b005a01 10000 100 10000 105774 22303 8539
0b001c01 0b005301 10000 100 10000 110884 17324 8539
0b006a01 0b006101 10000 100 10000 122556 5667 4499
0b002101 0b005e01 10000 100 500000 84008 44668 29080
0b004001 0b009801 10000 100 10000 115157 13589 8539
0b002801 0b007001 10000 100 1000 120604 8150 8161
0b003b01 0b003e01 10000 100 100000 120428 8338 8272
0b009101 0b002701 10000 100 2000 116084 12731 8203
0b005301 0b006d01 10000 100 2000 114153 14695 8203
0b000e01 0b004101 10000 100 200000 79043 49831 16504
0b004701 0b002b01 10000 100 200000 102195 26766 16504
0b009701 0b002301 10000 100 100000 111674 17347 12312
0b006801 0b009501 10000 100 20000 117904 11761 8958
0b000301 0b003801 10000 100 1000 121499 8271 8161
0b006e01 0b007301 10000 100 100000 109445 20390 12312
0b001501 0b006901 10000 100 1000 121616 8430 8161
0b001401 0b002701 10000 100 20000 119723 10327 8958
0b002801 0b005d01 10001 100 10000 121467 8819 8539
0b003501 0b004e01 10000 100 2000 122047 8276 8203
0b006001 0b002001 10000 100 200000 112960 17429 16504
0b006601 0b007d01 10000 100 10000 113877 16515 8539
0b000601 0b005e01 10000 100 5000 115532 14948 8329
0b009401 0b006901 10000 100 5000 122148 8415 8329
0b004a01 0b005e01 10000 100 20000 115150 15416 8958
0b006f01 0b008e01 10000 100 1000 122358 8208 8161
0b001e01 0b009101 10000 100 50000 98431 32246 10216
0b003001 0b008201 10001 100 50000 120219 10490 10216
0b008d01 0b005501 10000 100 50000 119536 11182 10216
0b007201 0b000b01 10000 100 1000 110367 20426 8161
0b003601 0b009001 10000 100 1000 111992 18818 8161
0b005301 0b002f01 10000 100 5000 117148 13778 8329
0b008201 0b003101 10000 100 1000 122831 8136 8161
0b006801 0b000c01 10000 100 50000 110877 20102 10216
0b008301 0b003501 10000 100 100000 114521 16569 12312
0b005301 0b007101 10000 100 500000 61061 70041 29080
0b001c01 0b004b01 10000 100 20000 122158 8985 8958
0b007701 0b009d01 10000 100 2000 107147 24063 8203
0b000f01 0b009901 10000 100 500000 23533 107695 29080
0b008101 0b005201 10000 100 2000 123190 8428 8203
0b004a01 0b009401 10000 100 1000 123447 8206 8161
0b005301 0b006501 10000 100 20000 108174 23676 8958
0b000301 0b008801 10000 100 200000 73895 58135 16504
0b001101 0b002601 10000 100 1000 123778 8256 8161
0b004401 0b005c01 10000 100 200000 113381 18707 16504
0b000f01 0b009701 10000 100 5000 115041 17173 8329
0b006b01 0b005e01 10000 100 200000 102035 30247 16504
0b006401 0b009f01 10000 100 5000 123866 8419 8329
0b006501 0b008601 10000 100 200000 104099 28212 16504
0b005701 0b009101 10000 100 1000 112404 19937 8161
0b003801 0b000001 10000 100 200000 103255 29107 16504
0b007001 0b009d01 10000 100 100000 107752 24633 12312
0b008e01 0b000901 10000 100 1000 124274 8216 8161
0b002201 0b006201 10000 100 5000 111566 21021 8329
0b009401 0b004d01 10000 100 50000 115801 16847 10216
0b003f01 0b009101 10000 100 20000 123090 9623 8958
0b001501 0b003d01 10000 100 50000 118320 14464 10216
0b009001 0b008501 10000 100 5000 115812 16985 8329
0b007a01 0b005001 10000 100 20000 105812 27033 8958
0b008601 0b000201 10000 100 100000 115739 17110 12312
0b005101 0b006401 10001 100 200000 98632 34229 16504
0b002e01 0b007e01 10000 100 50000 119428 13697 10216
0b006701 0b003801 10000 100 1000 125118 8228 8161
0b007001 0b002701 10000 100 50000 122405 11182 10216
0b005f01 0b009901 10000 100 20000 123169 10590 8958
0b007501 0b000b01 10000 100 100000 92695 41273 12312
0b004301 0b008c01 10000 100 1000 126150 8193 8161
0b000101 0b007501 10000 100 1000 100656 34031 8161
0b009201 0b001d01 10000 100 1000 126603 8192 8161
0b009c01 0b006401 10000 100 50000 122683 12196 10216
0b000d01 0b006d01 10000 100 1000 126901 8156 8161
0b004701 0b005d01 10000 100 50000 123726 11332 10216
0b000301 0b000501 10000 100 50000 118258 17006 6176
0b004501 0b003e01 10000 100 20000 125470 9812 8958
0b008f01 0b004201 10000 100 20000 100884 34798 8958
0b007b01 0b002c01 10000 100 20000 126123 9560 8958
0b007f01 0b008c01 10000 100 10000 126236 9574 8539
0b005001 0b008a01 10000 100 10000 108882 27043 8539
0b001b01 0b008d01 10000 100 5000 122382 13760 8329
0b008501 0b005001 10000 100 1000 112168 24031 8161
0b006b01 0b003101 10000 100 5000 127832 8447 8329
0b005301 0b002601 10000 100 1000 124467 11963 8161
0b004b01 0b004601 10000 100 1000 132122 4503 4121
0b006b01 0b007101 10000 100 500000 71989 64710 29080
0b009d01 0b007001 10000 100 200000 102855 33863 16504
0b007501 0b008a01 10000 100 500000 58797 77999 29080
0b007a01 0b003301 10000 100 500000 38630 98283 29080
0b003401 0b004a01 10000 100 500000 50594 86385 29080
0b006701 0b000d01 10000 100 500000 66841 70167 29080
0b008601 0b000d01 10000 100 10000 128134 9091 8539
0b007b01 0b008401 10000 100 20000 127713 9522 8958
0b003201 0b004a01 10000 100 1000 129139 8149 8161
0b000101 0b001c01 10000 100 2000 128313 9126 8203
0b008201 0b002201 10000 100 5000 128710 8761 8329
0b008a01 0b002101 10001 100 2000 128428 9111 8203
0b008a01 0b004601 10000 100 2000 125848 11831 8203
0b000d01 0b009701 10000 100 50000 126560 11138 10216
0b005201 0b007601 10000 100 1000 129586 8225 8161
0b000301 0b001e01 10000 100 5000 117438 20569 8329
0b008601 0b008a01 10000 100 50000 128655 9426 6176
0b007d01 0b004901 10000 100 20000 120571 17594 8958
0b006e01 0b009501 10000 100 1000 129975 8249 8161
0b004101 0b002101 10000 100 1000 129548 8806 8161
0b005601 0b005201 10001 100 1000 110810 27544 4121
0b006101 0b001601 10000 100 1000 130185 8179 8161
0b007501 0b007b01 10001 100 200000 99639 38847 12464
0b008901 0b005a01 10000 100 100000 103742 34761 12312
0b002001 0b007e01 10000 100 20000 123975 14787 8958
0b005001 0b008b01 10000 100 200000 105097 33728 16504
0b000c01 0b007201 10000 100 500000 82291 56577 29080
0b003f01 0b008b01 10000 100 50000 127758 11134 10216
0b003701 0b006b01 10000 100 10000 123714 15192 8539
0b006a01 0b004901 10001 100 100000 121960 17055 12312
0b001b01 0b003b01 10000 100 10000 125397 13741 8539
0b000101 0b008f01 10000 100 50000 102519 36640 10216
0b006e01 0b000401 10000 100 10000 116477 22885 8539
0b005701 0b009c01 10000 100 5000 123833 15616 8329
0b006e01 0b000101 10001 100 100000 118037 21593 12312
0b006201 0b006701 10000 100 1000 126873 13278 4121
0b006801 0b002001 10000 100 1000 129066 11199 8161
0b006f01 0b009201 10000 100 50000 122887 17394 10216
0b004201 0b001b01 10000 100 1000 127613 12756 8161
0b006b01 0b008301 10000 100 1000 132618 8168 8161
0b000801 0b005501 10000 100 200000 113365 27502 16504
0b000c01 0b004901 10000 100 5000 126557 14311 8329
0b009801 0b009401 10001 100 10000 131263 9777 4499
0b004d01 0b000401 10000 100 50000 125590 15488 10216
0b008d01 0b002601 10000 100 2000 132888 8302 8203
0b009e01 0b007301 10000 100 1000000 54542 86848 50040
0b009901 0b002501 10000 100 50000 126929 14478 10216
0b004f01 0b000d01 10000 100 2000 133198 8218 8203
0b004501 0b001b01 10000 100 100000 123245 18230 12312
0b006f01 0b001501 10000 100 10000 132434 9053 8539
0b006101 0b002b01 10000 100 50000 128047 13462 10216
0b006301 0b008201 10001 100 1000 133178 8337 8161
0b007e01 0b008c01 10000 100 1000 123568 18138 8161
0b000c01 0b004601 10000 100 200000 116428 25304 16504
0b004d01 0b003701 10000 100 1000 125762 15985 8161
0b007301 0b003a01 10000 100 20000 131612 10156 8958
0b001f01 0b000a01 10000 100 20000 110991 30922 8958
0b001b01 0b009801 10001 100 1000 127376 14590 8161
0b007001 0b006f01 10000 100 5000 133415 8583 8329
0b002601 0b001a01 10000 100 200000 119269 22770 16504
0b005c01 0b007501 10000 100 1000000 46012 96274 50040
0b000801 0b003f01 10001 100 5000 119940 22368 8329
0b001101 0b004d01 10000 100 1000 134032 8324 8161
0b003b01 0b001e01 10000 100 200000 103032 39380 16504
0b008601 0b003801 10000 100 2000 133560 8982 8203
0b004301 0b007d01 10000 100 1000000 43161 99600 50040
0b006701 0b004a01 10000 100 50000 130555 12272 10216
0b001201 0b007701 10000 100 100000 118518 24346 12312
0b006501 0b009001 10000 100 5000 114751 28154 8329
0b004e01 0b004201 10000 100 2000 138775 4176 4163
0b006101 0b006d01 10000 100 20000 137231 5754 4918
0b007601 0b000d01 10000 100 2000 134596 8412 8203
0b000c01 0b008a01 10000 100 1000 131629 11407 8161
0b009601 0b009701 10000 100 10000 135561 7536 4499
0b008201 0b007001 10000 100 50000 129209 14463 10216
0b000d01 0b000c01 10000 100 5000 134575 9157 4289
0b001801 0b000c01 10000 100 1000000 61578 82181 50040
0b000f01 0b008901 10000 100 200000 107293 36619 16504
0b002601 0b005501 10000 100 1000 135735 8229 8161
0b000601 0b008701 10000 100 1000 134399 9913 8161
0b004201 0b006501 10000 100 10000 127697 16662 8539
0b008101 0b008c01 10000 100 20000 139335 5135 4918
0b005e01 0b002901 10000 100 500000 44756 99860 29080
0b001201 0b004501 10000 100 20000 133427 11252 8958
0b001e01 0b002701 10000 100 2000 125057 19778 8203
0b009201 0b001e01 10000 100 5000 124480 20367 8329
0b009c01 0b007d01 10001 100 20000 131659 13210 8958
0b007101 0b007601 10000 100 20000 127608 17313 4918
0b004101 0b007101 10000 100 10000 125651 19320 8539
0b003601 0b008101 10000 100 5000 133862 11120 8329
0b000501 0b005001 10000 100 1000 126749 18358 8161
0b009f01 0b005501 10000 100 1000 137016 8132 8161
0b004201 0b007e01 10001 100 50000 124918 20450 10216
0b000101 0b006c01 10000 100 50000 130474 15003 10216
0b008801 0b002401 10000 100 100000 129182 16464 12312
0b000701 0b009501 10000 100 50000 131349 14678 10216
0b003c01 0b009001 10000 100 500000 92814 53224 29080
0b002001 0b009401 10000 100 20000 134255 11951 8958
0b005101 0b001b01 10000 100 2000 134289 11942 8203
0b003e01 0b003901 10000 100 5000 141833 4644 4289
0b001801 0b004b01 10001 100 10000 138105 8585 8539
0b007901 0b005701 10000 100 1000 88295 58590 8161
0b006a01 0b008f01 10001 100 10000 113096 33835 8539
0b003e01 0b005a01 10000 100 5000 127954 19017 8329
0b000101 0b007e01 10000 100 1000 127715 19318 8161
0b004901 0b001801 10000 100 1000 138835 8219 8161
0b006b01 0b001301 10000 100 2000 130252 16807 8203
0b004501 0b005401 10000 100 50000 135419 11642 10216
0b002f01 0b006401 10000 100 10000 138476 8646 8539
0b001101 0b001a01 10000 100 500000 62803 84503 25040
0b000c01 0b003d01 10000 100 5000 125558 21845 8329
0b006601 0b007501 10000 100 20000 125298 22268 8958
0b005b01 0b002001 10000 100 1000 139409 8202 8161
0b009c01 0b007b01 10000 100 1000 138112 9861 8161
0b002401 0b009f01 10000 100 500000 76463 71552 29080
0b006b01 0b004701 10000 100 50000 133132 14923 10216
0b007501 0b009301 10000 100 1000 135137 13121 8161
0b001801 0b000a01 10000 100 10000 129156 19150 8539
0b006701 0b001b01 10000 100 1000 136357 12203 8161
0b004c01 0b001901 10000 100 1000 127410 21209 8161
0b001801 0b009401 10000 100 10000 136359 12331 8539
0b001501 0b006101 10000 100 10000 138536 10154 8539
0b008201 0b007d01 10000 100 2000 138906 9949 8203
0b007201 0b008b01 10000 100 50000 136243 12640 10216
0b006401 0b006601 10000 100 20000 142736 6189 4918
0b004d01 0b006501 10000 100 20000 126536 22460 8958
0b005301 0b003e01 10000 100 100000 136431 12608 12312
0b006201 0b008101 10000 100 2000 130295 18744 8203
0b008501 0b005301 10000 100 500000 46126 103025 29080
0b005b01 0b006f01 10000 100 5000 140421 8771 8329
0b005901 0b000d01 10000 100 1000 141230 8169 8161
0b004401 0b009c01 10000 100 1000 140647 8839 8161
0b000b01 0b008401 10000 100 20000 113674 35816 8958
0b008a01 0b002501 10001 100 200000 103399 46205 16504
0b002901 0b005101 10000 100 100000 133088 16518 12312
0b000201 0b000001 10000 100 50000 128185 21560 6176
0b005901 0b007b01 10000 100 200000 127176 22727 16504
0b007f01 0b001401 10000 100 20000 139464 10480 8958
0b006201 0b002101 10000 100 5000 130020 19967 8329
0b003401 0b008b01 10000 100 20000 139395 10625 8958
0b007301 0b001d01 10000 100 20000 136579 13462 8958
0b004001 0b000701 10000 100 100000 133563 16512 12312
0b006801 0b002d01 10000 100 100000 126701 23442 12312
0b008d01 0b004001 10000 100 1000 141927 8217 8161
0b004b01 0b001501 10000 100 10000 137661 12486 8539
0b009f01 0b003601 10000 100 200000 125873 24359 16504
0b009a01 0b006e01 10000 100 100000 132998 17291 12312
0b009901 0b000801 10000 100 10000 125837 24603 8539
0b005e01 0b000201 10000 100 20000 135047 15413 8958
0b001e01 0b001401 10000 100 5000 136978 13537 4289
0b000c01 0b007901 10000 100 20000 99160 51392 8958
0b009801 0b001301 10000 100 100000 121660 29048 12312
0b005901 0b002a01 10000 100 100000 134172 16545 12312
0b000a01 0b007901 10000 100 200000 88970 61758 16504
0b008201 0b005901 10000 100 10000 141466 9273 8539
0b005701 0b007f01 10000 100 1000 134165 16962 8161
0b007201 0b006001 10000 100 10000 142101 9050 8539
0b007001 0b005001 10001 100 5000 130313 20846 8329
0b009201 0b008301 10000 100 1000 138690 12476 8161
0b007101 0b005d01 10001 100 20000 128784 22383 8958
0b003f01 0b001301 10000 100 100000 123682 27547 12312
0b009f01 0b006a01 10000 100 2000 140982 10260 8203
0b004301 0b003501 10000 100 20000 142248 9055 8958
0b004101 0b000601 10000 100 1000 143032 8297 8161
0b005101 0b003301 10000 100 1000 116069 35404 8161
0b008d01 0b007201 10000 100 5000 139414 12097 8329
0b006001 0b005501 10000 100 100000 131473 20091 12312
0b007e01 0b004001 10000 100 1000000 76207 75365 50040
0b008301 0b009b01 10000 100 200000 114358 37305 16504
0b003001 0b004c01 10001 100 20000 135506 16231 8958
0b008d01 0b003301 10000 100 500000 48532 103323 29080
0b002701 0b006601 10000 100 200000 121695 30287 16504
0b007201 0b001a01 10000 100 200000 123325 28702 16504
0b004101 0b008e01 10000 100 50000 136535 15532 10216
0b001701 0b009601 10000 100 5000 142530 9621 8329
0b005a01 0b009001 10000 100 1000 122616 29549 8161
0b001201 0b001401 10001 100 50000 141864 10342 6176
0b003301 0b002801 10000 100 20000 114368 37845 8958
0b005101 0b007701 10000 100 10000 136515 15808 8539
0b004c01 0b002301 10000 100 5000 135992 16419 8329
0b004701 0b007001 10000 100 50000 141246 11222 10216
0b002b01 0b004d01 10000 100 2000 144220 8255 8203
0b003c01 0b003201 10000 100 10000 147731 4888 4499
0b002d01 0b009d01 10000 100 20000 135423 17199 8958
0b003f01 0b002401 10000 100 200000 131050 21597 16504
0b000301 0b000f01 10000 100 5000 136748 15965 4289
0b000801 0b001b01 10000 100 10000 139127 13652 8539
0b004401 0b003f01 10000 100 100000 135213 17653 12312
0b005901 0b003001 10000 100 20000 144081 8974 8958
0b005d01 0b002801 10000 100 1000 144732 8327 8161
0b004301 0b006501 10000 100 1000000 38891 114184 50040
0b003501 0b004f01 10000 100 100000 136405 16693 12312
0b008c01 0b008001 10000 100 1000 148843 4461 4121
0b007601 0b002301 10000 100 500000 85764 67578 29080
0b004201 0b005401 10000 100 20000 139695 13797 8958
0b009e01 0b000b01 10000 100 5000 134572 19103 8329
0b009e01 0b009c01 10000 100 2000 149442 4277 4163
0b001401 0b008d01 10000 100 1000 145465 8282 8161
0b009901 0b001301 10000 100 500000 77408 76346 29080
0b007a01 0b000a01 10000 100 500000 100062 53736 29080
0b004d01 0b006601 10000 100 1000 145637 8256 8161
0b005e01 0b002901 10001 100 500000 54521 99413 29080
0b006001 0b005401 10000 100 10000 139134 14863 8539
0b005301 0b008c01 10000 100 20000 144993 9126 8958
0b000001 0b006001 10000 100 1000 139898 14289 8161
0b002201 0b009501 10000 100 100000 132533 21685 12312
0b003601 0b002a01 10000 100 10000 143396 10952 8539
0b009701 0b006c01 10000 100 100000 133068 21324 12312
0b001d01 0b009d01 10000 100 100000 134265 20136 12312
0b009c01 0b001101 10000 100 50000 138071 16433 10216
0b006301 0b007e01 10000 100 1000 132008 22561 8161
0b003f01 0b005001 10000 100 1000 128173 26563 8161
0b004e01 0b000701 10000 100 10000 142015 12776 8539
0b004c01 0b006201 10000 100 10000 129039 26258 8539
0b001701 0b007701 10000 100 1000000 92505 62960 50040
0b000901 0b008901 10001 100 100000 136672 18915 12312
0b005101 0b004e01 10000 100 20000 140993 14701 8958
0b007401 0b002401 10000 100 200000 95453 60275 16504
0b002401 0b009a01 10000 100 1000 139444 16307 8161
0b002701 0b000c01 10000 100 500000 109579 46537 29080
0b000a01 0b009e01 10000 100 10000 132944 23180 8539
0b001301 0b007d01 10000 100 1000000 59701 96475 50040
0b007301 0b003501 10000 100 50000 144654 11533 10216
0b004601 0b002201 10000 100 10000 137655 18539 8539
0b001f01 0b009201 10000 100 20000 129247 26956 8958
0b003001 0b005401 10000 100 100000 135715 20520 12312
0b007e01 0b006301 10000 100 10000 143999 12267 8539
0b000401 0b001901 10001 100 1000 134909 21500 8161
0b009e01 0b000301 10000 100 2000 147538 9021 8203
0b008801 0b006001 10000 100 50000 142856 13704 10216
0b009601 0b006101 10000 100 20000 140306 16442 8958
0b000801 0b007801 10000 100 5000 139616 17155 8329
0b009101 0b008601 10000 100 10000 147961 8903 8539
0b009c01 0b005b01 10000 100 10000 147610 9257 8539
0b007101 0b009601 10000 100 200000 123346 33555 16504
0b003b01 0b004801 10000 100 10000 145458 11469 8539
0b006201 0b005b01 10000 100 200000 124639 32348 16504
0b001401 0b008201 10000 100 200000 135350 21645 16504
0b001b01 0b001f01 10000 100 1000000 63863 93173 46000
0b005a01 0b001801 10000 100 1000 139908 17173 8161
0b002e01 0b001b01 10000 100 20000 142463 14769 8958
0b008301 0b001401 10000 100 20000 147197 10260 8958
0b001a01 0b007d01 10000 100 100000 131767 25716 12312
0b009201 0b008c01 10000 100 10000 148381 9267 8539
0b004e01 0b008601 10000 100 1000 148967 8745 8161
0b005301 0b008601 10000 100 5000 148888 8909 8329
0b009f01 0b002a01 10000 100 20000 146708 11152 8958
0b003501 0b004b01 10000 100 10000 149022 8922 8539
0b001401 0b009901 10000 100 20000 148086 9880 8958
0b009701 0b006c01 10001 100 50000 140576 17422 10216
0b008d01 0b000d01 10000 100 20000 134824 23191 8958
0b003a01 0b001701 10000 100 50000 140788 17438 10216
0b008101 0b004c01 10000 100 2000 142955 15297 8203
0b002b01 0b003901 10000 100 10000 149049 9303 8539
0b007501 0b007a01 10000 100 200000 136918 21454 12464
0b008501 0b004301 10000 100 10000 146612 11831 8539
0b005401 0b008701 10000 100 10000 143565 15102 8539
0b006601 0b007e01 10000 100 500000 112912 45805 29080
0b000c01 0b001001 10000 100 20000 148843 9906 8958
0b008201 0b003701 10000 100 2000000 24692 134158 91960
0b006201 0b000901 10001 100 10000 135954 22943 8539
0b000b01 0b009c01 10000 100 500000 71183 87727 29080
0b008501 0b000901 10000 100 20000 144508 14511 8958
0b000b01 0b006a01 10000 100 500000 72120 87148 29080
0b005601 0b006501 10000 100 50000 105726 53602 10216
0b006001 0b003901 10000 100 200000 134589 24912 16504
0b002e01 0b007801 10000 100 5000 142361 17252 8329
0b005c01 0b001901 10001 100 200000 118748 40902 16504
0b008b01 0b006d01 10000 100 20000 147515 12237 8958
0b000e01 0b003301 10000 100 500000 45537 114225 29080
0b005601 0b002401 10000 100 200000 76706 83290 16504
0b002901 0b008c01 10000 100 50000 148409 11644 10216
0b007e01 0b004801 10000 100 20000 147521 12545 8958
0b000c01 0b006201 10000 100 100000 133656 26477 12312
0b004e01 0b003401 10000 100 2000000 12882 147312 91960
0b006901 0b002d01 10000 100 20000 148337 11925 8958
0b009a01 0b004501 10000 100 10000 146080 14183 8539
0b003d01 0b000f01 10000 100 20000 138594 21856 8958
0b000701 0b000a01 10000 100 10000 138309 22438 4499
0b000f01 0b007501 10000 100 200000 96306 64464 16504
0b009401 0b005701 10000 100 5000 131611 29165 8329
0b005c01 0b007c01 10000 100 50000 147594 13235 10216
0b000601 0b008b01 10000 100 200000 122677 38189 16504
0b002701 0b001f01 10000 100 200000 114577 46302 16504
0b002c01 0b004301 10000 100 100000 138345 22601 12312
0b000f01 0b001601 10000 100 5000 138694 22292 8329
0b004601 0b001d01 10001 100 2000 141034 19990 8203
0b005801 0b009301 10000 100 100000 124584 36469 12312
0b001101 0b009e01 10000 100 5000 149120 12090 8329
0b000b01 0b001f01 10000 100 20000 123775 37515 8958
0b001501 0b005701 10000 100 1000000 48606 112743 50040
0b001f01 0b004a01 10000 100 1000 141913 19776 8161
0b004301 0b003301 10001 100 50000 116374 45393 10216
0b004e01 0b004401 10000 100 200000 140457 21347 12464
0b001f01 0b005301 10000 100 2000 142174 19649 8203
0b005a01 0b008a01 10001 100 20000 145128 16907 8958
0b009201 0b004801 10000 100 50000 150273 11841 10216
0b003501 0b004401 10000 100 1000000 102893 59447 50040
0b008601 0b006a01 10000 100 1000000 90680 71696 50040
0b005401 0b005801 10000 100 1000000 47438 115189 46000
0b000501 0b003c01 10000 100 20000 148917 13897 8958
0b007d01 0b007201 10000 100 500000 114625 48304 25040
0b005f01 0b004b01 10000 100 5000 141144 21980 8329
0b005501 0b005a01 10000 100 1000000 92327 70832 46000
0b000a01 0b002b01 10000 100 100000 128808 34656 12312
0b000e01 0b003e01 10000 100 1000 146623 16869 8161
0b004401 0b009801 10000 100 100000 134114 29714 12312
0b007701 0b000e01 10000 100 1000000 67809 96207 50040
0b005e01 0b004001 10000 100 100000 136911 27417 12312
0b007e01 0b004301 10000 100 100000 142907 21664 12312
0b003101 0b007801 10000 100 500000 115800 48926 29080
0b005e01 0b002c01 10000 100 100000 136806 28218 12312
0b009701 0b005a01 10000 100 5000 147986 17385 8329
0b009801 0b005701 10000 100 50000 131934 33544 10216
0b000b01 0b001b01 10000 100 200000 110613 55147 16504
0b005401 0b000401 10000 100 2000000 9721 156287 91960
0b002501 0b005501 10000 100 200000 140456 25726 16504
0b001c01 0b008d01 10000 100 200000 135188 31029 16504
0b006e01 0b003a01 10000 100 1000000 102956 63303 50040
0b005d01 0b006801 10000 100 200000 118099 48182 16504
0b005201 0b008e01 10000 100 200000 126023 40337 16504
0b002401 0b004801 10000 100 200000 109743 56655 16504
0b000601 0b005001 10000 100 1000000 32741 133682 50040
0b009801 0b005401 10000 100 20000 139919 26847 8958
0b008401 0b008e01 10000 100 200000 140364 26448 12464
0b004a01 0b001701 10001 100 200000 141885 25069 16504
0b005f01 0b003d01 10000 100 500000 102882 64102 29080
0b007501 0b009601 10000 100 500000 105587 61413 29080
0b001001 0b004601 10001 100 200000 133666 33387 16504
0b003601 0b009801 10000 100 500000 105368 61842 29080
0b005001 0b001a01 10000 100 5000 147676 19835 8329
0b005201 0b001f01 10000 100 1000 149153 18572 8161
0b000501 0b001701 10000 100 1000000 22405 145327 50040
0b005e01 0b003601 10000 100 500000 73275 94680 29080
0b008901 0b008001 10000 100 1000000 41408 126554 46000
0b009001 0b009301 10000 100 100000 132043 36102 8272
0b005301 0b006201 10000 100 1000 146131 22030 8161
0b002101 0b000a01 10000 100 20000 131984 36180 8958
0b004c01 0b003f01 10000 100 50000 148812 19459 10216
0b007d01 0b007901 10000 100 500000 60519 107944 25040
0b004201 0b009801 10000 100 1000 146674 22096 8161
0b000b01 0b000101 10000 100 500000 86209 82665 25040
0b007901 0b005001 10001 100 10000 121499 47610 8539
0b005801 0b002901 10000 100 20000 138984 30467 8958
0b006701 0b007901 10000 100 200000 101873 68143 16504
0b008e01 0b007401 10000 100 200000 118740 51280 16504
0b000e01 0b001301 10000 100 50000 124623 45515 10216
0b006101 0b006801 10000 100 2000000 49016 121209 87920
0b000501 0b002f01 10000 100 1000 148044 22183 8161
0b008501 0b006e01 10000 100 500000 52714 117886 29080
0b007b01 0b000301 10000 100 100000 142195 28763 12312
0b001901 0b005d01 10000 100 1000 144089 27535 8161
0b003c01 0b009401 10000 100 200000 143396 28478 16504
0b009001 0b005001 10000 100 50000 131810 40131 10216
0b004d01 0b008001 10000 100 200000 138810 33468 16504
0b007801 0b001d01 10000 100 500000 96067 76544 29080
0b008a01 0b009c01 10001 100 100000 146240 26405 12312
0b001901 0b007b01 10000 100 1000000 69606 103340 50040
0b008401 0b001b01 10000 100 200000 147012 26086 16504
0b009001 0b007901 10000 100 200000 86897 86292 16504
0b008e01 0b005e01 10000 100 500000 128682 44530 29080
0b002701 0b006201 10000 100 10000 149583 24061 8539
0b009901 0b007e01 10000 100 200000 148299 25373 16504
0b007d01 0b008e01 10000 100 1000000 67310 106559 50040
0b007f01 0b008f01 10000 100 20000 132812 41345 8958
0b000601 0b005901 10000 100 500000 89331 85287 29080
0b006301 0b004101 10000 100 100000 149113 25540 12312
0b001601 0b008001 10000 100 1000000 21769 152924 50040
0b009301 0b002401 10000 100 500000 138560 36178 29080
0b009801 0b007401 10000 100 20000 132069 43095 8958
0b000201 0b004c01 10000 100 500000 69904 105477 29080
0b008901 0b001901 10000 100 1000000 30636 144980 50040
0b007e01 0b008601 10000 100 200000 141830 33813 16504
0b000101 0b001d01 10000 100 100000 145971 29893 12312
0b003401 0b000901 10000 100 1000000 45196 130757 50040
0b001f01 0b001301 10000 100 500000 118621 57368 25040
0b007b01 0b001901 10000 100 10000 148109 28119 8539
0b005201 0b000701 10000 100 1000000 102126 74135 50040
0b006401 0b006201 10000 100 100000 150293 26720 8272
0b001c01 0b001901 10000 100 200000 133683 43683 12464
0b007401 0b002e01 10001 100 100000 116735 60729 12312
0b009501 0b000001 10000 100 200000 143294 34346 16504
0b003401 0b002d01 10000 100 1000000 47580 130268 50040
0b006201 0b008801 10000 100 100000 148626 29287 12312
0b001901 0b004301 10000 100 50000 150309 27955 10216
0b005f01 0b002301 10000 100 200000 127940 50334 16504
0b008b01 0b003301 10000 100 200000 111239 67488 16504
0b002c01 0b000a01 10000 100 500000 119719 59009 29080
0b007901 0b004401 10000 100 2000 149349 29658 8203
0b004201 0b008f01 10000 100 1000000 12510 166560 50040
0b001601 0b001401 10000 100 500000 80805 98287 25040
0b002501 0b002301 10000 100 200000 150215 29460 12464
0b001801 0b003301 10000 100 1000 144760 35302 8161
0b001201 0b002601 10000 100 1000000 85080 95369 50040
0b009d01 0b000a01 10000 100 1000000 34528 146262 50040
0b001901 0b005601 10000 100 500000 73941 106975 29080
0b006701 0b002301 10000 100 500000 138580 42887 29080
0b009901 0b002c01 10000 100 1000000 86897 95070 50040
0b000301 0b003301 10000 100 200000 102095 80247 16504
0b003101 0b008f01 10000 100 10000 141359 41051 8539
0b008a01 0b003301 10000 100 500000 48767 133653 29080
0b000d01 0b007401 10000 100 10000 139489 42946 8539
0b009401 0b006e01 10000 100 200000 146288 36356 16504
0b007f01 0b006301 10000 100 500000 136376 46447 29080
0b000401 0b007101 10000 100 500000 110895 71978 29080
0b006b01 0b007701 10000 100 200000 134930 48235 16504
0b006f01 0b005801 10000 100 5000 149529 33638 8329
0b001c01 0b007301 10000 100 500000 138188 44999 29080
0b000501 0b009401 10000 100 200000 125971 58003 16504
0b001301 0b006701 10000 100 500000 146988 37292 29080
0b003101 0b000f01 10000 100 200000 132297 51989 16504
0b008901 0b004101 10000 100 500000 107875 76453 29080
0b008701 0b007101 10000 100 100000 144078 40389 12312
0b002b01 0b000e01 10000 100 500000 135174 49716 29080
0b006601 0b001601 10000 100 500000 135845 49219 29080
0b006801 0b002201 10000 100 1000000 110822 74494 50040
0b009e01 0b004e01 10001 100 500000 148173 37305 29080
0b007401 0b006201 10000 100 1000 134031 51489 8161
0b003301 0b007901 10000 100 20000 148247 38176 8958
0b004701 0b006201 10000 100 1000000 71369 115170 50040
0b000001 0b003a01 10000 100 200000 150341 36664 16504
0b007101 0b009d01 10000 100 100000 142251 45384 12312
0b001101 0b008e01 10000 100 200000 137567 50173 16504
0b004b01 0b002101 10000 100 500000 127669 60093 29080
0b009a01 0b001901 10000 100 5000 149931 38104 8329
0b000801 0b002d01 10000 100 500000 113054 75021 29080
0b005e01 0b000501 10000 100 500000 92721 95740 29080
0b009601 0b003601 10000 100 100000 147386 41787 12312
0b007201 0b004601 10000 100 500000 132456 56884 29080
0b000301 0b008701 10000 100 500000 77835 111838 29080
0b003e01 0b001b01 10000 100 1000000 109480 80760 50040
0b006b01 0b005001 10000 100 1000000 46128 144173 50040
0b001c01 0b007401 10000 100 10000 144808 45554 8539
0b008b01 0b006101 10000 100 200000 148044 42472 16504
0b006001 0b008f01 10000 100 200000 128967 61694 16504
0b009b01 0b001c01 10000 100 100000 131815 58968 12312
0b007001 0b005401 10001 100 500000 138937 51907 29080
0b000001 0b009e01 10000 100 500000 144198 47756 29080
0b004301 0b001101 10000 100 500000 146516 45601 29080
0b000201 0b008101 10000 100 1000000 44571 147853 50040
0b005f01 0b006301 10000 100 200000 147863 45067 16504
0b008e01 0b006d01 10000 100 500000 149951 43247 29080
0b007801 0b008f01 10000 100 1000000 26225 167095 50040
0b001a01 0b002701 10000 100 500000 118581 75060 29080
0b001101 0b001d01 10000 100 500000 103060 90646 25040
0b000001 0b003101 10000 100 200000 149760 44134 16504
0b001a01 0b005301 10000 100 1000000 74101 119973 50040
0b000101 0b006d01 10000 100 500000 119552 74688 29080
0b000301 0b009101 10000 100 1000000 25495 168851 50040
0b007401 0b009801 10000 100 50000 130795 63665 10216
0b009001 0b000701 10000 100 500000 76142 118551 29080
0b002201 0b009a01 10000 100 500000 127507 67660 29080
0b005601 0b006f01 10000 100 200000 112934 82702 16504
0b007f01 0b009c01 10000 100 500000 142857 53634 29080
0b009501 0b009401 10000 100 1000000 130767 65817 46000
0b009b01 0b007701 10000 100 100000 135436 61529 12312
0b007001 0b005b01 10000 100 200000 146637 50469 16504
0b004f01 0b006201 10000 100 1000000 81951 116154 50040
0b008001 0b006201 10000 100 200000 147304 52519 16504
0b003a01 0b001401 10000 100 1000000 117512 82530 50040
0b009c01 0b000001 10000 100 1000000 104184 96278 50040
0b009b01 0b006d01 10000 100 100000 140421 60094 12312
0b005d01 0b007901 10000 100 1000000 41899 159938 50040
0b004601 0b004c01 10000 100 1000000 126601 75547 46000
0b008b01 0b007001 10000 100 500000 112087 90437 29080
0b007801 0b008901 10000 100 500000 134978 67937 29080
0b006a01 0b008f01 10000 100 500000 96287 106794 29080
0b008b01 0b005301 10000 100 500000 120430 83591 29080
0b002a01 0b001f01 10000 100 2000000 32431 171718 91960
0b000f01 0b007601 10000 100 50000 146121 59713 10216
0b003301 0b000101 10000 100 1000000 67118 138775 50040
0b008001 0b004001 10000 100 500000 109929 97387 29080
0b007e01 0b008601 10001 100 500000 149197 58337 29080
0b002201 0b005701 10000 100 2000000 42342 165937 91960
0b009101 0b003301 10000 100 1000000 79651 128735 50040
0b007401 0b002a01 10000 100 200000 125596 82906 16504
0b001201 0b009101 10000 100 1000000 111352 98994 50040
0b008a01 0b004f01 10000 100 1000000 41969 168505 50040
0b007001 0b005001 10000 100 1000000 128023 83480 50040
0b004d01 0b007801 10000 100 1000000 107357 105056 50040
0b001601 0b008601 10000 100 1000000 33961 178618 50040
0b004d01 0b000301 10000 100 2000000 36822 175917 91960
0b005c01 0b001901 10000 100 1000000 108498 105782 50040
0b000f01 0b008501 10000 100 1000000 103392 111568 50040
0b001601 0b007c01 10000 100 500000 109229 105895 29080
0b008201 0b005801 10000 100 500000 115673 99616 29080
0b008201 0b009901 10000 100 1000000 149297 66285 50040
0b008a01 0b008601 10000 100 1000000 53348 162737 46000
0b008c01 0b007601 10000 100 500000 141396 74949 29080
0b008f01 0b009a01 10000 100 1000000 24406 192210 50040
0b002501 0b004901 10000 100 1000000 142289 75389 50040
0b000501 0b006601 10000 100 1000000 53944 164906 50040
0b008b01 0b004501 10000 100 1000000 108119 110790 50040
0b008901 0b000701 10000 100 1000000 135274 84339 50040
0b009b01 0b000e01 10000 100 1000000 63419 156980 50040
0b009601 0b004d01 10000 100 1000000 74468 147679 50040
0b006b01 0b009501 10000 100 500000 134859 88441 29080
0b005001 0b006001 10000 100 500000 131578 91767 29080
0b004c01 0b007101 10001 100 500000 126286 99165 29080
0b005c01 0b005801 10000 100 500000 143793 81842 25040
0b007801 0b007401 10000 100 1000000 72402 153939 46000
0b003a01 0b007601 10000 100 1000000 100519 126593 50040
0b002601 0b005601 10000 100 500000 141118 86459 29080
0b006301 0b007f01 10000 100 1000000 95186 133234 50040
0b006401 0b005f01 10000 100 500000 140233 88730 29080
0b004c01 0b002601 10000 100 1000000 114423 115943 50040
0b004a01 0b005b01 10000 100 500000 149486 80969 29080
0b001101 0b004801 10000 100 2000000 9215 221611 91960
0b000101 0b008d01 10000 100 500000 145827 85635 29080
0b004901 0b008301 10000 100 2000000 124742 107528 91960
0b000301 0b007901 10000 100 1000000 75598 157000 50040
0b005601 0b005a01 10000 100 1000000 23054 209910 46000
0b001a01 0b000b01 10000 100 1000000 86474 147258 50040
0b000301 0b003601 10000 100 1000000 84652 149435 50040
0b007401 0b004801 10000 100 1000000 60844 173486 50040
0b006001 0b007601 10000 100 500000 150051 84575 29080
0b008f01 0b008701 10000 100 2000000 16214 218798 87920
0b008501 0b005a01 10000 100 1000000 36229 199094 50040
0b009701 0b007401 10000 100 500000 118338 119724 29080
0b006b01 0b009d01 10000 100 500000 148272 90895 29080
0b003201 0b005801 10000 100 1000000 108905 130282 50040
0b009001 0b008901 10000 100 500000 107405 132092 29080
0b002c01 0b000b01 10000 100 1000000 120076 120906 50040
0b007e01 0b005b01 10000 100 500000 149555 91640 29080
0b005d01 0b005f01 10000 100 500000 135758 106828 25040
0b005601 0b005b01 10000 100 1000000 22699 219993 46000
0b006301 0b001601 10000 100 1000000 109662 133071 50040
0b008a01 0b006901 10000 100 1000000 121368 121651 50040
0b006701 0b007401 10000 100 1000000 61245 181963 50040
0b008d01 0b002101 10000 100 1000000 141884 103702 50040
0b009401 0b002801 10000 100 2000000 125610 121999 91960
0b007401 0b008501 10000 100 500000 134238 113434 29080
0b007401 0b006b01 10000 100 500000 142936 105302 29080
0b006b01 0b002701 10000 100 1000000 137014 111573 50040
0b001501 0b007401 10000 100 1000000 93074 158026 50040
0b008601 0b006401 10000 100 2000000 147436 106470 91960
0b006801 0b009b01 10000 100 500000 142344 111635 29080
0b006f01 0b005f01 10000 100 1000000 122219 134538 50040
0b009701 0b006f01 10000 100 2000000 109866 147583 91960
0b000201 0b008a01 10000 100 1000000 96501 161139 50040
0b001401 0b007b01 10000 100 2000000 142003 115805 91960
0b005b01 0b001e01 10000 100 1000000 111541 146825 50040
0b002401 0b007b01 10000 100 500000 143010 116647 29080
0b005001 0b000101 10000 100 1000000 108582 152256 50040
0b003e01 0b005f01 10000 100 1000000 134219 127668 50040
0b000e01 0b009001 10000 100 1000000 71290 190654 50040
0b001b01 0b009801 10000 100 2000000 98125 165032 91960
0b009b01 0b003701 10000 100 1000000 76665 186752 50040
0b005101 0b000f01 10000 100 2000000 6746 258462 91960
0b005101 0b005b01 10000 100 1000000 138109 127892 46000
0b005601 0b009001 10000 100 1000000 33330 232750 50040
0b009b01 0b009001 10000 100 500000 129283 137842 25040
0b004c01 0b001e01 10000 100 2000000 51319 216266 91960
0b000e01 0b000601 10000 100 1000000 98439 169349 46000
0b007801 0b007101 10000 100 1000000 145579 122306 46000
0b007601 0b005601 10000 100 500000 122797 146173 29080
0b005601 0b005401 10000 100 1000000 69517 200607 46000
0b000e01 0b002901 10000 100 1000000 97021 174438 50040
0b001101 0b000b01 10000 100 2000000 35495 237225 91960
0b000201 0b004301 10000 100 2000000 26784 246721 91960
0b000201 0b001c01 10000 100 1000000 136494 138826 50040
0b006301 0b008501 10001 100 2000000 89197 187136 91960
0b002401 0b003c01 10000 100 1000000 84320 192179 50040
0b009601 0b002001 10000 100 500000 125913 150788 29080
0b008501 0b008c01 10000 100 1000000 60541 216380 46000
0b005601 0b005d01 10000 100 1000000 99929 177329 46000
0b005001 0b000201 10000 100 1000000 131559 146286 50040
0b009601 0b008f01 10000 100 500000 126722 151151 29080
0b008001 0b002f01 10000 100 2000000 33204 244680 91960
0b003701 0b001101 10000 100 2000000 97640 182428 91960
0b009601 0b004801 10000 100 500000 132237 149168 29080
0b005101 0b007501 10000 100 2000000 68147 215525 91960
0b000e01 0b009b01 10000 100 1000000 81319 203204 50040
0b005b01 0b002a01 10000 100 2000000 118930 165759 91960
0b005f01 0b005601 10000 100 2000000 65788 219060 87920
0b006901 0b002101 10000 100 2000000 135324 149585 91960
0b009001 0b005601 10000 100 1000000 78815 206192 50040
0b009001 0b006901 10000 100 1000000 115098 173949 50040
0b000b01 0b008701 10000 100 2000000 143809 150419 91960
0b003b01 0b006501 10000 100 1000000 135505 159288 50040
0b001d01 0b008f01 10001 100 2000000 113123 182264 91960
0b000501 0b000e01 10000 100 1000000 147011 149359 46000
0b000501 0b008001 10000 100 1000000 137623 159093 50040
0b001d01 0b009b01 10000 100 1000000 144348 159242 50040
0b002401 0b007801 10000 100 1000000 99396 205722 50040
0b006601 0b001e01 10000 100 2000000 143189 162196 91960
0b002601 0b007601 10000 100 2000000 143503 163652 91960
0b002401 0b006b01 10000 100 1000000 118405 191148 50040
0b003f01 0b006501 10000 100 1000000 146506 164093 50040
0b000501 0b000001 10000 100 2000000 56174 255904 87920
0b001901 0b006501 10000 100 1000000 123857 189556 50040
0b009b01 0b007401 10000 100 1000000 136411 185160 50040
0b001f01 0b006501 10000 100 2000000 29932 293625 91960
0b005d01 0b001901 10000 100 2000000 98014 227344 91960
0b000901 0b009b01 10000 100 2000000 102390 223355 91960
0b005d01 0b004c01 10000 100 2000000 101219 226407 91960
0b008501 0b004601 10000 100 1000000 133552 194594 50040
0b008501 0b009201 10000 100 1000000 142425 188410 50040
0b009601 0b008c01 10000 100 1000000 126711 215078 50040
0b002801 0b009a01 10000 100 5000000 24692 317137 217720
0b002401 0b009201 10000 100 2000000 102068 252161 91960
0b008501 0b000801 10000 100 2000000 70443 284358 91960
0b001601 0b006f01 10000 100 2000000 140994 214689 91960
0b008001 0b001f01 10000 100 2000000 131762 239474 91960
0b004a01 0b000f01 10000 100 5000000 6571 371407 217720
0b007601 0b004601 10000 100 5000000 39528 347418 217720
0b003701 0b008a01 10000 100 5000000 63846 332352 217720
0b009601 0b009c01 10000 100 2000000 119495 297600 87920
0b000601 0b009001 10000 100 5000000 86627 339058 217720
0b002901 0b007101 10000 100 5000000 112473 313654 217720
0b005001 0b007e01 10000 100 5000000 86563 356399 217720
0b008001 0b007f01 10000 100 5000000 58215 408067 217720
0b001601 0b004901 10000 100 5000000 123974 354379 217720
0b008701 0b009d01 10000 100 5000000 34027 472111 217720
0b009001 0b009d01 10000 100 5000000 23803 491841 213680
0b009601 0b005801 10000 100 5000000 108664 432049 217720
0b000101 0b003801 10000 100 5000000 125871 470053 217720
0b000101 0b009801 10000 100 5000000 136493 463547 217720
0b006501 0b000f01 10000 100 2000000 21550 722840 91960
0b007901 0b005601 10000 100 1000000 18210 756400 50040
0b007401 0b009b01 10000 100 5000000 63869 2955940 217720
