0b007001 0b003401 10000 100 2048 6027 8178 8207
0b005101 0b003301 10000 100 2048 14403 8178 8207
0b007c01 0b006f01 10000 100 51200 21095 10242 10267
0b009a01 0b000b01 10000 100 512000 4725 29594 29583
0b000101 0b006101 10000 100 5120 41211 8307 8336
0b008c01 0b003f01 10000 100 51200 41299 10338 10267
0b008601 0b007301 10000 100 102400 39263 12613 12413
0b009401 0b002401 10000 100 2048 54614 8178 8207
0b009201 0b007401 10000 100 1024 65726 8160 8164
0b005401 0b000701 10000 100 10240 66637 8521 8550
0b007f01 0b004401 10000 100 102400 70991 14548 12413
0b005301 0b004b01 10000 100 102400 76066 12611 12413
0b009501 0b006401 10000 100 51200 79905 10242 10267
0b004b01 0b001901 10000 100 512000 64349 29846 29583
0b006b01 0b008901 10000 100 10240 86324 9145 8550
0b008701 0b006e01 10000 100 204800 78842 17376 16705
0b009101 0b004401 10000 100 102400 90997 12392 12413
0b007201 0b008901 10000 100 512000 77666 30025 29583
0b005101 0b000a01 10000 100 102400 99443 12392 12413
0b001901 0b006201 10000 100 512000 82642 30110 29583
0b007101 0b009301 10000 100 102400 101973 12398 12413
0b002f01 0b006201 10000 100 51200 104298 10438 10267
0b007301 0b006001 10000 100 2097152 20224 96398 96034
0b001201 0b001a01 10000 100 102400 109721 8348 8373
0b005301 0b004b01 10001 100 102400 107966 12392 12413
0b001f01 0b005e01 10000 100 10240 113156 8521 8550
0b004301 0b006101 10000 100 1048576 73852 52150 52077
0b003b01 0b003601 10000 100 2097152 36751 92128 91994
0b002401 0b004001 10000 100 51200 120772 10242 10267
0b009501 0b003d01 10000 100 512000 101354 30036 29583
0b009301 0b005c01 10000 100 51200 122402 10242 10267
0b003a01 0b005e01 10000 100 20480 125427 8951 8979
0b001101 0b000001 10000 100 102400 123806 16970 12413
0b004a01 0b006401 10000 100 5120 141960 8307 8336
0b009c01 0b003301 10000 100 51200 145277 12442 10267
0b004701 0b005001 10000 100 10240 149220 8562 8550
0b006001 0b009c01 10000 100 102400 151917 12624 12413
0b001501 0b001b01 10000 100 1048576 117925 48087 48037
0b004601 0b002501 10000 100 51200 165307 10242 10267
0b008601 0b001d01 10000 100 1024 175740 8135 8164
0b004901 0b004801 10000 100 204800 172920 12648 12665
0b000301 0b005e01 10000 100 102400 173482 12392 12413
0b001101 0b004301 10000 100 10240 177397 8845 8550
0b001e01 0b006b01 10000 100 51200 182182 10242 10267
0b009c01 0b001601 10000 100 1048576 142219 54489 52077
0b009a01 0b002601 10000 100 10240 189287 8555 8550
0b000c01 0b007401 10000 100 51200 186548 12590 10267
0b007b01 0b009101 10000 100 512000 138094 63418 29583
0b002901 0b008b01 10000 100 20480 211613 9271 8979
0b004601 0b003201 10000 100 10240 225831 8537 8550
0b007801 0b003b01 10000 100 2048 232754 8254 8207
0b004501 0b005c01 10000 100 5120 235595 8307 8336
0b003501 0b000201 10000 100 1048576 192592 52131 52077
0b001e01 0b005901 10000 100 20480 235292 10608 8979
0b000401 0b009501 10000 100 204800 213811 32577 16705
0b001c01 0b000f01 10000 100 20480 239742 9762 8979
0b002601 0b007001 10000 100 102400 242236 12413 12413
0b006f01 0b008b01 10000 100 204800 237658 18845 16705
0b007d01 0b009e01 10000 100 51200 250345 11678 10267
0b005901 0b002101 10000 100 204800 238218 25261 16705
0b009001 0b008301 10000 100 5242880 37350 228323 227901
0b006b01 0b008501 10000 100 512000 238327 29942 29583
0b003d01 0b001b01 10000 100 512000 224465 46089 29583
0b009101 0b008c01 10000 100 1048576 218474 54284 52077
0b004f01 0b008901 10000 100 1024 264812 8148 8164
0b000d01 0b008701 10000 100 10240 267129 8737 8550
0b004701 0b007101 10000 100 2097152 176255 101265 96034
0b008501 0b004b01 10000 100 204800 251994 25645 16705
0b005e01 0b003d01 10000 100 20480 269129 9073 8979
0b003901 0b005e01 10000 100 2097152 188089 96227 96034
0b001501 0b005001 10000 100 204800 280058 16732 16705
0b004601 0b001301 10000 100 10240 289244 8649 8550
0b000801 0b002001 10000 100 5120 290801 8361 8336
0b008201 0b006601 10000 100 1048576 249389 52151 52077
0b007b01 0b005001 10000 100 1024 294869 8311 8164
0b000e01 0b009501 10000 100 1048576 207701 99723 52077
0b003f01 0b001801 10000 100 5242880 37407 270468 227901
0b009301 0b002a01 10000 100 2048 300128 8186 8207
0b003f01 0b002101 10000 100 1048576 215622 94221 52077
0b002801 0b009101 10000 100 2097152 214076 99984 96034
0b009501 0b007f01 10000 100 2097152 147077 168239 96034
0b007a01 0b001401 10000 100 2097152 97850 219549 96034
0b008a01 0b007d01 10000 100 51200 309412 10834 10267
0b002c01 0b004901 10000 100 204800 304554 16692 16705
0b000f01 0b001901 10000 100 2048 316415 9004 8207
0b000401 0b002301 10000 100 512000 308448 30144 29583
0b007f01 0b001001 10000 100 10240 330714 8521 8550
0b005501 0b008701 10000 100 102400 326094 13820 12413
0b005901 0b008d01 10000 100 2097152 161447 179225 96034
0b008401 0b008001 10000 100 10240 339486 4502 4510
0b006401 0b003e01 10000 100 2048 337855 8194 8207
0b003001 0b009f01 10000 100 5242880 117695 228524 227901
0b007801 0b003701 10000 100 512000 295338 51091 29583
0b008301 0b001501 10000 100 5120 344376 8307 8336
0b000e01 0b004201 10000 100 20480 353079 8973 8979
0b007d01 0b009501 10000 100 2097152 216101 146777 96034
0b005b01 0b009001 10000 100 2048 355179 8185 8207
0b008801 0b009c01 10000 100 204800 347353 16699 16705
0b009901 0b001301 10000 100 512000 328552 37503 29583
0b007d01 0b001201 10000 100 5120 358502 8320 8336
0b004b01 0b008601 10000 100 1024 360974 8178 8164
0b009701 0b004701 10000 100 5120 365887 8431 8336
0b003e01 0b007401 10000 100 204800 343140 33903 16705
0b007e01 0b006901 10000 100 204800 352054 28771 16705
0b007301 0b001201 10000 100 20480 373263 9022 8979
0b006101 0b002b01 10000 100 1048576 334807 52400 52077
0b001701 0b004d01 10000 100 204800 365357 25277 16705
0b003b01 0b000501 10000 100 2048 384270 8199 8207
0b007001 0b007201 10000 100 1048576 350521 48087 48037
0b006701 0b008101 10000 100 512000 354647 51056 29583
0b003e01 0b008d01 10000 100 5242880 46443 367581 227901
0b006d01 0b006b01 10000 100 204800 396804 18743 12665
0b000f01 0b004301 10000 100 10240 408045 8563 8550
0b006f01 0b003a01 10000 100 51200 419934 10381 10267
0b008001 0b008b01 10000 100 10240 426713 5357 4510
0b000201 0b005c01 10000 100 1048576 378633 53583 52077
0b005401 0b007001 10000 100 1024 424180 8135 8164
0b007b01 0b008b01 10000 100 1048576 282082 150390 52077
0b007901 0b002d01 10000 100 5120 428466 8326 8336
0b005c01 0b004d01 10000 100 512000 392539 53563 29583
0b006701 0b001c01 10000 100 102400 436520 16656 12413
0b008601 0b003e01 10000 100 512000 404982 50384 29583
0b005e01 0b000c01 10000 100 51200 435493 22726 10267
0b005401 0b005d01 10000 100 102400 450784 9776 8373
0b007101 0b005201 10000 100 51200 450226 10843 10267
0b004101 0b000701 10000 100 20480 451968 9103 8979
0b008301 0b005a01 10000 100 10240 453437 9210 8550
0b003701 0b001d01 10000 100 512000 409392 57635 29583
0b003601 0b004b01 10000 100 102400 446376 20986 12413
0b009401 0b009c01 10000 100 2097152 371290 96546 91994
0b006201 0b007a01 10000 100 1048576 314577 156163 52077
0b001c01 0b005a01 10000 100 51200 457851 16969 10267
0b007901 0b002601 10000 100 51200 467176 11168 10267
0b005501 0b004701 10000 100 51200 470364 11292 10267
0b001c01 0b009301 10000 100 204800 455590 27404 16705
0b007f01 0b004c01 10000 100 512000 454141 30138 29583
0b003a01 0b005e01 10001 100 1048576 390270 96243 52077
0b006201 0b002c01 10000 100 512000 458493 29594 29583
0b008101 0b006001 10000 100 2048 480121 8204 8207
0b005301 0b006d01 10000 100 10240 460716 31671 8550
0b000b01 0b008a01 10000 100 10485760 39384 453042 447683
0b001101 0b006d01 10000 100 1048576 400278 99912 52077
0b001001 0b000201 10000 100 2097152 405643 97199 96034
0b009701 0b005301 10000 100 204800 461897 42046 16705
0b001801 0b001501 10000 100 51200 509003 7248 6227
0b008601 0b001b01 10000 100 2097152 336351 180652 96034
0b009801 0b002901 10000 100 512000 462114 55478 29583
0b002a01 0b009a01 10000 100 51200 506943 11660 10267
0b001601 0b008901 10000 100 5242880 280484 238869 227901
0b006c01 0b006501 10000 100 51200 491073 28564 6227
0b009b01 0b006b01 10000 100 20480 515875 8969 8979
0b009001 0b005e01 10000 100 512000 490859 34872 29583
0b004b01 0b009e01 10000 100 10240 517928 8799 8550
0b007501 0b000401 10000 100 51200 516742 11531 10267
0b006001 0b005601 10000 100 512000 478623 51124 29583
0b005801 0b008601 10000 100 204800 511025 19718 16705
0b007401 0b003401 10000 100 204800 502364 31204 16705
0b002301 0b004601 10000 100 1048576 461708 77872 52077
0b001101 0b002601 10000 100 1048576 445626 98662 52077
0b000801 0b008c01 10000 100 10240 537302 8565 8550
0b005501 0b002f01 10000 100 512000 516391 29599 29583
0b008e01 0b004a01 10000 100 1048576 465398 80625 52077
0b001f01 0b004f01 10000 100 5120 538743 8577 8336
0b005101 0b004001 10000 100 1024 540659 8230 8164
0b005001 0b000b01 10000 100 102400 532754 16664 12413
0b004801 0b000a01 10000 100 512000 513313 44181 29583
0b009601 0b001201 10000 100 1024 549856 8156 8164
0b007c01 0b009a01 10000 100 10485760 51316 513797 447683
0b003701 0b004b01 10000 100 5242880 251313 317381 227901
0b004201 0b009e01 10000 100 2048 561734 8446 8207
0b006c01 0b003701 10000 100 1048576 492228 81685 52077
0b001b01 0b002801 10000 100 5242880 225683 348790 227901
0b007d01 0b001b01 10000 100 5120 568076 8537 8336
0b008a01 0b007301 10000 100 2097152 388590 190929 96034
0b009601 0b004301 10000 100 20480 576582 9180 8979
0b006f01 0b004601 10000 100 20480 582342 9143 8979
0b006001 0b009d01 10000 100 5242880 342709 251396 227901
0b003201 0b002b01 10000 100 10240 601144 8630 8550
0b000601 0b002901 10000 100 1048576 469744 144137 52077
0b005001 0b009401 10000 100 5242880 378240 236500 227901
0b002401 0b005001 10000 100 5120 609100 8324 8336
0b002101 0b004501 10000 100 2097152 505881 112907 96034
0b008701 0b003201 10000 100 512000 589918 29957 29583
0b004a01 0b001501 10000 100 102400 613584 13773 12413
0b001e01 0b000401 10000 100 5242880 214846 412586 227901
0b000a01 0b001b01 10000 100 51200 616313 11435 10267
0b002a01 0b009301 10000 100 1048576 543549 90192 52077
0b009b01 0b005101 10000 100 51200 624954 10278 10267
0b008b01 0b001d01 10000 100 51200 611940 23337 10267
0b003b01 0b008d01 10000 100 20480 627142 9785 8979
0b000601 0b008101 10000 100 2097152 406345 235296 96034
0b003c01 0b000301 10000 100 102400 622333 19607 12413
0b009901 0b000e01 10000 100 512000 601827 41266 29583
0b001301 0b006901 10000 100 1024 636342 8135 8164
0b002a01 0b004401 10000 100 1048576 551563 94020 52077
0b007801 0b009e01 10000 100 2097152 473889 172203 96034
0b001f01 0b004f01 10001 100 1048576 548686 98840 52077
0b000401 0b001001 10000 100 204800 617918 34029 16705
0b003601 0b003301 10000 100 10240 651637 6313 4510
0b008b01 0b007e01 10000 100 1048576 566016 98212 52077
0b009b01 0b005f01 10000 100 5120 655947 8324 8336
0b002801 0b003601 10000 100 51200 662661 12634 10267
0b001e01 0b000a01 10000 100 5242880 262464 413561 227901
0b000301 0b003e01 10000 100 10240 669198 8979 8550
0b001401 0b004e01 10000 100 10485760 235740 450165 447683
0b002f01 0b000b01 10000 100 102400 675384 12414 12413
0b002201 0b001601 10000 100 51200 678947 11766 10267
0b009301 0b003b01 10000 100 204800 675649 17080 16705
0b005301 0b007201 10000 100 2048 685020 8190 8207
0b009f01 0b002101 10000 100 51200 679953 13285 10267
0b003f01 0b008f01 10000 100 1048576 553139 140866 52077
0b000301 0b001201 10000 100 2097152 597452 101635 96034
0b002801 0b003d01 10000 100 10240 695025 8952 8550
0b000a01 0b007201 10000 100 10240 696957 8553 8550
0b004b01 0b002901 10000 100 20480 698633 9498 8979
0b005601 0b001601 10000 100 10485760 225129 491504 447683
0b006b01 0b009501 10000 100 512000 674209 44429 29583
0b009401 0b003601 10000 100 2097152 592984 125844 96034
0b005501 0b008f01 10000 100 5120 703446 17406 8336
0b005801 0b009301 10000 100 2048 712336 8756 8207
0b009301 0b001801 10000 100 1024 712203 10300 8164
0b003901 0b008a01 10000 100 204800 707628 19316 16705
0b009f01 0b001301 10000 100 1048576 655374 76353 52077
0b009c01 0b009f01 10000 100 51200 731940 7248 6227
0b005f01 0b001801 10000 100 204800 715247 25280 16705
0b007601 0b007d01 10000 100 512000 697704 47046 25543
0b001c01 0b006b01 10000 100 1048576 646778 98584 52077
0b000001 0b000601 10000 100 5242880 389901 357831 223861
0b002301 0b003001 10000 100 5120 739579 8948 8336
0b004901 0b009901 10000 100 2048 742172 8211 8207
0b009001 0b009401 10000 100 1024 746771 4118 4124
0b002801 0b000001 10000 100 204800 724852 31151 16705
0b003c01 0b001c01 10000 100 2097152 612350 148198 96034
0b006201 0b008b01 10000 100 102400 749639 12506 12413
0b003101 0b001901 10001 100 512000 682720 82568 29583
0b006c01 0b005801 10000 100 5242880 509943 258515 227901
0b000101 0b009a01 10000 100 51200 760021 10282 10267
0b004401 0b009301 10000 100 204800 757317 16956 16705
0b000f01 0b002801 10000 100 204800 748440 29627 16705
0b009401 0b006901 10000 100 2097152 655722 123713 96034
0b002c01 0b001f01 10000 100 1024 762528 17078 8164
0b001b01 0b004201 10000 100 5242880 471741 312193 227901
0b000a01 0b007601 10000 100 51200 774440 10382 10267
0b004f01 0b006a01 10000 100 20480 778475 10782 8979
0b007b01 0b001301 10000 100 5242880 156318 634651 227901
0b007d01 0b002701 10000 100 5242880 422524 369680 227901
0b004701 0b009701 10000 100 2048 784485 8182 8207
0b005e01 0b007801 10000 100 51200 783366 10306 10267
0b002001 0b000a01 10000 100 102400 775959 21477 12413
0b007801 0b000c01 10000 100 10485760 29522 769421 447683
0b005d01 0b008301 10000 100 512000 751732 52156 29583
0b002b01 0b005401 10000 100 204800 745374 59568 16705
0b009d01 0b005501 10000 100 1024 801613 8135 8164
0b005e01 0b001b01 10000 100 204800 786505 25745 16705
0b003101 0b001901 10000 100 10485760 217533 594859 447683
0b000701 0b004e01 10000 100 51200 806384 10776 10267
0b008001 0b004701 10000 100 10485760 150736 667498 447683
0b002e01 0b007201 10000 100 1048576 766152 52314 52077
0b000901 0b001201 10000 100 512000 773711 51378 29583
0b004301 0b001201 10000 100 204800 801027 25206 16705
0b004c01 0b002901 10000 100 10485760 207330 627810 447683
0b007001 0b000c01 10000 100 51200 814929 23444 10267
0b000801 0b009b01 10000 100 204800 824009 16762 16705
0b006c01 0b007801 10000 100 1024 835062 8140 8164
0b000e01 0b003d01 10000 100 51200 834485 11358 10267
0b000101 0b007501 10000 100 1048576 777002 75093 52077
0b000301 0b008e01 10000 100 20480 851583 9418 8979
0b009701 0b001001 10000 100 102400 846396 16662 12413
0b004f01 0b000001 10000 100 2097152 673292 190268 96034
0b007a01 0b000801 10000 100 5120 844532 19954 8336
0b008601 0b005401 10000 100 1048576 711824 153833 52077
0b003601 0b005d01 10000 100 5242880 410271 457516 227901
0b005a01 0b001401 10000 100 51200 861204 10322 10267
0b005201 0b006201 10000 100 102400 860156 12460 12413
0b003e01 0b005001 10000 100 204800 843061 31025 16705
0b004201 0b007101 10000 100 2097152 594263 285367 96034
0b007001 0b003b01 10000 100 1048576 832222 54385 52077
0b009401 0b003701 10000 100 5120 878980 8346 8336
0b004201 0b007101 10001 100 204800 848401 39647 16705
0b006e01 0b002201 10000 100 2097152 793468 96172 96034
0b004f01 0b003d01 10000 100 5242880 541696 348304 227901
0b004301 0b008f01 10000 100 10485760 173809 718630 447683
0b006a01 0b003f01 10000 100 5242880 667541 228621 227901
0b006001 0b000401 10000 100 102400 887286 16691 12413
0b000c01 0b008e01 10000 100 2097152 642429 264892 96034
0b002401 0b002f01 10000 100 20480 902492 4921 4939
0b000901 0b007c01 10000 100 20480 898469 10577 8979
0b005f01 0b009f01 10000 100 5242880 666901 242985 227901
0b004601 0b007e01 10000 100 512000 855764 54560 29583
0b000001 0b002301 10000 100 5242880 497268 421209 227901
0b000c01 0b003001 10000 100 51200 897317 25792 10267
0b009901 0b005e01 10000 100 10240 921663 8602 8550
0b002f01 0b006101 10000 100 204800 920208 17098 16705
0b000001 0b008b01 10000 100 5120 928875 8640 8336
0b000201 0b000b01 10000 100 2097152 844701 94280 91994
0b007301 0b008f01 10000 100 20480 921466 17949 8979
0b001801 0b009e01 10000 100 102400 925717 15630 12413
0b004201 0b008301 10000 100 5120 941205 8757 8336
0b005201 0b007f01 10000 100 102400 939202 12508 12413
0b005101 0b004901 10000 100 102400 938566 15228 12413
0b004501 0b003e01 10000 100 204800 946933 16925 16705
0b004401 0b006a01 10000 100 51200 955400 10292 10267
0b000e01 0b004c01 10000 100 512000 888103 79271 29583
0b007601 0b004101 10000 100 10485760 441363 532057 447683
0b008b01 0b005d01 10000 100 1048576 911345 64711 52077
0b002501 0b004b01 10000 100 20480 967514 9814 8979
0b005d01 0b003001 10000 100 10485760 488112 494654 447683
0b006001 0b007d01 10000 100 5242880 751067 233290 227901
0b003f01 0b006901 10000 100 102400 976922 12474 12413
0b009401 0b001f01 10000 100 1048576 919449 74071 52077
0b008701 0b001001 10000 100 1048576 892546 102705 52077
0b006601 0b009101 10000 100 2097152 790194 206183 96034
0b004201 0b005301 10000 100 10485760 176636 820176 447683
0b007901 0b006501 10000 100 2048 955693 44280 8207
0b009f01 0b005301 10000 100 102400 986349 16648 12413
0b000301 0b000e01 10000 100 20480 1001411 4981 4939
0b002201 0b007601 10000 100 1048576 908018 102361 52077
0b007b01 0b002401 10000 100 5242880 383598 627050 227901
0b002001 0b005e01 10000 100 2048 989733 22606 8207
0b007b01 0b009001 10000 100 51200 996282 17976 10267
0b003601 0b005d01 10001 100 1048576 947959 75606 52077
0b007401 0b005c01 10000 100 512000 931014 95618 29583
0b005c01 0b006701 10000 100 51200 1016785 10364 10267
0b001401 0b003901 10000 100 1024 1019490 8202 8164
0b007301 0b005501 10000 100 102400 1011030 23301 12413
0b000301 0b005001 10000 100 204800 1013882 26904 16705
0b000901 0b009201 10000 100 1048576 952716 96117 52077
0b008d01 0b009601 10000 100 5242880 366476 683154 227901
0b006101 0b000401 10000 100 512000 973498 76416 29583
0b009301 0b002101 10000 100 1048576 959815 91516 52077
0b003201 0b006101 10000 100 2097152 960560 100390 96034
0b005c01 0b000f01 10000 100 10240 1045748 15375 8550
0b001701 0b004d01 10001 100 51200 1051127 12380 10267
0b006a01 0b001401 10000 100 1048576 1013798 52158 52077
0b007f01 0b001b01 10000 100 10240 1055708 13353 8550
0b009701 0b003d01 10000 100 2048 1066309 8254 8207
0b003201 0b009501 10000 100 10240 1065877 9525 8550
0b007401 0b008801 10000 100 2097152 790056 293832 96034
0b009801 0b008401 10000 100 10485760 624839 459842 447683
0b009b01 0b000d01 10000 100 10240 1083587 8571 8550
0b007a01 0b008d01 10000 100 512000 1026800 74456 29583
0b007f01 0b007e01 10000 100 1048576 972535 131968 48037
0b000401 0b007701 10000 100 1048576 964245 141182 52077
0b009701 0b006f01 10000 100 5120 1100770 8511 8336
0b001901 0b008401 10000 100 512000 1036671 76398 29583
0b009401 0b006d01 10000 100 102400 1104663 14290 12413
0b007f01 0b006501 10000 100 102400 1058303 60937 12413
0b008801 0b002201 10000 100 102400 1101872 20982 12413
0b005b01 0b001401 10000 100 2048 1117158 8197 8207
0b000901 0b001101 10000 100 20000000 23192 1107455 846520
0b001401 0b005401 10000 100 51200 1101514 29803 10267
0b004901 0b005501 10000 100 2048 1123124 8194 8207
0b009801 0b002a01 10000 100 204800 1112455 19180 16705
0b001401 0b004701 10000 100 102400 1129016 12628 12413
0b000001 0b000701 10000 100 5120 1138356 4341 4296
0b003101 0b000701 10000 100 2048 1135350 8215 8207
0b003b01 0b002001 10000 100 10485760 539354 604465 447683
0b000801 0b008a01 10000 100 5242880 914981 230739 227901
0b000501 0b000201 10000 100 5242880 753647 397912 223861
0b009101 0b007c01 10000 100 10485760 537654 615203 447683
0b004701 0b004f01 10000 100 512000 1055078 99426 25543
0b004501 0b001401 10000 100 204800 1142475 16730 16705
0b004801 0b003001 10000 100 102400 1147728 12680 12413
0b004401 0b005301 10000 100 10240 1153874 8706 8550
0b002a01 0b002c01 10000 100 512000 1102038 68457 25543
0b004901 0b006201 10000 100 51200 1161071 10468 10267
0b009f01 0b009501 10000 100 5120 1163593 14998 4296
0b002801 0b007801 10000 100 51200 1171741 12480 10267
0b008a01 0b000201 10000 100 512000 1155484 29639 29583
0b000501 0b008901 10000 100 5242880 800151 401988 227901
0b000301 0b007f01 10000 100 204800 1184492 22889 16705
0b007601 0b005a01 10000 100 10240 1202121 8801 8550
0b009d01 0b004e01 10000 100 5120 1210951 8323 8336
0b004a01 0b008601 10000 100 5120 1218165 8529 8336
0b004b01 0b007001 10000 100 2048 1218995 8266 8207
0b001101 0b009501 10000 100 1048576 1133401 98856 52077
0b008801 0b001d01 10000 100 20480 1206054 31776 8979
0b009501 0b002101 10000 100 204800 1213744 24962 16705
0b003c01 0b009601 10000 100 102400 1216021 23995 12413
0b009501 0b000301 10000 100 20000000 175233 1070749 846520
0b004601 0b009401 10000 100 512000 1172829 74235 29583
0b000001 0b009a01 10000 100 1024 1239581 8135 8164
0b009301 0b007101 10000 100 1024 1239920 8135 8164
0b007201 0b003e01 10000 100 51200 1231639 16711 10267
0b001a01 0b007101 10000 100 2097152 1145371 103945 96034
0b004e01 0b009d01 10000 100 1024 1241570 8271 8164
0b008001 0b003501 10000 100 204800 1221209 32289 16705
0b007101 0b008501 10000 100 20480 1248923 8951 8979
0b005a01 0b008d01 10000 100 51200 1246502 11515 10267
0b005c01 0b007601 10000 100 20480 1251086 9237 8979
0b008701 0b000101 10000 100 5242880 804479 460215 227901
0b006901 0b004b01 10000 100 102400 1251048 14957 12413
0b009701 0b003401 10000 100 20000000 397352 869543 846520
0b003501 0b005a01 10000 100 20480 1257649 10691 8979
0b000f01 0b004d01 10000 100 2097152 1047938 223204 96034
0b006401 0b006901 10000 100 102400 1258935 12521 8373
0b006701 0b003101 10000 100 10240 1264626 9824 8550
0b004e01 0b004101 10000 100 20480 1273119 7501 4939
0b002301 0b007d01 10000 100 1048576 1226251 58365 52077
0b008201 0b006b01 10000 100 1048576 1231885 53590 52077
0b005501 0b007201 10000 100 20480 1273545 14897 8979
0b000c01 0b000001 10000 100 20000000 68759 1220076 842480
0b004701 0b001701 10000 100 2097152 1100246 189928 96034
0b004501 0b005601 10000 100 20480 1284460 9382 8979
0b009f01 0b007301 10000 100 512000 1206276 88157 29583
0b002d01 0b004601 10000 100 10485760 762668 535288 447683
0b006801 0b004d01 10000 100 1048576 1177227 123271 52077
0b003d01 0b002501 10000 100 2048 1292195 8352 8207
0b001001 0b002701 10000 100 51200 1288375 14549 10267
0b003c01 0b000d01 10000 100 5120 1289201 19581 8336
0b006a01 0b005c01 10000 100 2048 1300909 8227 8207
0b000401 0b002801 10000 100 10485760 408280 908667 447683
0b002b01 0b007401 10000 100 5120 1312166 8518 8336
0b003b01 0b009801 10000 100 1024 1314204 8165 8164
0b007201 0b006a01 10000 100 1048576 1176605 146185 52077
0b002501 0b004801 10000 100 20000000 284258 1041050 846520
0b004301 0b006f01 10000 100 1024 1318935 8231 8164
0b000901 0b001801 10000 100 2097152 1139865 188714 96034
0b000001 0b008b01 10001 100 204800 1324319 16830 16705
0b002201 0b005601 10000 100 1024 1329693 11668 8164
0b003201 0b004101 10000 100 512000 1302219 39438 29583
0b003801 0b001b01 10000 100 2097152 1077241 264811 96034
0b004201 0b004801 10000 100 2097152 1156008 189933 91994
0b001301 0b003f01 10000 100 51200 1349010 12488 10267
0b001101 0b000a01 10000 100 102400 1348117 14125 12413
0b000901 0b006901 10000 100 512000 1307060 55618 29583
0b009401 0b004601 10000 100 2097152 1162237 204532 96034
0b000501 0b005701 10000 100 5120 1359587 8388 8336
0b002f01 0b002601 10000 100 512000 1336734 32606 25543
0b001601 0b003201 10000 100 102400 1357541 12392 12413
0b007001 0b000e01 10000 100 10240 1368875 8919 8550
0b002001 0b001e01 10000 100 10485760 456964 925595 447683
0b006f01 0b001c01 10000 100 1024 1377809 8166 8164
0b005f01 0b005601 10000 100 1048576 1320797 65883 48037
0b002701 0b006a01 10000 100 2097152 1186631 200471 96034
0b000b01 0b003c01 10000 100 10240 1367128 20095 8550
0b006001 0b006a01 10000 100 1048576 1315488 74004 48037
0b006501 0b004901 10000 100 102400 1344403 46626 12413
0b006901 0b002201 10000 100 512000 1346434 45949 29583
0b004e01 0b004901 10001 100 51200 1380078 14755 6227
0b004f01 0b008601 10001 100 1048576 1226965 175557 52077
0b001701 0b009401 10000 100 2097152 1265911 137523 96034
0b000601 0b007d01 10000 100 1024 1395345 8215 8164
0b009401 0b009901 10000 100 2097152 1271266 135812 91994
0b006201 0b003f01 10000 100 51200 1396335 13329 10267
0b008301 0b006e01 10000 100 5120 1402494 8792 8336
0b001401 0b008901 10000 100 102400 1401218 12493 12413
0b004101 0b006601 10000 100 2048 1400219 18765 8207
0b001901 0b001f01 10000 100 512000 1348231 71302 25543
0b001401 0b004201 10000 100 10240 1411916 10971 8550
0b002c01 0b000301 10000 100 1048576 1284835 138162 52077
0b009101 0b000c01 10000 100 2048 1396064 28749 8207
0b000801 0b004f01 10000 100 204800 1362483 62547 16705
0b009f01 0b008901 10000 100 102400 1405701 21399 12413
0b006201 0b004301 10000 100 2097152 1314719 118407 96034
0b007a01 0b002b01 10000 100 5120 1413872 26344 8336
0b005001 0b007a01 10000 100 2097152 1131901 311129 96034
0b006401 0b003901 10000 100 2097152 1238327 206529 96034
0b002c01 0b002701 10000 100 512000 1369998 78165 25543
0b004c01 0b001f01 10000 100 51200 1431806 17113 10267
0b005901 0b004d01 10000 100 10240 1440689 8983 8550
0b002901 0b004501 10000 100 512000 1328036 121881 29583
0b001c01 0b004501 10000 100 204800 1409915 43799 16705
0b002c01 0b001d01 10000 100 512000 1322234 143625 29583
0b008d01 0b009c01 10000 100 2097152 1120864 345683 96034
0b004701 0b007601 10000 100 1048576 1370632 96165 52077
0b001b01 0b003d01 10000 100 51200 1453471 13668 10267
0b001701 0b007101 10000 100 512000 1414590 55976 29583
0b009a01 0b000901 10000 100 1048576 1422932 53158 52077
0b009701 0b000e01 10000 100 102400 1462942 16598 12413
0b001f01 0b006001 10000 100 204800 1460790 19589 16705
0b004e01 0b003d01 10000 100 204800 1429743 51037 16705
0b003a01 0b003c01 10000 100 20000000 350271 1137724 842480
0b006301 0b002501 10000 100 51200 1481508 12241 10267
0b001b01 0b004901 10000 100 51200 1484297 13234 10267
0b005f01 0b002401 10000 100 20480 1494745 9479 8979
0b003701 0b003901 10000 100 20000000 439316 1066334 842480
0b002101 0b007b01 10000 100 512000 1469475 38852 29583
0b007101 0b000f01 10000 100 1048576 1385530 122805 52077
0b006401 0b002301 10000 100 1024 1503344 8226 8164
0b002301 0b007901 10000 100 2097152 1331312 182628 96034
0b002a01 0b004701 10000 100 20480 1504965 9027 8979
0b008301 0b003801 10000 100 512000 1442174 72608 29583
0b008701 0b008901 10000 100 20480 1506776 11514 4939
0b005b01 0b009301 10000 100 51200 1509212 10250 10267
0b008b01 0b007001 10000 100 1048576 1451751 71498 52077
0b003601 0b004f01 10000 100 10485760 397301 1126798 447683
0b004e01 0b009b01 10000 100 1048576 1335023 194908 52077
0b001201 0b006801 10000 100 20000000 423426 1111740 846520
0b009d01 0b003c01 10000 100 204800 1499394 41374 16705
0b008a01 0b007e01 10000 100 204800 1507581 33648 16705
0b009901 0b008201 10000 100 1024 1535836 8171 8164
0b006901 0b004f01 10000 100 5242880 861905 692536 227901
0b003d01 0b009501 10000 100 1048576 1415124 142263 52077
0b001d01 0b008801 10000 100 1024 1509357 48921 8164
0b007f01 0b005401 10000 100 512000 1428339 130496 29583
0b005101 0b005401 10000 100 51200 1518781 41996 6227
0b004201 0b003401 10000 100 102400 1539041 22937 12413
0b003701 0b005d01 10000 100 5120 1555736 8435 8336
0b006501 0b007a01 10000 100 2097152 805371 760764 96034
0b005d01 0b007f01 10000 100 1024 1559234 8169 8164
0b002001 0b004d01 10000 100 20000000 106334 1470940 846520
0b001901 0b000101 10000 100 20000000 189550 1394975 846520
0b000501 0b007401 10000 100 1024 1577657 8152 8164
0b005001 0b002c01 10000 100 10485760 690737 898547 447683
0b008d01 0b001e01 10000 100 10485760 263111 1327199 447683
0b006901 0b009b01 10000 100 204800 1578423 16809 16705
0b003e01 0b007301 10000 100 20000000 138982 1458928 846520
0b002301 0b000401 10000 100 5120 1589303 10466 8336
0b006701 0b004101 10000 100 5242880 938579 662334 227901
0b005901 0b003901 10000 100 102400 1589602 16878 12413
0b009901 0b009201 10000 100 2097152 1488994 120724 91994
0b002901 0b004401 10000 100 10485760 273279 1342937 447683
0b005301 0b005a01 10000 100 2097152 1464968 151538 91994
0b002c01 0b003d01 10000 100 5242880 1142587 474554 227901
0b009c01 0b008a01 10000 100 102400 1595903 25489 12413
0b005b01 0b009201 10000 100 204800 1599705 24983 16705
0b005901 0b000e01 10000 100 10485760 1161651 463377 447683
0b005601 0b005101 10000 100 2097152 1535577 95206 91994
0b007c01 0b003a01 10000 100 102400 1615364 16958 12413
0b008f01 0b002001 10000 100 5242880 973970 659351 227901
0b001f01 0b001d01 10000 100 10485760 470382 1169187 443643
0b003801 0b009c01 10000 100 20480 1636010 10014 8979
0b005501 0b007d01 10000 100 20480 1635303 14087 8979
0b003501 0b004001 10000 100 2097152 1338255 311839 96034
0b001b01 0b008a01 10000 100 5120 1640724 11477 8336
0b006801 0b004201 10000 100 2097152 1502387 149957 96034
0b007f01 0b009801 10000 100 10240 1643612 8921 8550
0b004a01 0b008201 10000 100 102400 1642461 13162 12413
0b007801 0b008801 10000 100 1048576 1518341 137946 52077
0b001a01 0b008101 10000 100 204800 1630949 26465 16705
0b006301 0b001401 10000 100 102400 1611145 47060 12413
0b001001 0b005701 10000 100 20480 1643254 17613 8979
0b002501 0b000301 10000 100 5242880 1043108 620456 227901
0b002b01 0b006601 10000 100 10485760 1006869 658516 447683
0b004801 0b002c01 10000 100 1024 1657033 11410 8164
0b007d01 0b007101 10000 100 102400 1662793 8474 8373
0b002501 0b002001 10000 100 2097152 1402919 268378 91994
0b002b01 0b008401 10000 100 102400 1643017 30171 12413
0b008f01 0b002501 10000 100 5242880 1028384 651539 227901
0b005a01 0b009d01 10000 100 1048576 1621430 59542 52077
0b008701 0b007501 10000 100 5120 1657569 23525 8336
0b001801 0b003201 10000 100 10240 1675089 8538 8550
0b005701 0b002c01 10000 100 10485760 728628 957843 447683
0b008801 0b008201 10000 100 204800 1657978 29776 12665
0b000701 0b007c01 10000 100 10485760 945949 744212 447683
0b003001 0b001101 10000 100 51200 1659232 31894 10267
0b005301 0b000e01 10000 100 2048 1683157 8265 8207
0b004701 0b005e01 10000 100 10485760 1069730 622993 447683
0b002b01 0b008a01 10000 100 512000 1621716 72788 29583
0b007601 0b007d01 10001 100 20480 1689118 5549 4939
0b001c01 0b005601 10000 100 2097152 1421174 277185 96034
0b002901 0b002a01 10000 100 10485760 301598 1404697 443643
0b009801 0b000701 10000 100 102400 1690021 17219 12413
0b003d01 0b009801 10000 100 1048576 1565463 141864 52077
0b009601 0b006501 10000 100 512000 1554526 155025 29583
0b007501 0b003201 10000 100 102400 1693822 16735 12413
0b002e01 0b008d01 10000 100 10485760 927954 782999 447683
0b007801 0b007b01 10000 100 2097152 1512279 199663 91994
0b008801 0b005a01 10000 100 20000000 393717 1326717 846520
0b002301 0b003e01 10000 100 102400 1685057 35458 12413
0b001c01 0b009501 10000 100 20000000 448050 1276274 846520
0b000001 0b002701 10000 100 20480 1713743 10696 8979
0b004b01 0b009f01 10000 100 10485760 1149822 574975 447683
0b003e01 0b007901 10000 100 2048 1704970 21604 8207
0b000601 0b001b01 10000 100 20000000 270862 1459148 846520
0b008f01 0b006401 10000 100 512000 1702287 41058 29583
0b005501 0b001201 10000 100 512000 1691058 53268 29583
0b004e01 0b002301 10000 100 5242880 999539 751105 227901
0b009001 0b001701 10000 100 5242880 1315465 437908 227901
0b001d01 0b006d01 10000 100 10240 1734335 22413 8550
0b003101 0b004b01 10000 100 102400 1743231 14243 12413
0b004001 0b006d01 10000 100 20000000 326255 1440181 846520
0b005701 0b008d01 10000 100 1048576 1610815 156848 52077
0b006e01 0b002001 10000 100 5242880 1147676 620556 227901
0b002901 0b007701 10000 100 5242880 868177 901858 227901
0b009e01 0b005f01 10000 100 512000 1692083 78621 29583
0b002f01 0b002401 10000 100 204800 1733114 38371 12665
0b004201 0b001e01 10000 100 1024 1760353 12683 8164
0b004b01 0b007201 10000 100 51200 1752656 22381 10267
0b005f01 0b008001 10000 100 2048 1766727 8650 8207
0b002d01 0b000001 10000 100 51200 1770127 12560 10267
0b001601 0b005401 10000 100 2097152 1385270 397479 96034
0b004201 0b008601 10000 100 2097152 1499738 285925 96034
0b000d01 0b001101 10000 100 2097152 1532137 254498 96034
0b005e01 0b006601 10000 100 2048 1778992 8279 8207
0b007d01 0b002101 10000 100 5120 1782963 8763 8336
0b001e01 0b003d01 10000 100 5120 1775763 17561 8336
0b002901 0b001401 10000 100 1048576 1588266 208354 52077
0b009101 0b007501 10000 100 1024 1772172 25311 8164
0b002601 0b001001 10000 100 204800 1777397 21955 16705
0b004d01 0b006a01 10000 100 2048 1794674 8344 8207
0b003701 0b004301 10000 100 1048576 1747550 55930 52077
0b003801 0b006801 10000 100 5120 1798502 8734 8336
0b001301 0b005501 10000 100 10485760 1146220 661503 447683
0b000801 0b005f01 10000 100 204800 1788209 25820 16705
0b002601 0b000d01 10000 100 10240 1806817 8672 8550
0b007401 0b005201 10000 100 10485760 606926 1210332 447683
0b003901 0b007d01 10000 100 2097152 1632566 184747 96034
0b004e01 0b005501 10000 100 10485760 698509 1120573 447683
0b000901 0b001901 10000 100 2048 1806223 14683 8207
0b006601 0b005501 10000 100 51200 1798305 23013 10267
0b003c01 0b008001 10000 100 20480 1789388 33665 8979
0b009e01 0b002401 10000 100 5242880 1374404 451345 227901
0b008a01 0b007101 10000 100 512000 1766250 62240 29583
0b006b01 0b008301 10000 100 204800 1781018 48149 16705
0b006401 0b002801 10000 100 204800 1808860 21361 16705
0b007801 0b004901 10000 100 1024 1816188 20081 8164
0b003801 0b000901 10000 100 102400 1816240 20916 12413
0b002801 0b004801 10000 100 5242880 1272378 565612 227901
0b002401 0b004601 10000 100 5242880 1415342 428030 227901
0b003d01 0b009a01 10000 100 204800 1796566 49067 16705
0b007501 0b009401 10000 100 5242880 1560105 286252 227901
0b007101 0b002c01 10000 100 2097152 1727886 118690 96034
0b006c01 0b002201 10000 100 10485760 1036007 810985 447683
0b003c01 0b005c01 10000 100 512000 1745250 105333 29583
0b003a01 0b005b01 10000 100 2048 1846416 8261 8207
0b007f01 0b003301 10000 100 512000 1791400 70803 29583
0b006e01 0b000001 10000 100 5242880 1243968 620544 227901
0b006701 0b007e01 10000 100 20000000 299566 1568695 846520
0b007401 0b006901 10000 100 2048 1860794 8430 8207
0b005701 0b008d01 10001 100 5120 1851620 17873 8336
0b007b01 0b006301 10000 100 2097152 1684186 187842 96034
0b008301 0b005f01 10000 100 204800 1817241 58063 16705
0b005c01 0b005e01 10000 100 512000 1808338 79034 25543
0b003401 0b004b01 10000 100 1024 1880123 8172 8164
0b003601 0b002a01 10000 100 51200 1883459 11911 10267
0b004501 0b001301 10000 100 512000 1861680 43980 29583
0b007501 0b003e01 10000 100 512000 1876445 30642 29583
0b000e01 0b001201 10000 100 1024 1899235 9640 8164
0b008a01 0b000801 10000 100 51200 1894463 14517 10267
0b005401 0b000801 10000 100 2097152 1591799 317188 96034
0b001501 0b001d01 10000 100 204800 1866330 43608 12665
0b009801 0b008601 10000 100 2048 1904429 8300 8207
0b004f01 0b008101 10000 100 1048576 1817023 98218 52077
0b001801 0b003c01 10000 100 2097152 1577838 339946 96034
0b004501 0b008201 10000 100 20480 1907957 10058 8979
0b004c01 0b001a01 10000 100 5242880 1154501 764554 227901
0b009501 0b006b01 10000 100 102400 1911771 12550 12413
0b004101 0b000701 10001 100 5120 1916542 8842 8336
0b006601 0b004a01 10000 100 20000000 786635 1146659 846520
0b005c01 0b003d01 10000 100 512000 1851245 83759 29583
0b007b01 0b008701 10000 100 20000000 38306 1900978 846520
0b006301 0b008901 10000 100 51200 1926430 13050 10267
0b005a01 0b002b01 10000 100 1048576 1888345 53285 52077
0b007101 0b007e01 10000 100 2048 1940873 4248 4167
0b007c01 0b004501 10000 100 10485760 1386470 566097 447683
0b009301 0b002101 10001 100 512000 1904290 49865 29583
0b006701 0b005601 10000 100 10485760 944000 1013856 447683
0b001301 0b001b01 10000 100 204800 1940791 18966 12665
0b000401 0b000c01 10000 100 20000000 344879 1618678 842480
0b001301 0b007801 10000 100 20480 1955887 14538 8979
0b001901 0b001b01 10000 100 10485760 942269 1029844 443643
0b006501 0b007e01 10000 100 20480 1929942 43727 8979
0b001801 0b007901 10000 100 2097152 1693173 280606 96034
0b005c01 0b003f01 10000 100 10240 1970216 9624 8550
0b003d01 0b007a01 10000 100 20000000 12095 1970947 846520
0b004a01 0b007c01 10000 100 20480 1974430 10698 8979
0b002701 0b007101 10000 100 51200 1967467 19126 10267
0b006301 0b006501 10000 100 10485760 299476 1687799 443643
0b009701 0b002c01 10000 100 5120 1980336 8404 8336
0b009f01 0b007301 10001 100 102400 1968020 21182 12413
0b000901 0b007901 10000 100 10485760 1059126 930398 447683
0b001d01 0b000c01 10000 100 51200 1971066 24726 10267
0b004001 0b009f01 10000 100 2097152 1729396 268470 96034
0b003301 0b004001 10000 100 512000 1890685 107264 29583
0b002d01 0b009601 10000 100 1048576 1905673 94824 52077
0b007e01 0b009201 10000 100 1048576 1847775 154107 52077
0b001d01 0b009001 10000 100 2097152 1700820 307466 96034
0b003101 0b003e01 10000 100 1048576 1958552 50031 48037
0b000001 0b002801 10000 100 5242880 1554774 455077 227901
0b008501 0b005901 10000 100 102400 1999916 15492 12413
0b004f01 0b007801 10000 100 2048 2006243 9687 8207
0b006101 0b006901 10000 100 5242880 1180908 836820 223861
0b008801 0b009301 10000 100 204800 2004815 20050 16705
0b006701 0b006d01 10000 100 512000 2005761 26040 25543
0b006101 0b002501 10000 100 10485760 822994 1215627 447683
0b003701 0b004301 10001 100 1048576 1979404 59769 52077
0b008001 0b004d01 10000 100 51200 2017091 23788 10267
0b004e01 0b007501 10000 100 2048 2033437 8278 8207
0b006201 0b007d01 10000 100 102400 1998343 46295 12413
0b007701 0b000f01 10000 100 1048576 1772818 273685 52077
0b006701 0b001801 10000 100 20480 2040441 8983 8979
0b001f01 0b001301 10000 100 1048576 1940614 109504 48037
0b009401 0b004d01 10000 100 20480 2039397 10822 8979
0b001001 0b001a01 10000 100 20000000 714788 1336002 842480
0b005e01 0b005d01 10000 100 10485760 1604844 448736 443643
0b005401 0b005e01 10000 100 204800 2026210 30607 12665
0b005601 0b008c01 10000 100 1048576 2008129 52209 52077
0b006001 0b000601 10000 100 1048576 1924516 136429 52077
0b004c01 0b004501 10000 100 512000 1982292 80033 25543
0b008201 0b005c01 10000 100 5242880 1829731 239083 227901
0b009301 0b005001 10000 100 102400 2044974 26457 12413
0b008e01 0b001801 10000 100 10240 2063939 8938 8550
0b002001 0b001b01 10000 100 204800 2048771 26103 16705
0b000801 0b001e01 10000 100 51200 2066830 12366 10267
0b003301 0b004c01 10000 100 2097152 1679621 401256 96034
0b005001 0b001001 10000 100 5242880 1769713 312541 227901
0b007d01 0b008e01 10000 100 1048576 1998482 90337 52077
0b008d01 0b000f01 10000 100 1048576 1832192 257564 52077
0b001001 0b004301 10000 100 512000 2027694 63400 29583
0b003801 0b001801 10000 100 51200 2075588 16669 10267
0b001b01 0b004601 10000 100 10485760 1171886 921186 447683
0b002801 0b001901 10000 100 20000000 573628 1521925 846520
0b005301 0b005d01 10000 100 512000 2071033 26081 25543
0b009f01 0b001e01 10000 100 5120 2085707 12614 8336
0b002a01 0b006801 10000 100 102400 2084114 16906 12413
0b004901 0b009501 10000 100 2097152 1807770 293820 96034
0b004d01 0b003901 10000 100 1024 2093694 8204 8164
0b007801 0b008701 10000 100 5242880 1522897 579994 227901
0b000d01 0b009401 10000 100 1048576 1956937 149410 52077
0b005201 0b001401 10000 100 204800 2045601 65894 16705
0b006301 0b004101 10000 100 5242880 1834396 278776 227901
0b004d01 0b003c01 10000 100 204800 2061154 56495 16705
0b003f01 0b009301 10000 100 512000 2048978 69832 29583
0b002201 0b002e01 10000 100 512000 2057270 68801 25543
0b001601 0b004f01 10000 100 2097152 1937963 188657 96034
0b003501 0b002301 10000 100 2097152 1826095 302380 96034
0b003f01 0b007b01 10000 100 20480 2113232 15243 8979
0b002c01 0b008201 10000 100 5242880 1851959 279311 227901
0b006501 0b001601 10000 100 2097152 1741226 391729 96034
0b006001 0b009401 10000 100 1048576 2042475 91704 52077
0b000301 0b007501 10000 100 10240 2124706 9530 8550
0b005801 0b001201 10000 100 512000 2084248 50952 29583
0b000801 0b000501 10000 100 1048576 2092122 50056 48037
0b002f01 0b002701 10000 100 2048 2139649 5259 4167
0b006701 0b006201 10000 100 51200 2100982 44376 6227
0b001001 0b000d01 10000 100 5120 2138227 8446 8336
0b002101 0b009701 10000 100 51200 2137304 10976 10267
0b006b01 0b008f01 10000 100 512000 2098237 50747 29583
0b001d01 0b007401 10000 100 102400 2122634 27944 12413
0b009601 0b006601 10000 100 5120 2143664 8542 8336
0b006d01 0b006001 10000 100 5120 2152068 4355 4296
0b005e01 0b005c01 10000 100 1048576 2094378 62898 48037
0b007f01 0b004001 10000 100 20000000 484737 1675058 846520
0b003201 0b002801 10000 100 2048 2155030 8231 8207
0b002301 0b007901 10001 100 1048576 2018063 149165 52077
0b000101 0b006001 10000 100 2048 2159237 8180 8207
0b005e01 0b008101 10000 100 512000 2123573 45170 29583
0b002c01 0b008d01 10000 100 10240 2163991 8825 8550
0b007b01 0b001401 10000 100 512000 2039095 137075 29583
0b003f01 0b008e01 10000 100 102400 2157010 19357 12413
0b007901 0b004001 10000 100 10485760 836799 1342234 447683
0b003c01 0b008501 10000 100 102400 2154339 29208 12413
0b007e01 0b005301 10000 100 20000000 347309 1837257 846520
0b001b01 0b001001 10000 100 204800 2171683 14968 12665
0b001601 0b004b01 10000 100 1048576 2088866 98954 52077
0b007401 0b007a01 10000 100 20000000 47697 2146035 842480
0b009001 0b006501 10000 100 20480 2156902 39967 8979
0b002301 0b008c01 10000 100 102400 2179069 19697 12413
0b000801 0b003801 10000 100 1024 2192080 8176 8164
0b006201 0b004601 10000 100 51200 2162298 38410 10267
0b001501 0b004101 10000 100 2048 2194825 8308 8207
0b009201 0b004d01 10000 100 10240 2195615 8942 8550
0b004f01 0b005f01 10000 100 51200 2193230 15388 10267
0b009801 0b004401 10000 100 5242880 1642002 567565 227901
0b003301 0b006101 10000 100 1048576 2071287 139268 52077
0b006801 0b002801 10000 100 204800 2192846 18908 16705
0b000201 0b006101 10000 100 51200 2181231 31087 10267
0b004a01 0b005401 10000 100 10485760 794263 1419220 447683
0b004f01 0b001101 10000 100 102400 2199490 17190 12413
0b003f01 0b004901 10000 100 2097152 1883349 334820 96034
0b009e01 0b009401 10000 100 5120 2218771 4397 4296
0b000001 0b004701 10000 100 10485760 1552283 675364 447683
0b007901 0b007501 10000 100 1048576 2179402 50153 48037
0b002801 0b009601 10000 100 2097152 2096301 138603 96034
0b002201 0b004201 10000 100 102400 2224778 12573 12413
0b004101 0b006001 10000 100 204800 2205529 33889 16705
0b007d01 0b000601 10000 100 5120 2198895 41220 8336
0b006301 0b004501 10000 100 10240 2241994 8566 8550
0b008701 0b007d01 10000 100 1048576 2082149 169634 52077
0b000c01 0b005001 10000 100 2048 2245579 8288 8207
0b005f01 0b002601 10000 100 2097152 2061916 196428 96034
0b001601 0b001f01 10000 100 5242880 1801454 457681 223861
0b008d01 0b009801 10000 100 1048576 2122647 139698 52077
0b007a01 0b005401 10000 100 1048576 2127294 137087 52077
0b007101 0b006a01 10000 100 204800 2248964 27722 16705
0b004801 0b007001 10000 100 1048576 2127066 152182 52077
0b007e01 0b008f01 10000 100 20000000 385884 1895300 846520
0b008f01 0b004401 10000 100 2097152 2031537 249720 96034
0b000301 0b008f01 10000 100 1048576 2182191 101149 52077
0b004201 0b001501 10000 100 20000000 497096 1788825 846520
0b001801 0b007401 10000 100 204800 2252431 34489 16705
0b000a01 0b007101 10000 100 10485760 1755788 534896 447683
0b002c01 0b009901 10000 100 512000 2244823 50031 29583
0b008501 0b003401 10000 100 1048576 2232154 63358 52077
0b008001 0b006801 10000 100 2097152 1959807 336872 96034
0b009f01 0b005001 10000 100 20000000 795558 1503312 846520
0b003501 0b004901 10000 100 10485760 1157688 1142263 447683
0b007201 0b001701 10000 100 1048576 2102769 200590 52077
0b003b01 0b005401 10000 100 10485760 720132 1592663 447683
0b003901 0b002701 10000 100 20000000 1225876 1094265 846520
0b004d01 0b001701 10000 100 20000000 679661 1658741 846520
0b008301 0b009001 10000 100 20000000 815984 1528666 846520
0b008d01 0b005901 10000 100 20000000 228327 2117129 846520
0b004601 0b009001 10000 100 2097152 2158629 190033 96034
0b005201 0b004401 10000 100 10485760 1549239 803428 447683
0b005f01 0b005501 10000 100 10485760 1781898 578448 443643
0b006801 0b000f01 10000 100 2097152 1953481 410416 96034
0b003e01 0b005f01 10000 100 20000000 1261205 1107389 846520
0b001b01 0b006201 10000 100 5242880 1703218 668661 227901
0b006e01 0b002d01 10000 100 20000000 956819 1415195 846520
0b004001 0b000601 10000 100 2097152 2122782 250768 96034
0b005a01 0b002b01 10001 100 2097152 2220521 156904 96034
0b003f01 0b006c01 10000 100 20000000 1395329 987819 846520
0b003501 0b000c01 10000 100 20000000 635111 1752639 846520
0b006f01 0b009d01 10000 100 10485760 1790389 607938 447683
0b008f01 0b001301 10000 100 2097152 2211293 191961 96034
0b001701 0b007901 10000 100 10485760 1506486 905290 447683
0b006901 0b007801 10000 100 5242880 2041102 372676 227901
0b001e01 0b003301 10000 100 10485760 1404574 1015787 447683
0b008f01 0b000f01 10000 100 20000000 202713 2222714 846520
0b007401 0b001901 10000 100 10485760 1193882 1239474 447683
0b008301 0b009401 10000 100 5242880 1721766 715368 227901
0b004d01 0b007301 10000 100 20000000 775631 1663638 846520
0b006b01 0b007201 10000 100 10485760 1550111 915978 447683
0b008d01 0b002301 10000 100 10485760 1190239 1295057 447683
0b000c01 0b009401 10000 100 5242880 2221537 301951 227901
0b008801 0b008901 10000 100 5242880 2083362 444155 223861
0b003d01 0b001201 10000 100 20000000 1143593 1397627 846520
0b001601 0b006101 10000 100 2097152 2170281 371234 96034
0b002001 0b000301 10000 100 20000000 1388336 1159493 846520
0b009301 0b001601 10000 100 5242880 2003669 545818 227901
0b008001 0b001101 10000 100 10485760 1352838 1203925 447683
0b009201 0b003301 10000 100 20000000 1277727 1326728 846520
0b006d01 0b007201 10000 100 20000000 1245159 1367667 846520
0b009001 0b005b01 10000 100 20000000 1549894 1066090 846520
0b002001 0b007501 10000 100 5242880 2220666 397685 227901
0b009f01 0b001301 10001 100 20000000 1107668 1515288 846520
0b009601 0b008001 10000 100 10485760 1933089 711650 447683
0b008801 0b004c01 10000 100 20000000 760916 1888862 846520
0b004201 0b002301 10000 100 10485760 1629739 1031502 447683
0b004e01 0b004901 10000 100 20000000 755093 1908113 842480
0b004101 0b002e01 10000 100 20000000 1080882 1619092 846520
0b003801 0b009e01 10000 100 20000000 1320980 1379424 846520
0b004f01 0b008601 10000 100 20000000 1200179 1501861 846520
0b002b01 0b007101 10000 100 5242880 2182886 538041 227901
0b002b01 0b008301 10000 100 10485760 1621276 1105356 447683
0b002701 0b001501 10000 100 20000000 1138441 1590084 846520
0b002701 0b003901 10000 100 10485760 1784512 946567 447683
0b004101 0b004f01 10000 100 20000000 915621 1815471 842480
0b008a01 0b000701 10000 100 10485760 1799234 937593 447683
0b009c01 0b008b01 10000 100 10485760 1479166 1298326 447683
0b002601 0b004001 10000 100 20000000 1529111 1274683 846520
0b001001 0b001d01 10000 100 20000000 769909 2095833 842480
0b008001 0b000601 10000 100 20000000 984534 1898433 846520
0b002e01 0b005201 10000 100 20000000 1108959 1787106 846520
0b004801 0b002601 10000 100 20000000 1394482 1501620 846520
0b008a01 0b006201 10000 100 20000000 1238457 1687467 846520
0b000501 0b004301 10000 100 20000000 2067092 858979 846520
0b001c01 0b009a01 10000 100 20000000 1153865 1780174 846520
0b002501 0b000b01 10000 100 20000000 1094839 1843343 846520
0b004c01 0b007b01 10000 100 20000000 845409 2095777 846520
0b000f01 0b001101 10000 100 20000000 572121 2375180 846520
0b009c01 0b007e01 10000 100 20000000 907498 2051722 846520
0b008e01 0b008301 10000 100 20000000 1629246 1340388 842480
0b007201 0b007601 10000 100 20000000 860721 2125127 842480
0b006a01 0b000f01 10000 100 10485760 1618354 1381767 447683
0b005b01 0b007f01 10000 100 20000000 1989144 1019434 846520
0b006c01 0b000f01 10000 100 20000000 807726 2209805 846520
0b003001 0b005401 10000 100 20000000 518794 2505075 846520
0b007401 0b005101 10000 100 20000000 1683762 1341452 846520
0b008a01 0b002b01 10000 100 10485760 2189295 841633 447683
0b008301 0b006601 10000 100 20000000 1248505 1818183 846520
0b002d01 0b005701 10000 100 20000000 1499223 1576166 846520
0b001201 0b003c01 10000 100 20000000 952516 2134566 846520
0b001101 0b000a01 10001 100 20000000 2224368 862839 846520
0b005701 0b001f01 10000 100 20000000 1000325 2092616 846520
0b004a01 0b002e01 10000 100 20000000 1814602 1302236 846520
0b005101 0b006f01 10000 100 20000000 2132707 988908 846520
0b003801 0b007601 10000 100 20000000 1660971 1461489 846520
0b009401 0b000601 10000 100 20000000 1628829 1496004 846520
0b005701 0b003c01 10000 100 10485760 1600634 1525201 447683
0b007b01 0b006201 10000 100 5242880 1981468 1159878 227901
0b000601 0b008701 10000 100 20000000 1046115 2116538 846520
0b007201 0b004c01 10000 100 20000000 801132 2370432 846520
0b004901 0b009a01 10000 100 20000000 1652772 1570513 846520
0b000701 0b009101 10000 100 20000000 911722 2324307 846520
0b004801 0b005701 10000 100 20000000 1623358 1619639 846520
0b006701 0b005201 10000 100 20000000 2098364 1169247 846520
0b002501 0b001a01 10000 100 20000000 1937101 1361281 846520
0b006101 0b000f01 10000 100 5242880 2171047 1147375 227901
0b003a01 0b001f01 10000 100 20000000 1969802 1352885 846520
0b009c01 0b000101 10000 100 20000000 1586652 1741738 846520
0b001c01 0b002a01 10000 100 20000000 2032821 1298510 846520
0b002901 0b009101 10000 100 20000000 647128 2693913 846520
0b008601 0b003b01 10000 100 10485760 1927768 1414375 447683
0b000d01 0b001e01 10000 100 20000000 1634632 1708099 846520
0b002c01 0b007b01 10000 100 20000000 2057211 1288381 846520
0b001901 0b008701 10000 100 20000000 1966128 1384667 846520
0b000301 0b009101 10000 100 20000000 1040059 2352643 846520
0b008501 0b001d01 10000 100 10485760 1499233 1906605 447683
0b009b01 0b000b01 10000 100 20000000 1707149 1702800 846520
0b007301 0b003601 10000 100 20000000 1927178 1492901 846520
0b009b01 0b007701 10000 100 20000000 1734447 1686312 846520
0b003201 0b007701 10000 100 20000000 1722344 1700851 846520
0b000b01 0b003601 10000 100 20000000 1621248 1801981 846520
0b002f01 0b008001 10000 100 20000000 1351152 2083237 846520
0b009301 0b001e01 10000 100 20000000 1694549 1741040 846520
0b007101 0b006101 10000 100 10485760 2102263 1390239 447683
0b003c01 0b001d01 10000 100 5242880 1498048 2034415 227901
0b006101 0b009201 10000 100 20000000 929000 2620808 846520
0b009301 0b006101 10000 100 10485760 2180900 1377116 447683
0b002a01 0b007d01 10000 100 20000000 1841434 1718110 846520
0b009e01 0b003b01 10000 100 20000000 1411726 2163161 846520
0b007f01 0b007d01 10000 100 20000000 1997846 1580910 842480
0b008001 0b001d01 10000 100 20000000 341515 3272904 846520
0b001e01 0b009001 10000 100 20000000 2198905 1439304 846520
0b003001 0b006101 10000 100 20000000 1268515 2385959 846520
0b002801 0b003b01 10000 100 20000000 1503702 2192396 846520
0b006101 0b009c01 10000 100 20000000 1382830 2347863 846520
0b004c01 0b002301 10000 100 20000000 824926 2941952 846520
0b000201 0b001401 10000 100 20000000 1411593 2389637 846520
0b002f01 0b001901 10000 100 20000000 1505369 2308994 846520
0b003301 0b006201 10000 100 20000000 2028177 1827443 846520
0b003b01 0b002501 10000 100 20000000 2061390 1814805 846520
0b002f01 0b008601 10000 100 20000000 1727203 2173470 846520
0b006201 0b004c01 10000 100 10485760 1531849 2390346 447683
0b004b01 0b004801 10000 100 10485760 2176299 1765712 443643
0b000d01 0b001401 10000 100 20000000 1505005 2443771 846520
0b005c01 0b002801 10000 100 10485760 2197052 1762076 447683
0b007201 0b001401 10000 100 20000000 1384863 2624771 846520
0b003001 0b007c01 10000 100 20000000 1645259 2485772 846520
0b003001 0b004901 10000 100 20000000 2100054 2189695 846520
0b005c01 0b005001 10000 100 20000000 1607741 2764591 842480
0b004b01 0b003c01 10000 100 20000000 1392157 2996588 846520
0b005c01 0b005801 10000 100 20000000 1754769 2800893 842480
0b004b01 0b007801 10000 100 20000000 1857135 2761476 846520
0b004b01 0b009201 10000 100 20000000 1939580 2736991 846520
0b005c01 0b006201 10000 100 20000000 1990065 2698371 846520
0b005801 0b006501 10000 100 20000000 25994 4697886 846520
0b002b01 0b001d01 10000 100 20000000 1423353 3372896 846520
0b006501 0b000901 10000 100 20000000 1842232 3489288 846520
0b007f01 0b006501 10001 100 20000000 1866154 3491448 846520
0b006501 0b002d01 10000 100 20000000 1915793 3494935 846520
0b004201 0b006501 10000 100 20000000 1517506 4005630 846520
0b005101 0b006501 10000 100 20000000 241318 5525376 846520
0b007b01 0b006501 10000 100 20000000 860344 5375532 846520
0b003701 0b006501 10000 100 20000000 931686 5419074 846520
0b007c01 0b006501 10000 100 20000000 1235456 5364409 846520
