0b003301 0b000101 10000 100 10000000 2000000000 46113382 1242600
0b003401 0b000101 10000 100 10000000 2000000000 46113718 1242600
0b001401 0b000101 10000 100 10000000 2000000000 46484578 1242600
0b003101 0b000101 10000 100 10000000 2000000000 46484998 1242600
0b001e01 0b000101 10000 100 10000000 2000000000 46485334 1242600
0b003801 0b000101 10000 100 10000000 2000000000 46485670 1242600
0b004001 0b000101 10000 100 10000000 2000000000 46523204 1246640
0b004101 0b000101 10000 100 10000000 2000000000 46605776 1246640
0b002201 0b000101 10000 100 10000000 2000000000 47543650 1242600
0b002701 0b000101 10000 100 10000000 2000000000 47544322 1242600
0b002a01 0b000101 10000 100 10000000 2000000000 47544994 1242600
0b001001 0b000101 10000 100 10000000 2000000000 48435058 1242600
0b001101 0b000101 10000 100 10000000 2000000000 48435394 1242600
0b001601 0b000101 10000 100 10000000 2000000000 48435730 1242600
0b001701 0b000101 10000 100 10000000 2000000000 48436066 1242600
0b002301 0b000101 10000 100 10000000 2000000000 49151158 1242600
0b002601 0b000101 10000 100 10000000 2000000000 49151410 1242600
0b002801 0b000101 10000 100 10000000 2000000000 49151662 1242600
0b002001 0b000101 10000 100 10000000 2000000000 49639870 1242600
0b002101 0b000101 10000 100 10000000 2000000000 49640122 1242600
0b002501 0b000101 10000 100 10000000 2000000000 49640374 1242600
0b002c01 0b000101 10000 100 10000000 2000000000 49640626 1242600
0b002e01 0b000101 10000 100 10000000 2000000000 49640878 1242600
0b001201 0b000101 10000 100 10000000 2000000000 51901990 1242600
0b001901 0b000101 10000 100 10000000 2000000000 51902494 1242600
0b001a01 0b000101 10000 100 10000000 2000000000 51902998 1242600
0b001b01 0b000101 10000 100 10000000 2000000000 51903502 1242600
0b003001 0b000101 10000 100 10000000 2000000000 53556118 1242600
0b003501 0b000101 10000 100 10000000 2000000000 53556454 1242600
0b003601 0b000101 10000 100 10000000 2000000000 53556790 1242600
0b003a01 0b000101 10000 100 10000000 2000000000 53557126 1242600
0b001301 0b000101 10000 100 10000000 2000000000 53557294 1242600
0b003d01 0b000101 10000 100 10000000 2000000000 53557462 1242600
0b001501 0b000101 10000 100 10000000 2000000000 53557630 1242600
0b003e01 0b000101 10000 100 10000000 2000000000 53557798 1242600
0b001801 0b000101 10000 100 10000000 2000000000 53557966 1242600
0b001c01 0b000101 10000 100 10000000 2000000000 53558218 1242600
0b001d01 0b000101 10000 100 10000000 2000000000 53558470 1242600
0b001f01 0b000101 10000 100 10000000 2000000000 53558638 1242600
0b002401 0b000101 10000 100 10000000 2000000000 53601142 1242600
0b002901 0b000101 10000 100 10000000 2000000000 53601310 1242600
0b002b01 0b000101 10000 100 10000000 2000000000 53601478 1242600
0b002d01 0b000101 10000 100 10000000 2000000000 53601646 1242600
0b002f01 0b000101 10000 100 10000000 2000000000 53601814 1242600
0b003201 0b000101 10000 100 10000000 2000000000 54012910 1242600
0b003701 0b000101 10000 100 10000000 2000000000 54012994 1242600
0b003901 0b000101 10000 100 10000000 2000000000 54013078 1242600
0b003b01 0b000101 10000 100 10000000 2000000000 54013162 1242600
0b003c01 0b000101 10000 100 10000000 2000000000 54013246 1242600
0b003f01 0b000101 10000 100 10000000 2000000000 54013330 1242600
0b000201 0b000101 10000 100 10000000 2000000000 54158076 1238560
0b000301 0b000101 10000 100 10000000 2000000000 54158160 1238560
0b000401 0b000101 10000 100 10000000 2000000000 54158244 1238560
0b000501 0b000101 10000 100 10000000 2000000000 54159252 1238560
0b000601 0b000101 10000 100 10000000 2000000000 54159336 1238560
0b000701 0b000101 10000 100 10000000 2000000000 54159420 1238560
0b000801 0b000101 10000 100 10000000 2000000000 54159504 1238560
0b000901 0b000101 10000 100 10000000 2000000000 54159588 1238560
0b000a01 0b000101 10000 100 10000000 2000000000 54159672 1238560
0b000b01 0b000101 10000 100 10000000 2000000000 54159756 1238560
0b000c01 0b000101 10000 100 10000000 2000000000 54159840 1238560
0b000d01 0b000101 10000 100 10000000 2000000000 54159924 1238560
0b000e01 0b000101 10000 100 10000000 2000000000 54160008 1238560
0b000f01 0b000101 10000 100 10000000 2000000000 54160092 1238560
