0b006701 0b006901 10000 100 1000 221 4088 4121
0b002701 0b002201 10000 100 1000 2493 4956 4121
0b005801 0b005101 10000 100 2000 3367 4130 4163
0b008901 0b002b01 10000 100 1000 550 8132 8161
0b005901 0b000501 10000 100 10000 420 8510 8539
0b001401 0b008a01 10000 100 20000 13 9095 8958
0b003f01 0b000801 10000 100 1000 1041 8132 8161
0b001401 0b008401 10000 100 10000 704 8673 8539
0b002901 0b002701 10000 100 100000 407 9088 8272
0b007101 0b009b01 10000 100 1000 1427 8145 8161
0b009d01 0b001701 10000 100 10000 703 8922 8539
0b004801 0b003f01 10000 100 5000 1338 8300 8329
0b002501 0b002901 10000 100 5000 5499 4465 4289
0b007201 0b002801 10000 100 2000 1873 8174 8203
0b005c01 0b009801 10000 100 5000 1982 8339 8329
0b005d01 0b006701 10000 100 1000 2341 8132 8161
0b008301 0b002701 10000 100 20000 883 9730 8958
0b006301 0b001d01 10000 100 20000 855 9783 8958
0b003501 0b008101 10000 100 20000 1785 8930 8958
0b005501 0b002801 10000 100 1000 3282 8132 8161
0b008601 0b004c01 10000 100 1000 3286 8166 8161
0b009e01 0b006301 10000 100 1000 3375 8153 8161
0b008901 0b009e01 10000 100 5000 3326 8300 8329
0b003e01 0b003b01 10000 100 1000 7545 4093 4121
0b003a01 0b009301 10000 100 10000 3305 8552 8539
0b009801 0b008001 10000 100 5000 3439 8506 8329
0b000201 0b005701 10000 100 1000 3845 8168 8161
0b007c01 0b008c01 10000 100 5000 3725 8319 8329
0b001c01 0b002101 10000 100 50000 1936 10190 10216
0b001e01 0b002e01 10000 100 5000 3856 8313 8329
0b000d01 0b000f01 10000 100 5000 7772 4454 4289
0b001b01 0b005e01 10000 100 5000 4066 8341 8329
0b005601 0b003c01 10000 100 50000 2364 10190 10216
0b007501 0b009d01 10000 100 50000 2419 10190 10216
0b002301 0b006401 10000 100 1000 4602 8166 8161
0b003b01 0b006001 10000 100 100000 655 12290 12312
0b003501 0b001c01 10000 100 10000 4439 8527 8539
0b003301 0b007101 10000 100 100000 1019 12329 12312
0b006801 0b006401 10000 100 5000 9095 4454 4289
0b006f01 0b008001 10000 100 1000 5485 8142 8161
0b006301 0b001b01 10000 100 100000 608 13130 12312
0b003c01 0b004201 10000 100 10000 5515 8510 8539
0b003701 0b003401 10000 100 200000 1530 12533 12464
0b000e01 0b006b01 10000 100 5000 5906 8330 8329
0b003e01 0b003701 10000 100 20000 9574 4924 4918
0b004c01 0b006501 10000 100 100000 2241 12295 12312
0b007401 0b003e01 10000 100 1000 6557 8133 8161
0b004401 0b007f01 10000 100 1000 6520 8183 8161
0b004601 0b006e01 10000 100 10000 5824 8986 8539
0b006501 0b002a01 10000 100 1000 6787 8154 8161
0b006301 0b008c01 10000 100 5000 6784 8326 8329
0b009301 0b000701 10000 100 20000 5267 9917 8958
0b009301 0b005601 10000 100 50000 4622 11095 10216
0b001201 0b007101 10000 100 5000 7419 8333 8329
0b002d01 0b000701 10000 100 20000 6677 9081 8958
0b002001 0b005c01 10000 100 1000 7637 8140 8161
0b007601 0b003001 10000 100 1000 7594 8204 8161
0b003f01 0b008d01 10000 100 20000 6950 8930 8958
0b003801 0b006001 10000 100 10000 7375 8526 8539
0b004101 0b003a01 10000 100 10000 7420 8544 8539
0b004e01 0b004701 10000 100 1000 11862 4104 4121
0b009601 0b004a01 10000 100 10000 7475 8577 8539
0b000e01 0b005901 10000 100 5000 7628 8477 8329
0b007c01 0b009c01 10000 100 10000 7615 8510 8539
0b004601 0b006701 10000 100 100000 3268 12878 12312
0b007801 0b006501 10000 100 20000 6523 9748 8958
0b006201 0b000901 10000 100 50000 5990 10437 10216
0b009701 0b006a01 10000 100 2000 8119 8310 8203
0b001001 0b003601 10000 100 10000 7568 8921 8539
0b003901 0b008b01 10000 100 20000 7704 8942 8958
0b005101 0b004701 10000 100 1000 8649 8161 8161
0b001f01 0b007101 10000 100 20000 8239 8944 8958
0b008f01 0b008601 10000 100 20000 11861 5461 4918
0b003e01 0b000c01 10000 100 200000 956 16540 16504
0b009001 0b002101 10000 100 100000 5411 12290 12312
0b003901 0b003a01 10000 100 5000 13614 4256 4289
0b007701 0b003801 10000 100 10000 8792 9275 8539
0b005e01 0b000e01 10000 100 5000 9540 8705 8329
0b007c01 0b006c01 10000 100 5000 10134 8300 8329
0b002101 0b009f01 10000 100 10000 10300 8528 8539
0b007701 0b009901 10000 100 20000 7972 10996 8958
0b008001 0b001101 10000 100 2000 10751 8226 8203
0b006801 0b004101 10000 100 100000 6521 12540 12312
0b000201 0b007401 10000 100 1000 10915 8157 8161
0b004701 0b006b01 10000 100 50000 8860 10215 10216
0b003701 0b008201 10000 100 20000 9846 9238 8958
0b008901 0b000201 10000 100 1000 11076 8148 8161
0b004401 0b004001 10000 100 100000 10990 8259 8272
0b001f01 0b008301 10000 100 1000 11247 8147 8161
0b003701 0b002101 10000 100 20000 10556 9188 8958
0b008701 0b001701 10000 100 5000 10610 9352 8329
0b008b01 0b009801 10000 100 5000 11743 8347 8329
0b004f01 0b001301 10000 100 20000 10651 9555 8958
0b003b01 0b001201 10000 100 2000 12102 8218 8203
0b004201 0b006901 10000 100 10000 11413 8918 8539
0b001d01 0b005001 10000 100 100000 4643 15719 12312
0b002601 0b001401 10000 100 1000 11839 8559 8161
0b008f01 0b001f01 10000 100 100000 7886 12553 12312
0b009001 0b009c01 10000 100 5000 16370 4256 4289
0b007801 0b004601 10000 100 200000 1125 19769 16504
0b003001 0b000901 10000 100 1000 13372 8204 8161
0b005d01 0b006601 10000 100 1000 13967 8276 8161
0b003301 0b003601 10000 100 5000 18068 4494 4289
0b003001 0b008201 10000 100 20000 12863 9810 8958
0b009e01 0b004e01 10000 100 20000 13013 9799 8958
0b008701 0b006401 10000 100 1000 14851 8149 8161
0b003a01 0b005201 10000 100 5000 14596 8702 8329
0b000d01 0b005a01 10000 100 5000 14843 8696 8329
0b008e01 0b000101 10000 100 100000 8555 15078 12312
0b009001 0b007f01 10000 100 20000 13913 9927 8958
0b000d01 0b009301 10000 100 10000 14770 9109 8539
0b001d01 0b002701 10000 100 100000 10454 13552 12312
0b003101 0b000601 10000 100 50000 10859 13370 10216
0b005f01 0b004601 10000 100 20000 15457 8930 8958
0b002f01 0b006701 10000 100 10000 16111 8547 8539
0b001a01 0b004301 10000 100 50000 13845 10824 10216
0b005201 0b000a01 10000 100 5000 15965 8770 8329
0b001301 0b009a01 10000 100 5000 16435 8308 8329
0b008101 0b000801 10000 100 2000 16580 8230 8203
0b004e01 0b005301 10000 100 10000 14974 9938 8539
0b006e01 0b000101 10000 100 100000 9568 15477 12312
0b002b01 0b008601 10000 100 20000 15724 9356 8958
0b009b01 0b003d01 10000 100 200000 7661 17478 16504
0b006a01 0b001d01 10000 100 200000 4822 20343 16504
0b000601 0b009401 10000 100 50000 10449 15085 10216
0b000b01 0b004f01 10000 100 5000 17235 8333 8329
0b007401 0b002901 10000 100 1000 17116 8509 8161
0b003101 0b009401 10000 100 50000 14684 10951 10216
0b001b01 0b005e01 10001 100 50000 12652 13483 10216
0b005f01 0b005901 10000 100 20000 21311 4886 4918
0b009c01 0b004101 10000 100 2000 18218 8174 8203
0b009a01 0b002a01 10000 100 20000 15028 11409 8958
0b009601 0b003201 10000 100 5000 18165 8354 8329
0b003201 0b008801 10000 100 10000 16865 9685 8539
0b005501 0b004401 10000 100 50000 16538 10377 10216
0b000a01 0b003201 10000 100 10000 16552 10377 8539
0b008301 0b008101 10000 100 10000 22103 4877 4499
0b006a01 0b009501 10000 100 50000 15060 12009 10216
0b002201 0b005201 10000 100 100000 13074 14005 12312
0b004501 0b006e01 10000 100 1000 19014 8146 8161
0b004c01 0b003b01 10000 100 20000 18285 8950 8958
0b001701 0b001901 10000 100 20000 15081 12208 4918
0b008601 0b003701 10000 100 200000 9612 17948 16504
0b004701 0b006c01 10000 100 2000 19458 8179 8203
0b003f01 0b002b01 10000 100 1000 19499 8151 8161
0b004c01 0b001801 10000 100 1000 19470 8199 8161
0b004901 0b003c01 10000 100 5000 18519 9179 8329
0b009301 0b001b01 10000 100 10000 19215 8561 8539
0b006e01 0b001a01 10000 100 5000 19342 8538 8329
0b003901 0b004601 10000 100 2000 18879 9007 8203
0b009901 0b004a01 10000 100 2000 19834 8225 8203
0b004b01 0b009301 10000 100 1000 19849 8246 8161
0b006c01 0b008c01 10000 100 10000 19334 8897 8539
0b003001 0b007901 10000 100 20000 18391 9875 8958
0b003001 0b005d01 10000 100 200000 10112 18215 16504
0b008e01 0b003701 10000 100 50000 16984 11416 10216
0b009b01 0b003101 10000 100 20000 18671 9742 8958
0b008501 0b002e01 10000 100 50000 16170 12254 10216
0b002301 0b001501 10000 100 10000 19892 8548 8539
0b003e01 0b009e01 10000 100 100000 15363 13138 12312
0b003001 0b008301 10000 100 1000 20390 8132 8161
0b009301 0b006401 10000 100 2000 20331 8232 8203
0b009001 0b003101 10000 100 1000 20623 8150 8161
0b001201 0b006d01 10000 100 10000 18424 10401 8539
0b007801 0b000301 10000 100 200000 9293 19681 16504
0b008701 0b006601 10000 100 5000 20555 8495 8329
0b002701 0b007501 10000 100 1000 21044 8132 8161
0b009f01 0b001b01 10000 100 1000 21099 8146 8161
0b004f01 0b000e01 10000 100 20000 19511 9749 8958
0b003701 0b000e01 10000 100 50000 18119 11175 10216
0b007801 0b001701 10000 100 50000 10174 19149 10216
0b003201 0b003f01 10000 100 5000 24932 4635 4289
0b001401 0b008c01 10000 100 1000 21028 8590 8161
0b008001 0b009f01 10000 100 20000 18924 10800 8958
0b001301 0b009301 10000 100 50000 17622 12129 10216
0b005701 0b002c01 10000 100 200000 12980 16942 16504
0b008f01 0b003501 10000 100 100000 14780 15151 12312
0b004501 0b003801 10000 100 20000 20301 9749 8958
0b000e01 0b000a01 10000 100 200000 8508 21705 12464
0b000b01 0b000601 10000 100 1000 19987 10281 4121
0b000a01 0b005401 10000 100 100000 17451 12870 12312
0b002b01 0b009301 10000 100 1000 22251 8132 8161
0b008701 0b007901 10000 100 50000 19928 10490 10216
0b009801 0b007f01 10000 100 500000 91 30556 29080
0b001601 0b002601 10000 100 20000 21301 9529 8958
0b000e01 0b000401 10000 100 200000 6965 24038 12464
0b007601 0b009901 10000 100 500000 1084 29976 29080
0b002d01 0b004a01 10000 100 100000 18903 12484 12312
0b002501 0b008401 10000 100 500000 1340 30103 29080
0b007301 0b008401 10000 100 5000 22363 9111 8329
0b004001 0b008a01 10000 100 10000 16393 15090 8539
0b001e01 0b005601 10000 100 10000 21666 9887 8539
0b005201 0b004d01 10000 100 500000 1173 30393 29080
0b000701 0b002701 10000 100 5000 23005 8727 8329
0b007001 0b002401 10000 100 2000 23630 8209 8203
0b000301 0b004e01 10000 100 5000 22080 9854 8329
0b008001 0b002601 10000 100 1000 23715 8242 8161
0b001301 0b004401 10000 100 50000 17881 14134 10216
0b004601 0b003201 10000 100 20000 22394 10006 8958
0b008001 0b007401 10000 100 100000 14988 17451 12312
0b005e01 0b007601 10000 100 20000 21064 11512 8958
0b008301 0b008a01 10000 100 10000 22094 10511 4499
0b007d01 0b007c01 10000 100 10000 28160 4466 4499
0b006901 0b004601 10000 100 10000 23825 8924 8539
0b003d01 0b007f01 10000 100 50000 22206 10723 10216
0b001801 0b006101 10000 100 50000 18676 14410 10216
0b007101 0b001301 10000 100 200000 8219 25129 16504
0b001401 0b007c01 10000 100 1000 25238 8177 8161
0b009a01 0b007001 10000 100 200000 5987 27539 16504
0b001f01 0b004801 10000 100 100000 18211 15362 12312
0b007c01 0b005f01 10000 100 10000 25084 8621 8539
0b007d01 0b008401 10000 100 50000 23459 10339 10216
0b008601 0b007b01 10000 100 2000 25547 8359 8203
0b009d01 0b005701 10000 100 1000 24492 9648 8161
0b007401 0b009201 10000 100 1000 26024 8196 8161
0b000101 0b001901 10000 100 10000 23956 10277 8539
0b008b01 0b005b01 10000 100 1000 26153 8164 8161
0b005401 0b005b01 10000 100 20000 28593 5814 4918
0b008001 0b008801 10000 100 500000 4151 30410 25040
0b001e01 0b002401 10000 100 50000 24147 10422 10216
0b006d01 0b000201 10000 100 1000 21506 13077 8161
0b002601 0b006c01 10000 100 1000 26483 8173 8161
0b004401 0b006001 10000 100 1000 26556 8140 8161
0b002f01 0b009101 10000 100 50000 22453 12314 10216
0b006601 0b008401 10000 100 20000 25586 9259 8958
0b007001 0b004001 10000 100 2000 26722 8183 8203
0b007601 0b000101 10001 100 10000 26016 8939 8539
0b007601 0b000101 10000 100 50000 24463 10640 10216
0b001401 0b007101 10000 100 200000 18207 16933 16504
0b008e01 0b006801 10000 100 20000 24986 10305 8958
0b007701 0b008501 10000 100 5000 26774 8662 8329
0b003801 0b008a01 10000 100 1000 21601 13886 8161
0b003501 0b003101 10000 100 2000 31288 4265 4163
0b007c01 0b007301 10000 100 2000 31426 4130 4163
0b009701 0b006201 10000 100 500000 2583 33221 29080
0b009501 0b008b01 10000 100 100000 19183 16746 12312
0b000d01 0b006b01 10000 100 50000 20968 14970 10216
0b002f01 0b004901 10000 100 1000 28033 8132 8161
0b002a01 0b002c01 10000 100 200000 23622 12570 12464
0b006801 0b006a01 10000 100 1000 32076 4121 4121
0b002c01 0b001401 10000 100 5000 27920 8326 8329
0b001c01 0b004301 10000 100 1000 27483 9043 8161
0b009a01 0b009301 10000 100 200000 8255 28368 12464
0b000001 0b000601 10000 100 200000 12640 24131 12464
0b002801 0b004b01 10000 100 10000 27158 9830 8539
0b000601 0b006b01 10000 100 100000 22419 14655 12312
0b001c01 0b000601 10000 100 1000 21789 15362 8161
0b008501 0b002801 10000 100 50000 24876 12305 10216
0b006a01 0b008801 10000 100 5000 28693 8518 8329
0b006101 0b009501 10000 100 50000 24943 12270 10216
0b008201 0b006f01 10000 100 10000 28027 9215 8539
0b007401 0b002e01 10000 100 20000 28278 9113 8958
0b006f01 0b007001 10000 100 10000 28741 8680 8539
0b008901 0b006201 10000 100 5000 24698 12800 8329
0b007501 0b008801 10000 100 20000 28465 9218 8958
0b004e01 0b001001 10000 100 10000 27440 10320 8539
0b007e01 0b005601 10000 100 20000 25117 12648 8958
0b004f01 0b005e01 10000 100 2000 29881 8220 8203
0b007601 0b005001 10000 100 20000 28866 9279 8958
0b009f01 0b009d01 10000 100 5000 32300 5930 4289
0b006301 0b003401 10000 100 100000 21782 16452 12312
0b000001 0b008b01 10000 100 1000 30114 8155 8161
0b002701 0b004f01 10000 100 20000 28533 9743 8958
0b007501 0b007b01 10000 100 100000 30014 8346 8272
0b004c01 0b002101 10000 100 50000 27498 10891 10216
0b008701 0b002201 10000 100 20000 28586 9812 8958
0b002801 0b004b01 10001 100 10000 28192 10211 8539
0b009401 0b006401 10000 100 2000 30240 8199 8203
0b008d01 0b008b01 10000 100 1000 34426 4088 4121
0b008401 0b006a01 10000 100 500000 5548 32970 29080
0b008301 0b009e01 10000 100 5000 30256 8301 8329
0b007b01 0b004601 10000 100 20000 28167 10653 8958
0b000401 0b001201 10000 100 20000 24332 14661 8958
0b006901 0b004b01 10000 100 20000 29028 10012 8958
0b001c01 0b003c01 10000 100 50000 27286 11892 10216
0b004d01 0b003401 10000 100 20000 24903 14695 8958
0b001201 0b001401 10000 100 2000 35553 4233 4163
0b001d01 0b002101 10000 100 50000 25413 14554 10216
0b009001 0b005501 10000 100 10000 30427 9709 8539
0b008801 0b003b01 10000 100 2000 31970 8196 8203
0b003c01 0b007701 10000 100 1000 32085 8172 8161
0b009301 0b009701 10000 100 100000 31566 8806 8272
0b005701 0b004b01 10000 100 1000 32233 8221 8161
0b005c01 0b001101 10000 100 1000 31934 8686 8161
0b009801 0b009301 10000 100 10000 35801 4937 4499
0b001801 0b004b01 10000 100 1000 29275 11567 8161
0b006f01 0b004d01 10000 100 100000 24643 16273 12312
0b000001 0b000701 10000 100 1000 36906 4090 4121
0b005f01 0b004d01 10000 100 100000 24361 16669 12312
0b002601 0b004d01 10000 100 1000 30694 10367 8161
0b000901 0b003901 10000 100 1000 33052 8139 8161
0b002001 0b003e01 10000 100 20000 30701 10633 8958
0b000401 0b007c01 10000 100 5000 28377 13146 8329
0b009101 0b005a01 10000 100 1000 27134 14465 8161
0b009b01 0b002e01 10000 100 10000 32704 9100 8539
0b001101 0b004b01 10000 100 5000 31367 10549 8329
0b004d01 0b006401 10000 100 5000 33731 8383 8329
0b001201 0b001301 10000 100 2000 37919 4280 4163
0b008101 0b001801 10000 100 20000 33052 9404 8958
0b007a01 0b003001 10000 100 20000 32999 9482 8958
0b008301 0b000401 10000 100 100000 24646 17913 12312
0b003101 0b009501 10000 100 20000 30521 12093 8958
0b000901 0b004e01 10000 100 500000 7642 34983 29080
0b009501 0b001301 10000 100 200000 21538 21125 16504
0b003b01 0b008f01 10000 100 5000 29874 12955 8329
0b002501 0b006f01 10000 100 1000 34709 8168 8161
0b006301 0b004d01 10000 100 20000 34114 9086 8958
0b000701 0b005701 10000 100 5000 34510 8714 8329
0b006701 0b001701 10000 100 200000 10092 33145 16504
0b000801 0b003f01 10000 100 100000 22628 20771 12312
0b007601 0b008901 10000 100 20000 33889 9592 8958
0b003b01 0b005501 10000 100 10000 32778 10795 8539
0b001001 0b003001 10000 100 1000 35250 8357 8161
0b000101 0b005d01 10000 100 2000 31442 12189 8203
0b007801 0b004601 10001 100 5000 31526 12240 8329
0b006301 0b008501 10000 100 5000 35433 8358 8329
0b002601 0b009f01 10000 100 20000 34069 9834 8958
0b004e01 0b006f01 10000 100 1000 35687 8413 8161
0b000901 0b005401 10000 100 5000 35712 8461 8329
0b004d01 0b003d01 10000 100 20000 34426 9995 8958
0b001d01 0b001801 10000 100 200000 19635 24876 12464
0b009001 0b001e01 10000 100 200000 20924 23756 16504
0b004c01 0b007101 10000 100 1000 36579 8188 8161
0b008e01 0b000101 10001 100 5000 36379 8392 8329
0b004601 0b001001 10000 100 50000 32205 12634 10216
0b001001 0b004601 10000 100 50000 26241 18607 10216
0b004e01 0b003d01 10000 100 1000 34570 10486 8161
0b004501 0b005f01 10000 100 10000 32461 12637 8539
0b002f01 0b008c01 10000 100 5000 36729 8381 8329
0b008c01 0b009201 10000 100 50000 34688 10450 10216
0b006e01 0b003601 10000 100 500000 12501 32647 29080
0b009501 0b007c01 10000 100 1000 36960 8201 8161
0b001301 0b002c01 10000 100 20000 35729 9444 8958
0b000401 0b009201 10000 100 50000 30135 15116 10216
0b009c01 0b000f01 10000 100 10000 19171 26152 8539
0b001a01 0b005f01 10000 100 1000 35263 10169 8161
0b000601 0b005001 10001 100 5000 35573 9965 8329
0b008201 0b003e01 10000 100 1000 36541 9070 8161
0b002001 0b001401 10000 100 10000 37040 8592 8539
0b003501 0b004101 10000 100 200000 20717 24933 16504
0b005a01 0b003c01 10000 100 1000 36291 9434 8161
0b004701 0b002c01 10000 100 50000 31965 13789 10216
0b001501 0b004601 10000 100 200000 24726 21146 16504
0b000001 0b002301 10000 100 200000 16121 29815 16504
0b007c01 0b009301 10000 100 100000 33168 12871 12312
0b005a01 0b008a01 10000 100 5000 32194 14213 8329
0b008201 0b004601 10000 100 50000 30298 16263 10216
0b005901 0b001201 10000 100 10000 37964 8678 8539
0b000901 0b004701 10000 100 10000 36603 10147 8539
0b007e01 0b002901 10000 100 10000 37777 9016 8539
0b001f01 0b001e01 10000 100 1000 37805 9193 4121
0b002901 0b005f01 10000 100 20000 37243 9764 8958
0b009901 0b009801 10000 100 200000 34552 12726 12464
0b007f01 0b002d01 10000 100 50000 32689 14622 10216
0b003601 0b007a01 10000 100 2000 39097 8230 8203
0b009101 0b000701 10000 100 10000 29137 18194 8539
0b002201 0b002c01 10000 100 1000 43434 4123 4121
0b008801 0b001501 10000 100 1000 37771 9872 8161
0b002d01 0b004c01 10000 100 20000 37676 10117 8958
0b007d01 0b002901 10000 100 1000 39687 8159 8161
0b006c01 0b005101 10000 100 20000 38327 9649 8958
0b005201 0b005b01 10000 100 10000 43566 4631 4499
0b001e01 0b002401 10001 100 200000 30494 17812 16504
0b001201 0b003501 10000 100 100000 31743 16623 12312
0b007101 0b008101 10000 100 100000 35812 12686 12312
0b005201 0b002501 10000 100 1000 40031 8527 8161
0b007401 0b009001 10000 100 100000 34722 13934 12312
0b005a01 0b005c01 10000 100 1000 44542 4116 4121
0b002c01 0b008d01 10000 100 5000 40412 8480 8329
0b003a01 0b008501 10000 100 5000 40491 8446 8329
0b003201 0b004301 10000 100 100000 22286 26799 12312
0b001b01 0b003c01 10000 100 500000 11355 37792 29080
0b008d01 0b007301 10000 100 1000 41040 8145 8161
0b006801 0b003001 10000 100 200000 30663 18584 16504
0b005101 0b008501 10000 100 20000 40148 9229 8958
0b001f01 0b003401 10000 100 10000 30630 18830 8539
0b005801 0b005501 10000 100 20000 43946 5710 4918
0b006601 0b001801 10000 100 20000 40530 9209 8958
0b003101 0b003e01 10000 100 1000 45654 4174 4121
0b002601 0b007f01 10000 100 50000 35525 14396 10216
0b003301 0b003b01 10000 100 1000 42256 7693 4121
0b003501 0b005601 10000 100 200000 20892 29065 16504
0b001601 0b002401 10000 100 20000 34152 15807 8958
0b004301 0b003301 10000 100 20000 36467 13598 8958
0b002601 0b008301 10000 100 50000 35731 14373 10216
0b009b01 0b001901 10000 100 20000 32984 17213 8958
0b005b01 0b004c01 10000 100 1000 42067 8251 8161
0b008201 0b001601 10000 100 5000 39160 11252 8329
0b004001 0b009101 10000 100 500000 10285 40150 29080
0b002201 0b000f01 10000 100 20000 21698 28777 8958
0b002901 0b002301 10000 100 20000 38235 12273 4918
0b005c01 0b008d01 10000 100 10000 42006 8545 8539
0b008a01 0b005701 10000 100 500000 3167 47506 29080
0b004101 0b006e01 10000 100 2000 42524 8196 8203
0b003401 0b005201 10000 100 5000 41165 9635 8329
0b006e01 0b006f01 10000 100 100000 41210 9674 8272
0b007f01 0b009001 10000 100 20000 40246 10711 8958
0b004501 0b009401 10000 100 100000 29366 21835 12312
0b003701 0b004e01 10000 100 200000 31962 19298 16504
0b007101 0b002301 10000 100 500000 5508 45756 29080
0b002901 0b002f01 10000 100 20000 46017 5273 4918
0b008701 0b003e01 10000 100 1000 43233 8219 8161
0b000601 0b004c01 10000 100 20000 41816 9819 8958
0b008a01 0b001601 10000 100 200000 16425 35252 16504
0b001001 0b007e01 10000 100 500000 5081 47009 29080
0b000001 0b009a01 10000 100 1000 40188 11962 8161
0b000001 0b008b01 10001 100 20000 42935 9217 8958
0b000c01 0b007101 10000 100 100000 37133 15140 12312
0b001701 0b000701 10000 100 1000 29756 22525 8161
0b000401 0b006901 10000 100 20000 41624 10719 8958
0b008a01 0b006a01 10000 100 5000 39915 12460 8329
0b007701 0b001701 10000 100 500000 65 52321 29080
0b002001 0b005601 10000 100 5000 41643 11110 8329
0b005201 0b004c01 10000 100 5000 44188 8600 8329
0b003901 0b001c01 10000 100 1000 44669 8147 8161
0b001c01 0b008601 10000 100 1000 44259 8653 8161
0b002901 0b004701 10000 100 5000 44525 8491 8329
0b008701 0b006f01 10000 100 200000 26855 26493 16504
0b002401 0b000901 10000 100 100000 30068 23304 12312
0b008701 0b006501 10000 100 100000 31322 22348 12312
0b003201 0b007d01 10000 100 10000 44450 9302 8539
0b002d01 0b003e01 10000 100 500000 23361 30542 29080
0b000901 0b004201 10000 100 2000 45775 8269 8203
0b006801 0b009601 10000 100 1000 44507 9558 8161
0b006101 0b008701 10000 100 5000 45557 8602 8329
0b003801 0b001e01 10000 100 2000 45992 8287 8203
0b008b01 0b002201 10000 100 20000 44907 9397 8958
0b000901 0b008901 10000 100 10000 45428 9105 8539
0b001f01 0b008601 10000 100 100000 29356 25356 12312
0b000701 0b000d01 10000 100 1000 50558 4178 4121
0b001201 0b009801 10000 100 20000 44428 10343 8958
0b004601 0b000101 10000 100 200000 29350 25443 16504
0b009c01 0b000f01 10001 100 5000 24183 30726 8329
0b009901 0b009001 10000 100 5000 50640 4403 4289
0b006201 0b008701 10000 100 2000 39770 15351 8203
0b006d01 0b009f01 10000 100 5000 38556 16729 8329
0b001a01 0b000601 10000 100 100000 38564 16805 12312
0b003f01 0b005401 10000 100 50000 42629 12784 10216
0b006101 0b002601 10000 100 1000 46246 9216 8161
0b002401 0b004b01 10000 100 500000 2085 53531 29080
0b007d01 0b009101 10000 100 1000 38396 17251 8161
0b004d01 0b007f01 10000 100 100000 35910 19749 12312
0b005d01 0b005401 10000 100 100000 41273 14415 8272
0b007601 0b006d01 10000 100 100000 30263 25429 12312
0b009c01 0b002d01 10000 100 20000 44948 11051 8958
0b002801 0b007201 10000 100 1000 46901 9102 8161
0b006d01 0b005201 10000 100 10000 39060 16973 8539
0b003201 0b004c01 10000 100 200000 29325 26880 16504
0b009b01 0b005901 10000 100 5000 47320 8939 8329
0b006b01 0b004001 10000 100 5000 46814 9487 8329
0b002301 0b008601 10000 100 1000 39494 17010 8161
0b009a01 0b008801 10000 100 5000 40343 16410 8329
0b000501 0b002a01 10000 100 20000 45808 10955 8958
0b005a01 0b003401 10000 100 2000 46943 9970 8203
0b000d01 0b004501 10000 100 20000 45710 11260 8958
0b008601 0b004c01 10001 100 1000 48439 8553 8161
0b002801 0b006d01 10000 100 2000 39629 17364 8203
0b005e01 0b005c01 10000 100 200000 17095 39907 12464
0b001301 0b004701 10000 100 2000 48792 8230 8203
0b002d01 0b002801 10000 100 20000 52135 4942 4918
0b009601 0b004c01 10000 100 50000 44177 12910 10216
0b008901 0b009801 10000 100 50000 38851 18435 10216
0b004701 0b002301 10000 100 2000 40301 17102 8203
0b007601 0b003401 10000 100 20000 45806 11631 8958
0b002801 0b001501 10000 100 200000 23673 33845 16504
0b004a01 0b002001 10000 100 200000 31576 26000 16504
0b000701 0b001d01 10000 100 500000 6195 51445 29080
0b009d01 0b004a01 10000 100 100000 32120 25638 12312
0b008a01 0b002101 10000 100 5000 46919 11032 8329
0b004f01 0b008201 10000 100 1000 49793 8210 8161
0b000101 0b004401 10000 100 200000 36882 21161 16504
0b006401 0b004301 10000 100 20000 46905 11152 8958
0b005a01 0b009901 10000 100 20000 45679 12480 8958
0b005e01 0b007d01 10000 100 50000 36999 21263 10216
0b004b01 0b006d01 10000 100 500000 6282 52045 29080
0b000401 0b001801 10000 100 100000 36203 22425 12312
0b001d01 0b006901 10000 100 10000 50095 8610 8539
0b003701 0b000b01 10000 100 20000 48910 9842 8958
0b001001 0b004701 10000 100 500000 11272 47495 29080
0b005c01 0b009f01 10000 100 50000 46166 12705 10216
0b001c01 0b001b01 10000 100 20000 53996 4886 4918
0b007201 0b005b01 10000 100 1000 46870 12127 8161
0b003201 0b004601 10000 100 5000 49765 9380 8329
0b006f01 0b000701 10000 100 20000 50138 9040 8958
0b009001 0b003601 10000 100 1000 50752 8449 8161
0b000701 0b004301 10000 100 20000 46974 12245 8958
0b000a01 0b004f01 10000 100 100000 35370 23862 12312
0b001601 0b002701 10000 100 1000 47333 11958 8161
0b006501 0b001a01 10000 100 20000 44602 14861 8958
0b009b01 0b003101 10001 100 1000 51448 8171 8161
0b003301 0b008f01 10000 100 100000 27653 32118 12312
0b008901 0b000501 10000 100 1000 51601 8282 8161
0b004001 0b002301 10000 100 200000 33854 26038 16504
0b008301 0b004801 10000 100 10000 50759 9364 8539
0b001901 0b008701 10000 100 20000 44085 16041 8958
0b003701 0b000001 10000 100 200000 38210 21918 16504
0b009201 0b001901 10000 100 500000 18184 42002 29080
0b009101 0b006301 10000 100 2000 45454 14803 8203
0b003301 0b000c01 10000 100 100000 32872 27495 12312
0b009a01 0b004301 10000 100 200000 13500 46881 16504
0b005701 0b009d01 10000 100 200000 23210 37467 16504
0b002401 0b008a01 10000 100 500000 3407 57286 29080
0b004601 0b008901 10000 100 2000 52120 8599 8203
0b009201 0b002101 10000 100 5000 52648 8338 8329
0b005b01 0b007901 10000 100 50000 38737 22336 10216
0b004f01 0b009201 10000 100 100000 48274 12908 12312
0b000a01 0b004b01 10000 100 50000 40263 21057 10216
0b001901 0b002a01 10000 100 5000 48028 13368 8329
0b008401 0b000a01 10000 100 200000 28970 32450 16504
0b002601 0b004a01 10000 100 20000 51442 10072 8958
0b004001 0b001401 10000 100 20000 48341 13221 8958
0b004e01 0b000e01 10000 100 10000 47430 14133 8539
0b006a01 0b002501 10000 100 1000 52299 9324 8161
0b004101 0b006101 10000 100 1000 53449 8185 8161
0b008001 0b003b01 10000 100 1000 53405 8456 8161
0b009001 0b004801 10000 100 5000 53536 8376 8329
0b000101 0b003e01 10000 100 2000 53466 8513 8203
0b003001 0b005101 10000 100 2000 53589 8446 8203
0b001701 0b004b01 10000 100 10000 49465 12748 8539
0b007201 0b002501 10000 100 200000 38683 23604 16504
0b000c01 0b008101 10000 100 20000 52877 9417 8958
0b007f01 0b008801 10000 100 10000 52901 9401 8539
0b001001 0b007d01 10000 100 50000 51029 11456 10216
0b004a01 0b002501 10000 100 200000 33341 29214 16504
0b001801 0b007401 10000 100 500000 14525 48126 29080
0b005a01 0b001401 10000 100 20000 51219 11593 8958
0b009301 0b007201 10000 100 100000 46085 16931 12312
0b008201 0b007901 10000 100 100000 37073 25945 12312
0b002701 0b003301 10000 100 500000 23834 39215 29080
0b002301 0b008201 10000 100 10000 53250 9810 8539
0b008001 0b002001 10000 100 200000 37311 25796 16504
0b008501 0b006d01 10000 100 500000 13908 49563 29080
0b003e01 0b008801 10000 100 50000 49226 14328 10216
0b005f01 0b006501 10000 100 50000 45913 17698 10216
0b002e01 0b008301 10000 100 20000 53196 10614 8958
0b005501 0b000e01 10000 100 200000 35951 27865 16504
0b003801 0b008701 10000 100 1000 55541 8301 8161
0b008001 0b003701 10000 100 10000 53589 10340 8539
0b000a01 0b006101 10000 100 100000 42902 21054 12312
0b009c01 0b007d01 10000 100 1000 55770 8232 8161
0b001f01 0b002c01 10000 100 1000 54838 9262 8161
0b004901 0b006d01 10000 100 2000 46777 17378 8203
0b000001 0b002701 10000 100 5000 55561 8653 8329
0b009101 0b000801 10000 100 5000 51672 13027 8329
0b004b01 0b005201 10000 100 500000 14742 50001 29080
0b005e01 0b001701 10000 100 5000 48465 16345 8329
0b009001 0b004c01 10000 100 20000 54406 10431 8958
0b009f01 0b006d01 10000 100 10000 52524 12401 8539
0b003601 0b009b01 10000 100 10000 56165 8918 8539
0b009a01 0b007901 10000 100 200000 23042 42061 16504
0b001d01 0b008f01 10000 100 50000 36355 28831 10216
0b005401 0b009801 10000 100 5000 56415 8779 8329
0b006a01 0b000301 10000 100 20000 51982 13252 8958
0b006301 0b002301 10000 100 20000 46964 18317 8958
0b008c01 0b000901 10000 100 20000 43919 21450 8958
0b007101 0b009401 10000 100 20000 56566 8963 8958
0b004a01 0b006401 10000 100 20000 55189 10494 8958
0b009b01 0b000201 10000 100 500000 32835 32883 29080
0b004d01 0b000601 10000 100 500000 11592 54165 29080
0b001501 0b000001 10000 100 5000 57389 8454 8329
0b005401 0b006301 10000 100 5000 56087 9759 8329
0b000701 0b004601 10000 100 1000 57385 8506 8161
0b002401 0b002901 10000 100 2000 61835 4194 4163
0b001801 0b006501 10000 100 5000 51236 14886 8329
0b003401 0b001601 10000 100 100000 41921 24221 12312
0b008b01 0b005f01 10000 100 2000 56409 9759 8203
0b000e01 0b003d01 10000 100 1000 57572 8650 8161
0b001c01 0b007201 10000 100 200000 45072 21177 16504
0b000a01 0b001f01 10000 100 200000 30944 35522 16504
0b009101 0b003c01 10000 100 10000 52798 13687 8539
0b009501 0b005301 10000 100 50000 48194 18360 10216
0b005601 0b000901 10000 100 1000 58179 8408 8161
0b002a01 0b008d01 10000 100 50000 52224 14377 10216
0b006601 0b007b01 10000 100 10000 56603 10451 8539
0b009901 0b009401 10000 100 2000 62937 4158 4163
0b007f01 0b008a01 10001 100 5000 58186 8929 8329
0b006201 0b003f01 10000 100 5000 53765 13392 8329
0b003e01 0b004901 10000 100 1000 58882 8278 8161
0b004601 0b007501 10000 100 1000 57008 10181 8161
0b003101 0b009e01 10000 100 200000 39726 27479 16504
0b001f01 0b002301 10000 100 200000 33570 33663 16504
0b009001 0b000101 10000 100 1000 59257 8132 8161
0b002101 0b007101 10000 100 100000 55040 12356 12312
0b005801 0b003f01 10000 100 100000 47764 19656 12312
0b000d01 0b005601 10000 100 100000 46075 21384 12312
0b007901 0b007b01 10000 100 1000 50365 17108 4121
0b003e01 0b007b01 10000 100 100000 49029 18474 12312
0b005e01 0b001f01 10000 100 100000 33567 33967 12312
0b007e01 0b004a01 10000 100 200000 42438 25214 16504
0b006d01 0b001d01 10000 100 10000 58772 8968 8539
0b000101 0b008e01 10000 100 5000 59379 8368 8329
0b004501 0b001501 10000 100 1000 57165 10646 8161
0b008d01 0b005201 10000 100 100000 49703 18260 12312
0b008201 0b009e01 10000 100 10000 47748 20288 8539
0b006901 0b009a01 10000 100 200000 30802 37314 16504
0b004c01 0b002101 10001 100 20000 58119 10009 8958
0b001201 0b007401 10000 100 1000 59882 8280 8161
0b002a01 0b008d01 10001 100 1000 60031 8208 8161
0b004501 0b009601 10000 100 100000 50801 17650 12312
0b009301 0b003201 10000 100 200000 50727 17749 16504
0b005701 0b009201 10000 100 10000 48405 20104 8539
0b003d01 0b005601 10000 100 5000 57808 10784 8329
0b000101 0b000e01 10000 100 5000 64237 4365 4289
0b004501 0b000601 10000 100 20000 52826 15803 8958
0b008c01 0b008901 10000 100 10000 54859 13890 4499
0b000501 0b007401 10000 100 5000 59992 8867 8329
0b007f01 0b004e01 10000 100 10000 59347 9522 8539
0b004201 0b009201 10000 100 20000 59906 8978 8958
0b007601 0b007b01 10000 100 2000 64785 4199 4163
0b000f01 0b005701 10000 100 1000 49417 19745 8161
0b003201 0b008b01 10000 100 10000 60325 8855 8539
0b001b01 0b005b01 10000 100 1000 59862 9489 8161
0b007a01 0b005b01 10000 100 2000 61061 8359 8203
0b004b01 0b000b01 10000 100 1000 61364 8132 8161
0b005301 0b002101 10000 100 2000 50181 19649 8203
0b002001 0b008201 10000 100 2000 61857 8177 8203
0b001101 0b002001 10000 100 100000 45485 24779 12312
0b001701 0b003e01 10000 100 50000 56445 13974 10216
0b007e01 0b006501 10000 100 5000 53961 16640 8329
0b000f01 0b007d01 10000 100 1000 56169 14441 8161
0b002e01 0b003001 10000 100 200000 44649 26085 16504
0b009201 0b006301 10000 100 200000 53109 17648 16504
0b006a01 0b008a01 10000 100 1000 61492 9305 8161
0b009201 0b000101 10000 100 10000 62266 8572 8539
0b002201 0b007001 10000 100 20000 58673 12166 8958
0b005601 0b003801 10000 100 1000 61461 9387 8161
0b007001 0b008c01 10000 100 20000 52827 18144 8958
0b001001 0b000401 10000 100 1000 62799 8172 8161
0b008401 0b000e01 10000 100 500000 25141 45861 29080
0b003a01 0b007e01 10000 100 1000 62925 8472 8161
0b005a01 0b006501 10000 100 20000 52740 18787 8958
0b008301 0b001c01 10000 100 1000 63451 8196 8161
0b000f01 0b006d01 10000 100 100000 48532 23204 12312
0b000101 0b001201 10000 100 100000 51140 20664 12312
0b008801 0b004901 10000 100 1000 63631 8182 8161
0b002c01 0b002b01 10000 100 50000 61223 10592 6176
0b007f01 0b004d01 10000 100 1000 63075 8807 8161
0b007d01 0b005501 10000 100 5000 61773 10170 8329
0b005f01 0b004c01 10000 100 100000 57643 14420 12312
0b008e01 0b009e01 10000 100 100000 46202 25866 12312
0b002001 0b001301 10000 100 20000 60357 11788 8958
0b003301 0b007801 10000 100 1000 48864 23321 8161
0b004901 0b005901 10000 100 500000 35101 37085 29080
0b002301 0b007c01 10000 100 2000 64013 8293 8203
0b001201 0b004901 10000 100 200000 44838 27506 16504
0b007c01 0b006101 10000 100 2000 64070 8317 8203
0b003e01 0b008701 10000 100 200000 49373 23109 16504
0b000001 0b002801 10000 100 100000 50407 22089 12312
0b009e01 0b005601 10000 100 1000 54747 17823 8161
0b003a01 0b002c01 10000 100 100000 56019 16762 12312
0b007201 0b003b01 10000 100 1000 64632 8155 8161
0b000401 0b001901 10000 100 1000 57807 15161 8161
0b009301 0b008801 10000 100 1000 64499 8641 8161
0b001501 0b009601 10000 100 50000 61784 11549 10216
0b005001 0b006601 10000 100 1000 49387 23988 8161
0b009a01 0b006301 10000 100 20000 54600 18901 8958
0b006001 0b003001 10000 100 10000 65063 8553 8539
0b004201 0b005301 10000 100 500000 11259 62404 29080
0b009c01 0b006e01 10000 100 5000 65410 8321 8329
0b005801 0b001601 10000 100 500000 30205 43553 29080
0b009a01 0b006f01 10000 100 1000 56543 17380 8161
0b008b01 0b000801 10000 100 20000 65144 9008 8958
0b009d01 0b004c01 10000 100 100000 47924 26334 12312
0b008301 0b007f01 10000 100 200000 48685 25627 16504
0b002301 0b005401 10000 100 500000 25750 48782 29080
0b003a01 0b000f01 10000 100 50000 44920 29679 10216
0b005c01 0b001c01 10000 100 20000 65025 9803 8958
0b001d01 0b001701 10000 100 500000 18422 56437 25040
0b005601 0b007e01 10000 100 50000 55787 19183 10216
0b008701 0b005201 10000 100 100000 61816 13212 12312
0b002401 0b009e01 10000 100 1000 55977 19073 8161
0b001701 0b002e01 10000 100 2000 66787 8375 8203
0b008001 0b000801 10000 100 10000 65936 9392 8539
0b004101 0b002701 10000 100 10000 66456 8924 8539
0b002d01 0b003401 10000 100 10000 60340 15091 8539
0b008e01 0b003501 10000 100 1000 67461 8136 8161
0b002601 0b001501 10000 100 20000 65835 9820 8958
0b002b01 0b001201 10000 100 20000 66730 9023 8958
0b003501 0b002301 10000 100 20000 65533 10332 8958
0b005301 0b005401 10000 100 1000 62257 13627 4121
0b009201 0b000b01 10000 100 1000 67847 8152 8161
0b003501 0b001601 10000 100 20000 64291 11820 8958
0b006a01 0b004901 10000 100 100000 55196 21057 12312
0b005e01 0b007901 10000 100 50000 39422 37009 10216
0b001c01 0b009d01 10000 100 1000 57098 19592 8161
0b000f01 0b009001 10000 100 200000 43247 33505 16504
0b000301 0b007c01 10000 100 500000 26605 50413 29080
0b000701 0b000201 10000 100 1000 73094 4128 4121
0b001601 0b004301 10000 100 10000 66184 11095 8539
0b009101 0b004e01 10000 100 200000 46993 30440 16504
0b008e01 0b005901 10000 100 1000 69449 8224 8161
0b001f01 0b003a01 10000 100 20000 64263 13492 8958
0b008501 0b007301 10000 100 20000 64173 13638 8958
0b007301 0b003901 10000 100 20000 66976 10985 8958
0b002c01 0b009d01 10000 100 50000 52568 25523 10216
0b004701 0b000201 10000 100 20000 68678 9444 8958
0b005301 0b001501 10000 100 50000 56524 21766 10216
0b007e01 0b007301 10000 100 20000 70376 8037 4918
0b001001 0b003e01 10000 100 10000 65905 12534 8539
0b001101 0b000301 10000 100 200000 33818 44625 16504
0b006101 0b007801 10000 100 500000 36955 41716 29080
0b001301 0b006801 10000 100 10000 67569 11145 8539
0b002101 0b005001 10000 100 2000 54164 24647 8203
0b005d01 0b000501 10000 100 10000 70072 8856 8539
0b002d01 0b005101 10000 100 200000 62262 16812 16504
0b002a01 0b003c01 10000 100 200000 51894 27201 16504
0b000101 0b007f01 10000 100 10000 70173 9000 8539
0b009501 0b002d01 10000 100 10000 69585 9604 8539
0b004701 0b009e01 10000 100 1000 63166 16027 8161
0b005f01 0b008f01 10000 100 100000 46004 33199 12312
0b004e01 0b002c01 10000 100 1000 64204 15074 8161
0b005301 0b001301 10000 100 1000 60235 19043 8161
0b001801 0b006201 10000 100 500000 17279 62004 29080
0b008601 0b009301 10000 100 500000 47197 32136 29080
0b006a01 0b004401 10000 100 200000 53021 26416 16504
0b002201 0b005d01 10000 100 10000 70335 9256 8539
0b009401 0b005401 10000 100 200000 61123 18611 16504
0b005101 0b001801 10000 100 20000 69246 10502 8958
0b002601 0b003d01 10000 100 50000 63264 16497 10216
0b006201 0b000301 10000 100 500000 22246 57523 29080
0b006601 0b006201 10000 100 1000 70581 9201 4121
0b004d01 0b002101 10000 100 10000 70491 9318 8539
0b007601 0b007b01 10001 100 5000 74934 4913 4289
0b008601 0b006101 10000 100 1000 68912 10983 8161
0b008601 0b005501 10000 100 10000 69625 10318 8539
0b006a01 0b000f01 10000 100 100000 57158 22914 12312
0b006f01 0b002201 10000 100 200000 59587 20606 16504
0b009501 0b009901 10000 100 1000 76036 4181 4121
0b006d01 0b004801 10000 100 1000 68402 11832 8161
0b007101 0b000901 10000 100 50000 67616 12839 10216
0b002c01 0b002b01 10001 100 100000 71991 8492 8272
0b008301 0b008901 10000 100 500000 46076 34521 25040
0b004a01 0b004401 10000 100 100000 65864 14832 8272
0b001701 0b009501 10000 100 1000 71221 9519 8161
0b007a01 0b001401 10000 100 100000 62459 18301 12312
0b000701 0b002101 10000 100 100000 62414 18608 12312
0b007e01 0b000501 10000 100 1000 72894 8168 8161
0b005b01 0b000801 10000 100 20000 70950 10187 8958
0b000701 0b007101 10000 100 50000 66178 14978 10216
0b004301 0b005301 10000 100 10000 62036 19357 8539
0b005c01 0b009601 10000 100 50000 67014 14605 10216
0b000001 0b001a01 10000 100 1000 73428 8246 8161
0b004901 0b008901 10000 100 2000 73011 8722 8203
0b006401 0b002c01 10000 100 500000 48208 33657 29080
0b006901 0b009b01 10000 100 1000000 6017 76064 50040
0b002901 0b008f01 10000 100 1000 52081 30036 8161
0b002901 0b007201 10000 100 5000 70565 11554 8329
0b005601 0b005201 10000 100 1000 74726 7570 4121
0b004201 0b002b01 10000 100 1000 74234 8168 8161
0b008901 0b005c01 10000 100 500000 24459 58083 29080
0b000401 0b001b01 10000 100 5000 73951 8692 8329
0b001001 0b007901 10000 100 100000 54435 28256 12312
0b008501 0b003d01 10000 100 50000 57557 25135 10216
0b004101 0b003f01 10000 100 200000 65394 17345 16504
0b003a01 0b006a01 10000 100 20000 72913 9840 8958
0b000801 0b009e01 10000 100 200000 34500 48258 16504
0b000601 0b001201 10000 100 1000 74599 8163 8161
0b002101 0b009701 10000 100 1000 74760 8132 8161
0b005801 0b001b01 10000 100 200000 53111 29921 16504
0b000801 0b000a01 10000 100 500000 19706 63361 25040
0b007f01 0b002201 10001 100 10000 72257 10892 8539
0b005801 0b007001 10000 100 200000 53724 29656 16504
0b004f01 0b000301 10000 100 5000 74042 9491 8329
0b007001 0b005401 10000 100 10000 74566 9062 8539
0b000a01 0b000001 10000 100 10000 78246 5628 4499
0b002601 0b008601 10000 100 50000 71377 12530 10216
0b000701 0b001a01 10000 100 1000000 4408 79571 50040
0b005b01 0b006b01 10000 100 1000000 24339 59786 50040
0b006e01 0b002701 10000 100 1000 76024 8236 8161
0b001501 0b002601 10000 100 20000 75150 9187 8958
0b001c01 0b008501 10000 100 10000 76045 8564 8539
0b001701 0b006101 10000 100 100000 67807 16825 12312
0b006401 0b001d01 10000 100 1000 76552 8194 8161
0b005901 0b001701 10000 100 10000 74901 9864 8539
0b000401 0b007201 10000 100 1000 76566 8204 8161
0b001101 0b007801 10000 100 20000 73380 11667 8958
0b007901 0b003801 10000 100 100000 51232 34113 12312
0b006c01 0b008501 10000 100 1000 77317 8168 8161
0b009901 0b004901 10000 100 20000 75728 9835 8958
0b005901 0b002901 10000 100 200000 65086 20539 16504
0b007d01 0b000501 10000 100 20000 71003 14702 8958
0b007c01 0b004501 10000 100 500000 54025 31711 29080
0b008501 0b008401 10000 100 1000 81668 4159 4121
0b007901 0b008901 10000 100 1000 59868 26067 8161
0b004601 0b007d01 10000 100 20000 70774 15278 8958
0b008c01 0b008e01 10000 100 10000 71324 14737 4499
0b007001 0b004a01 10000 100 100000 62713 23641 12312
0b007301 0b005801 10000 100 20000 72369 14074 8958
0b008f01 0b004901 10000 100 20000 77556 9037 8958
0b008701 0b001c01 10000 100 100000 72450 14201 12312
0b001201 0b003201 10000 100 20000 75333 11383 8958
0b009f01 0b006601 10000 100 10000 74920 11893 8539
0b004201 0b007e01 10000 100 1000 78675 8169 8161
0b002401 0b007001 10000 100 1000 78706 8159 8161
0b004201 0b004601 10000 100 20000 80942 6024 4918
0b008301 0b000801 10000 100 5000 78503 8557 8329
0b009e01 0b008501 10000 100 20000 76904 10359 8958
0b005f01 0b004601 10001 100 5000 78469 8831 8329
0b002801 0b000e01 10000 100 1000 79262 8186 8161
0b008701 0b005901 10000 100 2000 79276 8191 8203
0b000401 0b007601 10000 100 5000 79078 8396 8329
0b001101 0b000d01 10000 100 5000 78541 8955 8329
0b001e01 0b006b01 10000 100 20000 77722 9829 8958
0b003901 0b009d01 10000 100 200000 58046 29667 16504
0b005601 0b002101 10000 100 10000 72305 15411 8539
0b009e01 0b000a01 10000 100 20000 73957 13878 8958
0b000201 0b003201 10000 100 2000 78685 9175 8203
0b006f01 0b008b01 10000 100 5000 79333 8535 8329
0b009201 0b009801 10000 100 500000 62824 25128 25040
0b008b01 0b007901 10000 100 1000 62483 25501 8161
0b006d01 0b005f01 10000 100 20000 77417 10618 8958
0b008801 0b001c01 10000 100 10000 78297 9770 8539
0b002e01 0b007f01 10000 100 1000 79376 8752 8161
0b007e01 0b005c01 10000 100 200000 61256 26883 16504
0b004e01 0b000201 10000 100 2000 79455 8734 8203
0b007b01 0b008201 10000 100 5000 79722 8482 8329
0b004501 0b006601 10000 100 1000000 14022 74383 50040
0b005701 0b009601 10000 100 500000 26340 62067 29080
0b005a01 0b004301 10000 100 1000 80656 8257 8161
0b001201 0b004301 10000 100 200000 63176 25911 16504
0b004701 0b007e01 10000 100 20000 80093 9647 8958
0b000001 0b004701 10000 100 500000 50326 39462 29080
0b004a01 0b001301 10000 100 100000 71693 18289 12312
0b005101 0b006401 10000 100 1000 81811 8188 8161
0b002b01 0b005801 10000 100 1000 80855 9166 8161
0b009d01 0b005b01 10000 100 20000 76028 14080 8958
0b003a01 0b003901 10000 100 10000 85282 4853 4499
0b009701 0b002001 10000 100 1000 82153 8144 8161
0b001801 0b005a01 10000 100 5000 81762 8688 8329
0b003101 0b001c01 10000 100 2000 82342 8200 8203
0b007201 0b005c01 10000 100 10000 79388 11289 8539
0b007201 0b000a01 10000 100 100000 70347 20410 12312
0b007e01 0b006701 10000 100 500000 36860 53977 29080
0b001701 0b004101 10000 100 20000 78885 12239 8958
0b009c01 0b003301 10000 100 100000 53334 37964 12312
0b001a01 0b001001 10000 100 100000 77202 14458 8272
0b009701 0b000401 10000 100 1000 83075 8599 8161
0b006501 0b006101 10000 100 200000 58152 33545 12464
0b004c01 0b005001 10000 100 10000 62680 29178 8539
0b001901 0b001301 10000 100 1000 81769 10116 4121
0b004901 0b009101 10000 100 10000 68922 23026 8539
0b004601 0b009801 10000 100 10000 83404 8562 8539
0b000001 0b005801 10000 100 100000 74689 17342 12312
0b002801 0b005a01 10000 100 100000 72188 19856 12312
0b000501 0b003001 10000 100 5000 83037 9145 8329
0b001401 0b009b01 10000 100 200000 70066 22149 16504
0b007801 0b004201 10000 100 2000 83003 9519 8203
0b007d01 0b009b01 10000 100 2000 76363 16166 8203
0b008901 0b004e01 10000 100 10000 83258 9332 8539
0b005401 0b004701 10000 100 1000 84435 8176 8161
0b000a01 0b009d01 10000 100 50000 71790 20922 10216
0b009101 0b004d01 10000 100 5000 74717 18108 8329
0b006c01 0b006a01 10000 100 50000 86036 6947 6176
0b003901 0b000401 10000 100 5000 84715 8342 8329
0b007f01 0b007a01 10000 100 5000 88498 4921 4289
0b002101 0b004f01 10000 100 20000 83533 9962 8958
0b002701 0b003001 10000 100 5000 85024 8565 8329
0b008a01 0b002801 10000 100 10000 70626 23025 8539
0b003901 0b009801 10000 100 1000 85579 8154 8161
0b002701 0b008b01 10000 100 20000 84561 9204 8958
0b007c01 0b006b01 10000 100 20000 84137 9671 8958
0b007a01 0b009d01 10000 100 1000 75952 17954 8161
0b004c01 0b001601 10000 100 200000 61341 32711 16504
0b002601 0b008c01 10000 100 1000000 14849 79220 50040
0b006001 0b008801 10000 100 100000 80548 13582 12312
0b009801 0b009401 10000 100 20000 88929 5222 4918
0b002901 0b001201 10000 100 20000 84101 10112 8958
0b009c01 0b001201 10000 100 1000 79537 14701 8161
0b006d01 0b007c01 10000 100 1000 86225 8170 8161
0b005e01 0b008601 10000 100 500000 6400 88163 29080
0b006101 0b007501 10000 100 1000 76694 17899 8161
0b001e01 0b001701 10000 100 200000 74720 19919 12464
0b000901 0b004301 10000 100 1000 86477 8180 8161
0b000101 0b005001 10000 100 20000 64641 30018 8958
0b008801 0b005401 10000 100 5000 86193 8507 8329
0b004401 0b007a01 10000 100 50000 84526 10288 10216
0b002d01 0b006601 10000 100 1000 86697 8152 8161
0b007b01 0b009301 10000 100 1000 82834 12042 8161
0b009201 0b004f01 10000 100 1000 85857 9060 8161
0b008301 0b001901 10000 100 1000 86735 8223 8161
0b003301 0b009d01 10000 100 200000 29482 65553 16504
0b006501 0b002101 10000 100 20000 69864 25439 8958
0b009101 0b008801 10000 100 500000 34966 60487 29080
0b007001 0b003201 10000 100 200000 66291 29213 16504
0b004301 0b006401 10000 100 10000 83047 12493 8539
0b002a01 0b001001 10000 100 10000 86753 8865 8539
0b007701 0b007e01 10000 100 20000 89075 6558 4918
0b009101 0b001c01 10000 100 10000 79178 16489 8539
0b007001 0b009101 10000 100 500000 29202 66475 29080
0b001501 0b005501 10000 100 50000 83358 12382 10216
0b001d01 0b007b01 10000 100 5000 86936 8970 8329
0b009801 0b009101 10000 100 20000 83231 12730 4918
0b007a01 0b003d01 10000 100 500000 35759 60261 29080
0b003a01 0b006101 10000 100 200000 68157 27908 16504
0b005001 0b001601 10000 100 50000 61753 34368 10216
0b006301 0b009b01 10000 100 2000 85415 10739 8203
0b006501 0b009101 10000 100 100000 55673 40504 12312
0b007301 0b009a01 10000 100 1000 80524 15875 8161
0b005e01 0b003101 10000 100 500000 6764 89885 29080
0b006a01 0b001a01 10000 100 100000 82338 14453 12312
0b003d01 0b007d01 10000 100 20000 79169 17666 8958
0b007c01 0b002601 10000 100 20000 84016 12849 8958
0b001301 0b002901 10000 100 10000 81313 15669 8539
0b001001 0b008c01 10000 100 10000 81920 15067 8539
0b001c01 0b000701 10000 100 1000 88822 8186 8161
0b009401 0b001c01 10000 100 10000 88487 8565 8539
0b002c01 0b009a01 10000 100 10000 87795 9352 8539
0b008001 0b002501 10000 100 1000 88925 8228 8161
0b006501 0b006901 10000 100 20000 78163 19230 4918
0b008c01 0b000c01 10000 100 2000 89279 8180 8203
0b009901 0b004101 10000 100 1000 85430 12108 8161
0b008901 0b002801 10000 100 1000 89453 8233 8161
0b001d01 0b004901 10000 100 100000 79483 18208 12312
0b003101 0b006b01 10000 100 2000 89550 8184 8203
0b009001 0b006501 10000 100 200000 64281 33477 16504
0b001d01 0b008e01 10000 100 10000 88355 9509 8539
0b009a01 0b007201 10000 100 10000 89016 8919 8539
0b001b01 0b001701 10000 100 100000 85406 12541 8272
0b000a01 0b009401 10000 100 100000 81170 16799 12312
0b001d01 0b009301 10000 100 20000 84852 13133 8958
0b007001 0b003c01 10000 100 1000 88354 9664 8161
0b001401 0b004f01 10000 100 50000 85397 12623 10216
0b003a01 0b002f01 10000 100 200000 77332 20854 16504
0b006801 0b007501 10000 100 100000 72059 26214 12312
0b004101 0b001b01 10000 100 1000 90159 8195 8161
0b003401 0b009101 10000 100 100000 50710 47702 12312
0b003401 0b005501 10000 100 5000 83394 15116 8329
0b004601 0b001d01 10000 100 10000 89581 8937 8539
0b005b01 0b000f01 10000 100 500000 3198 95373 29080
0b007d01 0b008901 10000 100 2000 86992 11625 8203
0b006201 0b004f01 10000 100 1000 79733 19022 8161
0b005a01 0b008c01 10000 100 500000 42476 56385 29080
0b007901 0b005001 10000 100 20000 54471 44550 8958
0b009b01 0b001e01 10000 100 1000 89260 9934 8161
0b001a01 0b007e01 10000 100 1000 90972 8238 8161
0b008201 0b000f01 10000 100 1000 91060 8197 8161
0b006301 0b008201 10000 100 200000 75329 24134 16504
0b008401 0b001801 10000 100 1000 91332 8212 8161
0b001f01 0b005a01 10000 100 1000 86468 13115 8161
0b006901 0b004c01 10000 100 500000 47904 51735 29080
0b009e01 0b008901 10000 100 1000 90951 8855 8161
0b002901 0b007d01 10000 100 5000 82293 17558 8329
0b008a01 0b001e01 10000 100 2000 80727 19170 8203
0b007801 0b008f01 10001 100 1000 91748 8235 8161
0b000501 0b008e01 10000 100 100000 74773 25212 12312
0b002001 0b005901 10000 100 200000 80411 19894 16504
0b004f01 0b000901 10000 100 50000 84395 15910 10216
0b008a01 0b002501 10000 100 100000 60315 40000 12312
0b003601 0b007801 10000 100 200000 71166 29261 16504
0b003c01 0b003401 10000 100 10000 86193 14314 4499
0b003501 0b006701 10000 100 500000 55316 45284 29080
0b002d01 0b008f01 10000 100 1000 92433 8176 8161
0b000a01 0b007101 10000 100 20000 85991 14684 8958
0b004501 0b002401 10000 100 10000 92171 8683 8539
0b009401 0b007401 10000 100 20000 87649 13391 8958
0b000f01 0b009901 10000 100 500000 23533 77638 29080
0b005d01 0b004f01 10000 100 5000 89629 11560 8329
0b006c01 0b005901 10000 100 5000 92436 8825 8329
0b004701 0b000801 10000 100 5000 92637 8698 8329
0b006001 0b005b01 10000 100 20000 88550 12787 8958
0b005001 0b004801 10000 100 200000 57141 44244 16504
0b002601 0b008101 10000 100 50000 90507 10954 10216
0b007f01 0b000201 10000 100 100000 80106 21558 12312
0b005a01 0b002f01 10000 100 10000 90391 11304 8539
0b006e01 0b000901 10000 100 1000 91662 10166 8161
0b006301 0b006801 10000 100 5000 94687 7270 4289
0b007401 0b002b01 10000 100 5000 88898 13178 8329
0b004101 0b002701 10001 100 200000 85440 16681 16504
0b007b01 0b006c01 10000 100 20000 92079 10069 8958
0b001401 0b001701 10000 100 5000 95355 6826 4289
0b005e01 0b003401 10000 100 5000 86193 16090 8329
0b007e01 0b001401 10000 100 5000 91156 11137 8329
0b003f01 0b003a01 10000 100 5000 97985 4444 4289
0b003c01 0b007801 10000 100 200000 81409 21020 16504
0b002801 0b005d01 10000 100 20000 91837 10609 8958
0b005101 0b004a01 10000 100 5000 93944 8600 8329
0b006301 0b001d01 10001 100 200000 76881 25679 16504
0b004c01 0b006101 10000 100 200000 67087 35522 16504
0b005f01 0b004c01 10001 100 2000 93856 8842 8203
0b001d01 0b006c01 10000 100 500000 63660 39143 29080
0b007701 0b008401 10000 100 5000 91867 11145 8329
0b007901 0b003f01 10000 100 5000 81986 21101 8329
0b001a01 0b008901 10000 100 1000 94289 9084 8161
0b004201 0b001301 10000 100 10000 89147 14227 8539
0b002201 0b006801 10000 100 200000 74456 28967 16504
0b002101 0b001701 10000 100 100000 84997 19098 12312
0b002501 0b007301 10000 100 500000 64619 39566 29080
0b003d01 0b005a01 10000 100 2000 95522 8675 8203
0b006c01 0b005401 10000 100 10000 95410 8794 8539
0b004401 0b006b01 10000 100 50000 93998 10265 10216
0b001e01 0b004f01 10000 100 200000 79844 24492 16504
0b004b01 0b007501 10000 100 1000 80348 23990 8161
0b008d01 0b001501 10000 100 20000 93252 11097 8958
0b005001 0b009f01 10000 100 5000 80871 23506 8329
0b009401 0b002b01 10000 100 5000 96152 8335 8329
0b002801 0b005e01 10000 100 1000000 14596 90216 50040
0b002401 0b007201 10000 100 5000 96008 8812 8329
0b002601 0b007801 10000 100 1000 96642 8179 8161
0b009901 0b002101 10000 100 100000 81441 23433 12312
0b003901 0b000c01 10000 100 5000 96865 8447 8329
0b004801 0b007301 10000 100 5000 91589 13732 8329
0b006f01 0b004c01 10000 100 100000 91791 13596 12312
0b000801 0b003c01 10000 100 500000 66728 38676 29080
0b009501 0b006101 10000 100 10000 96885 8568 8539
0b001001 0b004501 10000 100 10000 96959 8562 8539
0b006701 0b005401 10000 100 50000 89890 15650 10216
0b007e01 0b001801 10000 100 1000 97426 8177 8161
0b001001 0b007901 10001 100 50000 76700 28983 10216
0b000601 0b003601 10000 100 20000 87570 18151 8958
0b008d01 0b002901 10000 100 200000 79159 26600 16504
0b002d01 0b001f01 10000 100 5000 95862 9927 8329
0b002501 0b006a01 10000 100 1000 97658 8177 8161
0b002001 0b002501 10000 100 5000 101589 4260 4289
0b008e01 0b001601 10000 100 1000 97672 8181 8161
0b003901 0b007001 10000 100 5000 97426 8431 8329
0b006501 0b005001 10000 100 1000 78974 27131 8161
0b001c01 0b006601 10000 100 20000 96902 9225 8958
0b004c01 0b002201 10000 100 100000 84425 21739 12312
0b006701 0b004d01 10000 100 500000 51005 55202 29080
0b008101 0b007901 10000 100 10000 82918 23319 8539
0b006901 0b005001 10000 100 200000 57740 48617 16504
0b008d01 0b008c01 10000 100 10000 101417 5038 4499
0b005001 0b003301 10000 100 5000 61851 44728 8329
0b006401 0b002b01 10000 100 10000 95991 10596 8539
0b007501 0b006e01 10000 100 20000 86962 19725 8958
0b004001 0b000d01 10000 100 1000 93724 13028 8161
0b008701 0b005901 10001 100 100000 86809 20030 12312
0b006601 0b009c01 10000 100 1000 92283 14569 8161
0b002f01 0b009c01 10000 100 1000 92720 14435 8161
0b007701 0b009901 10001 100 20000 92292 14894 8958
0b001b01 0b005501 10000 100 5000 98768 8634 8329
0b005101 0b006f01 10000 100 100000 92208 15328 12312
0b002d01 0b001801 10000 100 1000 99393 8200 8161
0b004d01 0b006b01 10000 100 10000 93122 14487 8539
0b001c01 0b009b01 10000 100 1000 99361 8250 8161
0b002301 0b002e01 10000 100 1000000 58831 48956 46000
0b008d01 0b001d01 10000 100 200000 80793 27046 16504
0b003501 0b000101 10000 100 5000 99564 8411 8329
0b000d01 0b009a01 10000 100 500000 37409 70569 29080
0b005a01 0b002f01 10001 100 20000 96344 11649 8958
0b002101 0b007601 10000 100 50000 93764 14348 10216
0b005501 0b009301 10000 100 500000 72543 35607 29080
0b008d01 0b008201 10000 100 100000 99258 8929 8272
0b009101 0b000601 10000 100 200000 86921 21340 16504
0b004a01 0b001701 10000 100 20000 97980 10418 8958
0b005801 0b006901 10000 100 20000 96812 11664 8958
0b004901 0b003401 10000 100 500000 48635 59887 29080
0b009401 0b009301 10000 100 1000 101464 7061 4121
0b009c01 0b007201 10000 100 1000 95651 13001 8161
0b006901 0b003701 10000 100 5000 91711 17040 8329
0b001001 0b003101 10000 100 10000 100206 8825 8539
0b007001 0b003101 10000 100 10000 100329 8932 8539
0b001801 0b004901 10000 100 200000 78521 30773 16504
0b004c01 0b002a01 10000 100 20000 98541 10806 8958
0b006401 0b005c01 10000 100 500000 71905 37449 29080
0b009301 0b007701 10001 100 1000 97447 12444 8161
0b001801 0b004001 10000 100 100000 84375 25625 12312
0b000d01 0b009501 10000 100 1000000 14525 95641 50040
0b003f01 0b001801 10000 100 500000 66815 43373 29080
0b006401 0b000b01 10000 100 1000 94145 16054 8161
0b006201 0b009601 10000 100 10000 85728 24513 8539
0b006d01 0b003d01 10000 100 1000000 26769 83560 50040
0b005301 0b000c01 10000 100 2000 97602 12862 8203
0b004501 0b003401 10000 100 20000 97378 13256 8958
0b003901 0b000e01 10000 100 1000 100462 10262 8161
0b009e01 0b001201 10000 100 1000 101682 9341 8161
0b009301 0b007701 10000 100 50000 96238 14795 10216
0b002b01 0b002101 10000 100 20000 105234 5819 4918
0b002601 0b005f01 10000 100 5000 102705 8349 8329
0b004701 0b007101 10000 100 20000 88480 22606 8958
0b006e01 0b004001 10000 100 50000 92354 18755 10216
0b007101 0b008a01 10000 100 20000 77333 33782 8958
0b006c01 0b009e01 10000 100 50000 99717 11503 10216
0b008701 0b000601 10000 100 200000 84511 26717 16504
0b007301 0b007001 10000 100 2000 107010 4220 4163
0b002201 0b001001 10000 100 10000 101449 9833 8539
0b008c01 0b002a01 10000 100 20000 100628 10691 8958
0b009401 0b001b01 10000 100 10000 102810 8683 8539
0b007601 0b003a01 10000 100 20000 99107 12405 8958
0b001a01 0b004d01 10000 100 100000 84936 26610 12312
0b000d01 0b009f01 10000 100 50000 97135 14442 10216
0b004501 0b001801 10000 100 20000 102684 9008 8958
0b002001 0b003201 10000 100 2000 103551 8227 8203
0b009201 0b003501 10000 100 10000 103464 8579 8539
0b009a01 0b008701 10000 100 100000 93717 18337 12312
0b008901 0b008001 10001 100 5000 107081 5224 4289
0b007f01 0b008a01 10000 100 1000000 8011 104337 50040
0b008801 0b003401 10000 100 50000 95762 16658 10216
0b005b01 0b009201 10000 100 100000 99543 12946 12312
0b006201 0b000b01 10000 100 5000 86564 25955 8329
0b007f01 0b002201 10000 100 1000000 17867 94703 50040
0b008e01 0b002d01 10000 100 2000 104358 8218 8203
0b000901 0b006f01 10000 100 1000 104476 8192 8161
0b009c01 0b007101 10000 100 200000 78186 34632 16504
0b007101 0b005d01 10000 100 10000 95829 17028 8539
0b009a01 0b008801 10001 100 100000 94236 18745 12312
0b004001 0b001301 10000 100 10000 96998 15990 8539
0b001a01 0b008a01 10000 100 20000 101779 11264 8958
0b005d01 0b005201 10000 100 5000 108474 4606 4289
0b001e01 0b009101 10000 100 50000 98431 14818 10216
0b009d01 0b003101 10000 100 1000 104722 8552 8161
0b003101 0b006901 10000 100 20000 104084 9237 8958
0b002601 0b001101 10000 100 10000 102908 10966 8539
0b007601 0b005801 10000 100 200000 79472 34470 16504
0b008301 0b006301 10000 100 100000 99457 14516 12312
0b006601 0b002801 10000 100 20000 105062 9068 8958
0b009901 0b007201 10000 100 10000 103540 10692 8539
0b001301 0b008c01 10000 100 1000 102314 11944 8161
0b004c01 0b001101 10000 100 50000 98434 15829 10216
0b009301 0b007701 10002 100 20000 102052 12216 8958
0b001301 0b004901 10000 100 100000 95974 18506 12312
0b001601 0b008801 10000 100 10000 104511 10132 8539
0b001d01 0b009201 10000 100 5000 106176 8468 8329
0b008201 0b003b01 10000 100 10000 105546 9129 8539
0b001701 0b002801 10000 100 1000 106533 8177 8161
0b005801 0b008b01 10000 100 10000 102711 12043 8539
0b007b01 0b008001 10000 100 10000 101723 13129 8539
0b009e01 0b000401 10000 100 20000 103574 11425 8958
0b002501 0b003c01 10000 100 10000 106298 8815 8539
0b001201 0b000f01 10000 100 2000 106797 8359 8203
0b003e01 0b006e01 10000 100 500000 79670 35516 29080
0b001b01 0b009001 10000 100 5000 100436 14786 8329
0b006201 0b008501 10000 100 50000 90823 24442 10216
0b003401 0b006501 10000 100 200000 48039 67260 16504
0b000901 0b009301 10000 100 2000 103913 11399 8203
0b000b01 0b006201 10000 100 20000 82743 32647 8958
0b001c01 0b009f01 10000 100 100000 101033 14386 12312
0b005a01 0b007701 10000 100 5000 100130 15307 8329
0b007a01 0b005001 10000 100 20000 105812 9759 8958
0b001601 0b001101 10000 100 5000 109682 5972 4289
0b004b01 0b005701 10000 100 500000 43561 72118 29080
0b006701 0b007301 10000 100 1000 107468 8270 8161
0b002b01 0b008d01 10000 100 100000 102745 13280 12312
0b008401 0b003f01 10000 100 50000 103844 12280 10216
0b003501 0b009201 10000 100 1000 107348 9046 8161
0b001c01 0b007101 10000 100 1000 98317 18170 8161
0b004701 0b000701 10000 100 200000 89549 27224 16504
0b008a01 0b009c01 10000 100 500000 25539 91468 29080
0b008401 0b006201 10000 100 2000 94587 22424 8203
0b008301 0b009701 10000 100 5000 108703 8327 8329
0b007301 0b004701 10000 100 5000 108005 9108 8329
0b008f01 0b004201 10000 100 20000 100884 16248 8958
0b002001 0b001301 10001 100 2000 105607 11885 8203
0b009201 0b004601 10000 100 50000 106115 11413 10216
0b001801 0b002301 10000 100 100000 100192 17589 12312
0b007701 0b009d01 10000 100 2000 107147 10641 8203
0b003c01 0b000401 10000 100 5000 109568 8779 8329
0b001301 0b004001 10000 100 10000 103457 14939 8539
0b006201 0b002201 10000 100 10000 95932 22503 8539
0b003a01 0b003e01 10000 100 5000 112545 6011 4289
0b005001 0b008a01 10000 100 10000 108882 9706 8539
0b008801 0b008c01 10000 100 20000 112960 5731 4918
0b006101 0b002d01 10000 100 10000 109559 9514 8539
0b002501 0b003901 10000 100 1000 107353 12044 8161
0b006101 0b007301 10000 100 5000 110299 9446 8329
0b008501 0b000101 10000 100 10000 109059 10736 8539
0b000001 0b007501 10000 100 50000 95083 24830 10216
0b006001 0b008e01 10000 100 2000 111688 8251 8203
0b006901 0b004a01 10000 100 100000 103838 16132 12312
0b007d01 0b005a01 10000 100 10000 105774 14324 8539
0b006b01 0b009a01 10000 100 2000 111837 8344 8203
0b005601 0b005201 10001 100 1000 110810 9498 4121
0b008501 0b005001 10000 100 1000 112168 8377 8161
0b008601 0b003a01 10000 100 200000 92272 28375 16504
0b003601 0b007201 10000 100 20000 106427 14242 8958
0b003601 0b003701 10000 100 200000 91235 29482 12464
0b005701 0b009101 10000 100 1000 112404 8322 8161
0b007f01 0b004a01 10000 100 50000 106490 14370 10216
0b000e01 0b004101 10000 100 200000 79043 42059 16504
0b002801 0b000701 10000 100 1000 109012 12163 8161
0b004601 0b009e01 10000 100 2000 112727 8469 8203
0b009801 0b009c01 10000 100 1000 113735 7689 4121
0b009901 0b003c01 10000 100 20000 105930 15647 8958
0b004b01 0b006d01 10001 100 5000 113212 8530 8329
0b005101 0b006401 10001 100 200000 98632 23303 16504
0b007001 0b009d01 10000 100 100000 107752 14296 12312
0b009501 0b000f01 10000 100 1000 109718 12422 8161
0b007601 0b002901 10000 100 1000 114000 8172 8161
0b005301 0b006501 10000 100 20000 108174 14140 8958
0b000301 0b008801 10000 100 200000 73895 48427 16504
0b000301 0b005f01 10000 100 20000 108405 13934 8958
0b004b01 0b002801 10000 100 20000 113203 9159 8958
0b000e01 0b006001 10000 100 10000 109066 13428 8539
0b008201 0b008901 10000 100 200000 103879 18728 12464
0b001201 0b009c01 10000 100 1000000 30448 92383 50040
0b006101 0b002e01 10000 100 200000 101273 21560 16504
0b004701 0b001d01 10000 100 5000 114019 8935 8329
0b003d01 0b007d01 10001 100 2000 111311 11701 8203
0b009001 0b007b01 10000 100 2000 99754 23274 8203
0b000d01 0b002a01 10000 100 500000 65906 57144 29080
0b006d01 0b003101 10000 100 10000 114549 8677 8539
0b006301 0b007b01 10000 100 10000 109628 13608 8539
0b000901 0b005801 10000 100 200000 97726 25543 16504
0b004f01 0b006b01 10000 100 5000 114791 8560 8329
0b008001 0b001201 10000 100 50000 107446 15917 10216
0b005d01 0b001601 10000 100 2000 115156 8383 8203
0b006501 0b008601 10000 100 200000 104099 19455 16504
0b001101 0b001201 10000 100 50000 109405 14156 6176
0b006601 0b007d01 10000 100 10000 113877 9796 8539
0b000101 0b008f01 10000 100 50000 102519 21176 10216
0b001c01 0b005301 10000 100 10000 110884 12931 8539
0b004701 0b002b01 10000 100 200000 102195 21644 16504
0b000101 0b009101 10000 100 500000 65490 58375 29080
0b006d01 0b001801 10000 100 2000 115614 8259 8203
0b003701 0b004901 10000 100 20000 105556 18400 8958
0b009901 0b004a01 10001 100 500000 63595 60755 29080
0b008e01 0b009801 10000 100 50000 108505 15858 10216
0b001401 0b001d01 10000 100 20000 118174 6258 4918
0b002e01 0b008101 10000 100 20000 115372 9209 8958
0b003501 0b003c01 10000 100 1000 120488 4152 4121
0b005101 0b007301 10000 100 5000 115106 9561 8329
0b000701 0b002601 10000 100 50000 109049 16011 10216
0b007901 0b005701 10000 100 1000 88295 36808 8161
0b004901 0b004a01 10000 100 5000 120886 4300 4289
0b001001 0b002f01 10000 100 2000 117038 8232 8203
0b007301 0b005c01 10000 100 100000 110569 14766 12312
0b008301 0b000b01 10000 100 500000 76780 48593 29080
0b007501 0b000b01 10000 100 100000 92695 32754 12312
0b009101 0b002701 10000 100 2000 116084 9372 8203
0b004801 0b001601 10000 100 20000 116150 9358 8958
0b004501 0b005101 10000 100 1000 117471 8165 8161
0b008401 0b001301 10000 100 1000000 51259 74679 50040
0b002201 0b000d01 10000 100 200000 88534 37498 16504
0b005601 0b006501 10000 100 50000 105726 20341 10216
0b009b01 0b006001 10000 100 100000 100761 25435 12312
0b009c01 0b004401 10000 100 2000 117722 8477 8203
0b003a01 0b006a01 10001 100 50000 110760 15571 10216
0b009d01 0b007001 10000 100 200000 102855 23530 16504
0b005301 0b006d01 10000 100 2000 114153 12431 8203
0b003e01 0b003d01 10000 100 2000 118689 7941 4163
0b009801 0b004701 10000 100 20000 112726 13986 8958
0b004f01 0b005101 10000 100 5000 118328 8412 8329
0b008c01 0b000d01 10000 100 100000 112397 14721 12312
0b008c01 0b004d01 10000 100 200000 96455 30692 16504
0b004701 0b007e01 10001 100 50000 112530 14819 10216
0b004f01 0b005f01 10000 100 1000 119333 8190 8161
0b000f01 0b009701 10000 100 5000 115041 12541 8329
0b006a01 0b006101 10000 100 10000 122556 5035 4499
0b004e01 0b008501 10000 100 20000 117351 10252 8958
0b002e01 0b009501 10000 100 10000 118785 8879 8539
0b006601 0b004701 10000 100 1000 118856 8847 8161
0b006601 0b006001 10000 100 20000 121978 5730 4918
0b006801 0b009501 10000 100 20000 117904 9847 8958
0b004501 0b001d01 10000 100 1000 118038 9718 8161
0b002201 0b006201 10000 100 5000 111566 16354 8329
0b004001 0b009801 10000 100 10000 115157 12975 8539
0b003001 0b004c01 10000 100 50000 111447 16897 10216
0b006e01 0b007301 10000 100 100000 109445 19024 12312
0b009f01 0b009301 10000 100 50000 121065 7445 6176
0b002101 0b005e01 10000 100 500000 84008 44718 29080
0b002801 0b007001 10000 100 1000 120604 8165 8161
0b006801 0b000c01 10000 100 50000 110877 18039 10216
0b009701 0b002301 10000 100 100000 111674 17344 12312
0b006b01 0b005e01 10000 100 200000 102035 27173 16504
0b003b01 0b003e01 10000 100 100000 120428 9088 8272
0b005601 0b002401 10000 100 200000 76706 52879 16504
0b000301 0b003801 10000 100 1000 121499 8271 8161
0b005301 0b002f01 10000 100 5000 117148 12748 8329
0b001401 0b002701 10000 100 20000 119723 10258 8958
0b000101 0b007501 10000 100 1000 100656 29393 8161
0b001501 0b006901 10000 100 1000 121616 8446 8161
0b000601 0b005e01 10000 100 5000 115532 14646 8329
0b002801 0b005d01 10001 100 10000 121467 8726 8539
0b003501 0b004e01 10000 100 2000 122047 8234 8203
0b004a01 0b005e01 10000 100 20000 115150 15216 8958
0b003001 0b008201 10001 100 50000 120219 10293 10216
0b009401 0b006901 10000 100 5000 122148 8416 8329
0b003301 0b002801 10000 100 20000 114368 16209 8958
0b006001 0b002001 10000 100 200000 112960 17622 16504
0b006f01 0b008e01 10000 100 1000 122358 8267 8161
0b008e01 0b009301 10000 100 500000 93280 37363 29080
0b008d01 0b005501 10000 100 50000 119536 11338 10216
0b005101 0b003301 10000 100 1000 116069 14820 8161
0b007201 0b000b01 10000 100 1000 110367 20554 8161
0b009801 0b002401 10000 100 200000 103463 27461 16504
0b008201 0b003101 10000 100 1000 122831 8157 8161
0b007501 0b007b01 10001 100 200000 99639 31402 12464
0b008301 0b003501 10000 100 100000 114521 16533 12312
0b003601 0b009001 10000 100 1000 111992 19073 8161
0b001c01 0b004b01 10000 100 20000 122158 8984 8958
0b006501 0b009001 10000 100 5000 114751 16579 8329
0b009401 0b004d01 10000 100 50000 115801 15603 10216
0b004a01 0b009401 10000 100 1000 123447 8146 8161
0b008101 0b005201 10000 100 2000 123190 8408 8203
0b006a01 0b008f01 10001 100 10000 113096 18548 8539
0b007701 0b003d01 10000 100 100000 107603 24129 12312
0b004401 0b005c01 10000 100 200000 113381 18600 16504
0b001101 0b002601 10000 100 1000 123778 8266 8161
0b007d01 0b004901 10000 100 20000 120571 11654 8958
0b005701 0b009c01 10000 100 5000 123833 8430 8329
0b006401 0b009f01 10000 100 5000 123866 8411 8329
0b006201 0b006701 10000 100 1000 126873 5424 4121
0b009001 0b008501 10000 100 5000 115812 16506 8329
0b008a01 0b002501 10001 100 200000 103399 28991 16504
0b008601 0b000201 10000 100 100000 115739 16809 12312
0b003f01 0b009101 10000 100 20000 123090 9560 8958
0b008e01 0b000901 10000 100 1000 124274 8396 8161
0b003701 0b006b01 10000 100 10000 123714 9166 8539
0b000301 0b000501 10000 100 50000 118258 14624 6176
0b005f01 0b009901 10000 100 20000 123169 9951 8958
0b006701 0b003801 10000 100 1000 125118 8238 8161
0b007001 0b002701 10000 100 50000 122405 11360 10216
0b003801 0b000001 10000 100 200000 103255 30597 16504
0b000f01 0b008901 10000 100 200000 107293 26644 16504
0b004d01 0b003701 10000 100 1000 125762 8271 8161
0b008c01 0b000a01 10000 100 500000 51364 82821 29080
0b004301 0b008c01 10000 100 1000 126150 8167 8161
0b008901 0b005a01 10000 100 100000 103742 30898 12312
0b004701 0b005d01 10000 100 50000 123726 11007 10216
0b007f01 0b008c01 10000 100 10000 126236 8671 8539
0b009c01 0b006401 10000 100 50000 122683 12276 10216
0b000501 0b005001 10000 100 1000 126749 8224 8161
0b000d01 0b006d01 10000 100 1000 126901 8234 8161
0b004501 0b003e01 10000 100 20000 125470 9827 8958
0b007b01 0b002c01 10000 100 20000 126123 9375 8958
0b001501 0b003d01 10000 100 50000 118320 17392 10216
0b006b01 0b007101 10000 100 500000 71989 63876 29080
0b006b01 0b003101 10000 100 5000 127832 8348 8329
0b009201 0b001d01 10000 100 1000 126603 9677 8161
0b004b01 0b004601 10000 100 1000 132122 4503 4121
0b006701 0b000d01 10000 100 500000 66841 69832 29080
0b000f01 0b007501 10000 100 200000 96306 40385 16504
0b005001 0b008b01 10000 100 200000 105097 31763 16504
0b008a01 0b002101 10001 100 2000 128428 8442 8203
0b005301 0b002601 10000 100 1000 124467 12461 8161
0b007b01 0b008401 10000 100 20000 127713 9239 8958
0b000d01 0b009701 10000 100 50000 126560 10499 10216
0b008601 0b008a01 10000 100 50000 128655 8538 6176
0b008601 0b000d01 10000 100 10000 128134 9102 8539
0b008a01 0b004601 10000 100 2000 125848 11399 8203
0b008201 0b002201 10000 100 5000 128710 8585 8329
0b003201 0b004a01 10000 100 1000 129139 8159 8161
0b006801 0b002001 10000 100 1000 129066 8246 8161
0b001b01 0b008d01 10000 100 5000 122382 14959 8329
0b002e01 0b007e01 10000 100 50000 119428 17933 10216
0b006e01 0b000101 10001 100 100000 118037 19462 12312
0b001f01 0b000a01 10000 100 20000 110991 26679 8958
0b003b01 0b003601 10000 100 1000000 62481 75204 46000
0b004201 0b006501 10000 100 10000 127697 10075 8539
0b005201 0b007601 10000 100 1000 129586 8222 8161
0b000a01 0b007901 10000 100 200000 88970 48887 16504
0b004101 0b002101 10000 100 1000 129548 8346 8161
0b002e01 0b005301 10000 100 1000000 28824 109109 50040
0b000101 0b001c01 10000 100 2000 128313 9722 8203
0b000301 0b001e01 10000 100 5000 117438 20696 8329
0b006e01 0b009501 10000 100 1000 129975 8278 8161
0b006101 0b001601 10000 100 1000 130185 8178 8161
0b006a01 0b004901 10001 100 100000 121960 16886 12312
0b006f01 0b009201 10000 100 50000 122887 15974 10216
0b003e01 0b005a01 10000 100 5000 127954 11126 8329
0b006e01 0b000401 10000 100 10000 116477 22630 8539
0b006201 0b008101 10000 100 2000 130295 8922 8203
0b005f01 0b003d01 10000 100 500000 102882 36712 29080
0b004301 0b003301 10001 100 50000 116374 23274 10216
0b003f01 0b008b01 10000 100 50000 127758 12204 10216
0b006601 0b007501 10000 100 20000 125298 14717 8958
0b005e01 0b002901 10000 100 500000 44756 95310 29080
0b009801 0b009401 10001 100 10000 131263 8807 4499
0b001b01 0b003b01 10000 100 10000 125397 15054 8539
0b003b01 0b001e01 10000 100 200000 103032 37449 16504
0b007001 0b005001 10001 100 5000 130313 10170 8329
0b003401 0b004a01 10000 100 500000 50594 89998 29080
0b000c01 0b007201 10000 100 500000 82291 58352 29080
0b006b01 0b008301 10000 100 1000 132618 8211 8161
0b006201 0b002101 10000 100 5000 130020 10883 8329
0b004d01 0b000401 10000 100 50000 125590 15463 10216
0b008d01 0b002601 10000 100 2000 132888 8283 8203
0b008801 0b009e01 10000 100 1000000 38466 102866 50040
0b006f01 0b001501 10000 100 10000 132434 8947 8539
0b009901 0b002501 10000 100 50000 126929 14460 10216
0b004f01 0b000d01 10000 100 2000 133198 8241 8203
0b007e01 0b008c01 10000 100 1000 123568 17876 8161
0b003f01 0b005001 10000 100 1000 128173 13312 8161
0b006301 0b008201 10001 100 1000 133178 8307 8161
0b009c01 0b007d01 10001 100 20000 131659 9842 8958
0b008201 0b007001 10000 100 50000 129209 12324 10216
0b000c01 0b004901 10000 100 5000 126557 15056 8329
0b004d01 0b006501 10000 100 20000 126536 15109 8958
0b005a01 0b009001 10000 100 1000 122616 19048 8161
0b006701 0b004a01 10000 100 50000 130555 11223 10216
0b007301 0b003a01 10000 100 20000 131612 10185 8958
0b000301 0b000f01 10000 100 5000 136748 5120 4289
0b000b01 0b008401 10000 100 20000 113674 28294 8958
0b000801 0b005501 10000 100 200000 113365 28659 16504
0b004201 0b001b01 10000 100 1000 127613 14664 8161
0b007001 0b006f01 10000 100 5000 133415 8906 8329
0b001101 0b004d01 10000 100 1000 134032 8301 8161
0b006101 0b002b01 10000 100 50000 128047 14417 10216
0b000801 0b003f01 10001 100 5000 119940 22585 8329
0b005701 0b007f01 10000 100 1000 134165 8366 8161
0b004301 0b007d01 10000 100 1000000 43161 99588 50040
0b007401 0b002401 10000 100 200000 95453 47315 16504
0b009601 0b009701 10000 100 10000 135561 7360 4499
0b004e01 0b004201 10000 100 2000 138775 4172 4163
0b007601 0b000d01 10000 100 2000 134596 8351 8203
0b006101 0b006d01 10000 100 20000 137231 5719 4918
0b002601 0b001a01 10000 100 200000 119269 23714 16504
0b002001 0b007e01 10000 100 20000 123975 19040 8958
0b007501 0b009301 10000 100 1000 135137 8170 8161
0b001f01 0b009201 10000 100 20000 129247 14105 8958
0b008601 0b003801 10000 100 2000 133560 9830 8203
0b004501 0b001b01 10000 100 100000 123245 20146 12312
0b001201 0b007701 10000 100 100000 118518 25054 12312
0b001e01 0b002701 10000 100 2000 125057 18520 8203
0b009201 0b001e01 10000 100 5000 124480 19193 8329
0b000c01 0b004601 10000 100 200000 116428 27309 16504
0b002601 0b005501 10000 100 1000 135735 8360 8161
0b000601 0b008701 10000 100 1000 134399 9928 8161
0b009e01 0b007301 10000 100 1000000 54542 89845 50040
0b008101 0b008c01 10000 100 20000 139335 5165 4918
0b001201 0b004501 10000 100 20000 133427 11202 8958
0b000201 0b000001 10000 100 50000 128185 16625 6176
0b004201 0b007e01 10001 100 50000 124918 20102 10216
0b002401 0b009f01 10000 100 500000 76463 68572 29080
0b000b01 0b001f01 10000 100 20000 123775 21319 8958
0b009f01 0b005501 10000 100 1000 137016 8174 8161
0b001b01 0b009801 10001 100 1000 127376 17949 8161
0b000101 0b006c01 10000 100 50000 130474 14878 10216
0b006b01 0b004701 10000 100 50000 133132 12433 10216
0b004c01 0b006201 10000 100 10000 129039 16630 8539
0b005e01 0b002901 10001 100 500000 54521 91167 29080
0b000d01 0b000c01 10000 100 5000 134575 11122 4289
0b000c01 0b008a01 10000 100 1000 131629 14180 8161
0b003201 0b005001 10000 100 1000000 9237 136745 50040
0b004101 0b007101 10000 100 10000 125651 20484 8539
0b001601 0b001901 10000 100 500000 26769 119535 25040
0b009c01 0b007b01 10000 100 1000 138112 8227 8161
0b000601 0b008b01 10000 100 200000 122677 23689 16504
0b009a01 0b006e01 10000 100 100000 132998 13405 12312
0b006801 0b002d01 10000 100 100000 126701 19712 12312
0b003e01 0b003901 10000 100 5000 141833 4613 4289
0b002001 0b009401 10000 100 20000 134255 12210 8958
0b005c01 0b007501 10000 100 1000000 46012 100553 50040
0b001801 0b004b01 10001 100 10000 138105 8583 8539
0b007101 0b007601 10000 100 20000 127608 19091 4918
0b006201 0b005b01 10000 100 200000 124639 22102 16504
0b004b01 0b001501 10000 100 10000 137661 9104 8539
0b001801 0b000a01 10000 100 10000 129156 17663 8539
0b009901 0b000801 10000 100 10000 125837 20983 8539
0b000701 0b009501 10000 100 50000 131349 15567 10216
0b004901 0b001801 10000 100 1000 138835 8214 8161
0b003601 0b008101 10000 100 5000 133862 13205 8329
0b009e01 0b000b01 10000 100 5000 134572 12538 8329
0b000c01 0b007901 10000 100 20000 99160 47953 8958
0b008201 0b007d01 10000 100 2000 138906 8331 8203
0b004501 0b005401 10000 100 50000 135419 11827 10216
0b002f01 0b006401 10000 100 10000 138476 8846 8539
0b000101 0b007e01 10000 100 1000 127715 19727 8161
0b001e01 0b001401 10000 100 5000 136978 10515 4289
0b005901 0b007b01 10000 100 200000 127176 20355 16504
0b007901 0b005001 10001 100 10000 121499 26090 8539
0b001101 0b001a01 10000 100 500000 62803 84797 25040
0b005b01 0b002001 10000 100 1000 139409 8230 8161
0b005e01 0b000201 10000 100 20000 135047 12943 8958
0b009801 0b001301 10000 100 100000 121660 26368 12312
0b000f01 0b001601 10000 100 5000 138694 9367 8329
0b008801 0b002401 10000 100 100000 129182 18914 12312
0b005a01 0b001801 10000 100 1000 139908 8192 8161
0b002d01 0b009d01 10000 100 20000 135423 12763 8958
0b005101 0b001b01 10000 100 2000 134289 13988 8203
0b003d01 0b000f01 10000 100 20000 138594 9695 8958
0b000b01 0b001b01 10000 100 200000 110613 37717 16504
0b002901 0b005101 10000 100 100000 133088 15312 12312
0b001501 0b006101 10000 100 10000 138536 10050 8539
0b000c01 0b003d01 10000 100 5000 125558 23137 8329
0b007301 0b001d01 10000 100 20000 136579 12122 8958
0b006401 0b006601 10000 100 20000 142736 6156 4918
0b000001 0b006001 10000 100 1000 139898 9081 8161
0b002701 0b001f01 10000 100 200000 114577 34402 16504
0b006201 0b000901 10001 100 10000 135954 13033 8539
0b005301 0b003e01 10000 100 100000 136431 12627 12312
0b001801 0b009401 10000 100 10000 136359 12704 8539
0b007201 0b008b01 10000 100 50000 136243 12902 10216
0b005b01 0b006f01 10000 100 5000 140421 8743 8329
0b004401 0b009c01 10000 100 1000 140647 8571 8161
0b001801 0b000c01 10000 100 1000000 61578 87641 50040
0b005901 0b000d01 10000 100 1000 141230 8145 8161
0b006701 0b001b01 10000 100 1000 136357 13060 8161
0b007401 0b002e01 10001 100 100000 116735 32753 12312
0b009801 0b005701 10000 100 50000 131934 17580 10216
0b009401 0b005701 10000 100 5000 131611 18258 8329
0b003401 0b008b01 10000 100 20000 139395 10534 8958
0b007f01 0b001401 10000 100 20000 139464 10501 8958
0b009201 0b008301 10000 100 1000 138690 11418 8161
0b000801 0b001b01 10000 100 10000 139127 11015 8539
0b006b01 0b001301 10000 100 2000 130252 19950 8203
0b007201 0b001a01 10000 100 200000 123325 26911 16504
0b008d01 0b004001 10000 100 1000 141927 8424 8161
0b000401 0b007901 10000 100 500000 33585 116834 29080
0b008d01 0b000d01 10000 100 20000 134824 15689 8958
0b008201 0b005901 10000 100 10000 141466 9152 8539
0b009f01 0b003601 10000 100 200000 125873 24830 16504
0b001f01 0b004a01 10000 100 1000 141913 8853 8161
0b001f01 0b005301 10000 100 2000 142174 8682 8203
0b008301 0b009b01 10000 100 200000 114358 36584 16504
0b007201 0b006001 10000 100 10000 142101 9025 8539
0b009001 0b007901 10000 100 200000 86897 64277 16504
0b008d01 0b007201 10000 100 5000 139414 11775 8329
0b009f01 0b006a01 10000 100 2000 140982 10227 8203
0b004101 0b000601 10000 100 1000 143032 8212 8161
0b000c01 0b006201 10000 100 100000 133656 17638 12312
0b007101 0b005d01 10001 100 20000 128784 22611 8958
0b001d01 0b009d01 10000 100 100000 134265 17221 12312
0b006301 0b007e01 10000 100 1000 132008 19503 8161
0b004001 0b000701 10000 100 100000 133563 17960 12312
0b006001 0b005501 10000 100 100000 131473 20063 12312
0b005101 0b007701 10000 100 10000 136515 15109 8539
0b004301 0b003501 10000 100 20000 142248 9395 8958
0b006701 0b007901 10000 100 200000 101873 49897 16504
0b004101 0b008e01 10000 100 50000 136535 15268 10216
0b005301 0b007101 10000 100 500000 61061 90769 29080
0b002701 0b006601 10000 100 200000 121695 30270 16504
0b001a01 0b007d01 10000 100 100000 131767 20219 12312
0b005101 0b004e01 10000 100 20000 140993 11110 8958
0b002e01 0b001b01 10000 100 20000 142463 9709 8958
0b001201 0b001401 10001 100 50000 141864 10342 6176
0b000a01 0b009e01 10000 100 10000 132944 19465 8539
0b003f01 0b002401 10000 100 200000 131050 21409 16504
0b002401 0b009a01 10000 100 1000 139444 13031 8161
0b002b01 0b004d01 10000 100 2000 144220 8328 8203
0b004701 0b007001 10000 100 50000 141246 11341 10216
0b003c01 0b003201 10000 100 10000 147731 4879 4499
0b003f01 0b001301 10000 100 100000 123682 28990 12312
0b004401 0b003f01 10000 100 100000 135213 17475 12312
0b003001 0b004c01 10001 100 20000 135506 17315 8958
0b005d01 0b002801 10000 100 1000 144732 8264 8161
0b005901 0b003001 10000 100 20000 144081 8974 8958
0b007701 0b006201 10000 100 1000000 20430 132642 50040
0b003501 0b004f01 10000 100 100000 136405 16710 12312
0b004201 0b005401 10000 100 20000 139695 13446 8958
0b007501 0b008a01 10000 100 500000 58797 94372 29080
0b001701 0b009601 10000 100 5000 142530 10690 8329
0b005901 0b002a01 10000 100 100000 134172 19064 12312
0b009701 0b006c01 10000 100 100000 133068 20192 12312
0b009001 0b000701 10000 100 500000 76142 77448 29080
0b006001 0b005401 10000 100 10000 139134 14475 8539
0b002201 0b009501 10000 100 100000 132533 21136 12312
0b007e01 0b004001 10000 100 1000000 76207 77621 50040
0b001401 0b008d01 10000 100 1000 145465 8404 8161
0b009e01 0b009c01 10000 100 2000 149442 4513 4163
0b009c01 0b001101 10000 100 50000 138071 15898 10216
0b004d01 0b006601 10000 100 1000 145637 8352 8161
0b000b01 0b006a01 10000 100 500000 72120 81970 29080
0b007601 0b002301 10000 100 500000 85764 68382 29080
0b005301 0b008c01 10000 100 20000 144993 9243 8958
0b008c01 0b008001 10000 100 1000 148843 5491 4121
0b003b01 0b004801 10000 100 10000 145458 8990 8539
0b004c01 0b002301 10000 100 5000 135992 18747 8329
0b003001 0b005401 10000 100 100000 135715 19046 12312
0b009a01 0b004501 10000 100 10000 146080 8769 8539
0b005a01 0b008a01 10001 100 20000 145128 9756 8958
0b001401 0b008201 10000 100 200000 135350 19827 16504
0b003c01 0b009001 10000 100 500000 92814 62484 29080
0b007f01 0b008f01 10000 100 20000 132812 22497 8958
0b009701 0b006c01 10001 100 50000 140576 14758 10216
0b005801 0b009301 10000 100 100000 124584 30816 12312
0b007801 0b001d01 10000 100 500000 96067 59356 29080
0b009001 0b009301 10000 100 100000 132043 23467 8272
0b005d01 0b006801 10000 100 200000 118099 37495 16504
0b004c01 0b001901 10000 100 1000 127410 28319 8161
0b000301 0b003301 10000 100 200000 102095 53711 16504
0b007301 0b003501 10000 100 50000 144654 11180 10216
0b007e01 0b006301 10000 100 10000 143999 11875 8539
0b006a01 0b008f01 10000 100 500000 96287 59593 29080
0b004e01 0b000701 10000 100 10000 142015 13980 8539
0b005401 0b008701 10000 100 10000 143565 12442 8539
0b008801 0b006001 10000 100 50000 142856 13386 10216
0b004601 0b002201 10000 100 10000 137655 18849 8539
0b005301 0b006201 10000 100 1000 146131 10379 8161
0b009701 0b005a01 10000 100 5000 147986 8541 8329
0b007b01 0b000301 10000 100 100000 142195 14476 12312
0b003101 0b000f01 10000 100 200000 132297 24433 16504
0b009e01 0b000301 10000 100 2000 147538 9254 8203
0b000801 0b007801 10000 100 5000 139616 17179 8329
0b009101 0b008601 10000 100 10000 147961 8852 8539
0b007101 0b009601 10000 100 200000 123346 33587 16504
0b009601 0b006101 10000 100 20000 140306 16652 8958
0b000501 0b002f01 10000 100 1000 148044 8968 8161
0b009001 0b005001 10000 100 50000 131810 25205 10216
0b009901 0b001301 10000 100 500000 77408 79760 29080
0b000a01 0b002b01 10000 100 100000 128808 28463 12312
0b005201 0b001f01 10000 100 1000 149153 8142 8161
0b007a01 0b000a01 10000 100 500000 100062 57275 29080
0b004e01 0b008601 10000 100 1000 148967 8380 8161
0b004401 0b009801 10000 100 100000 134114 23276 12312
0b005301 0b008601 10000 100 5000 148888 8541 8329
0b003301 0b007901 10000 100 20000 148247 9209 8958
0b008301 0b001401 10000 100 20000 147197 10337 8958
0b008501 0b005301 10000 100 500000 46126 111420 29080
0b001701 0b007701 10000 100 1000000 92505 65051 50040
0b008b01 0b003301 10000 100 200000 111239 46591 16504
0b009c01 0b005b01 10000 100 10000 147610 10303 8539
0b009201 0b008c01 10000 100 10000 148381 9548 8539
0b003501 0b004b01 10000 100 10000 149022 8939 8539
0b000c01 0b001001 10000 100 20000 148843 9345 8958
0b002b01 0b003901 10000 100 10000 149049 9290 8539
0b000701 0b000a01 10000 100 10000 138309 20051 4499
0b000b01 0b000101 10000 100 500000 86209 72195 25040
0b007501 0b007a01 10000 100 200000 136918 21541 12464
0b008101 0b004c01 10000 100 2000 142955 15508 8203
0b001401 0b009901 10000 100 20000 148086 10571 8958
0b009801 0b005401 10000 100 20000 139919 18959 8958
0b003601 0b002a01 10000 100 10000 143396 15653 8539
0b001801 0b003301 10000 100 1000 144760 14409 8161
0b006901 0b002d01 10000 100 20000 148337 10969 8958
0b002e01 0b007801 10000 100 5000 142361 16983 8329
0b006001 0b003901 10000 100 200000 134589 24803 16504
0b002901 0b008c01 10000 100 50000 148409 11343 10216
0b008b01 0b006d01 10000 100 20000 147515 12254 8958
0b000901 0b008901 10001 100 100000 136672 23174 12312
0b003a01 0b001701 10000 100 50000 140788 19122 10216
0b005001 0b001a01 10000 100 5000 147676 12270 8329
0b007401 0b006201 10000 100 1000 134031 26017 8161
0b007901 0b004401 10000 100 2000 149349 10785 8203
0b007e01 0b004801 10000 100 20000 147521 12619 8958
0b005e01 0b004001 10000 100 100000 136911 23255 12312
0b004201 0b009801 10000 100 1000 146674 13729 8161
0b005c01 0b007c01 10000 100 50000 147594 12921 10216
0b003501 0b004401 10000 100 1000000 102893 57868 50040
0b002c01 0b004301 10000 100 100000 138345 22430 12312
0b008601 0b006a01 10000 100 1000000 90680 70204 50040
0b002701 0b006201 10000 100 10000 149583 11932 8539
0b005801 0b002901 10000 100 20000 138984 22588 8958
0b004601 0b001d01 10001 100 2000 141034 20604 8203
0b002701 0b000c01 10000 100 500000 109579 52279 29080
0b009201 0b004801 10000 100 50000 150273 11683 10216
0b000e01 0b003e01 10000 100 1000 146623 15361 8161
0b004e01 0b004401 10000 100 200000 140457 21577 12464
0b000501 0b003c01 10000 100 20000 148917 13408 8958
0b000401 0b001901 10001 100 1000 134909 27480 8161
0b004c01 0b003f01 10000 100 50000 148812 13591 10216
0b004a01 0b001701 10001 100 200000 141885 20685 16504
0b005e01 0b002c01 10000 100 100000 136806 25845 12312
0b009801 0b007401 10000 100 20000 132069 30587 8958
0b009f01 0b002a01 10000 100 20000 146708 16040 8958
0b006601 0b007e01 10000 100 500000 112912 49970 29080
0b006401 0b006201 10000 100 100000 150293 12888 8272
0b007401 0b009801 10000 100 50000 130795 32503 10216
0b005f01 0b002301 10000 100 200000 127940 35476 16504
0b005e01 0b003601 10000 100 500000 73275 90167 29080
0b001101 0b009e01 10000 100 5000 149120 14378 8329
0b002101 0b000a01 10000 100 20000 131984 31657 8958
0b007501 0b009601 10000 100 500000 105587 58676 29080
0b005f01 0b004b01 10000 100 5000 141144 23206 8329
0b007d01 0b007201 10000 100 500000 114625 49807 25040
0b007e01 0b004301 10000 100 100000 142907 21595 12312
0b003101 0b008f01 10000 100 10000 141359 23361 8539
0b005201 0b008e01 10000 100 200000 126023 39017 16504
0b008e01 0b007401 10000 100 200000 118740 46432 16504
0b006201 0b008801 10000 100 100000 148626 16605 12312
0b000301 0b008701 10000 100 500000 77835 87434 29080
0b001f01 0b001301 10000 100 500000 118621 46760 25040
0b000d01 0b007401 10000 100 10000 139489 25959 8539
0b001001 0b004601 10001 100 200000 133666 31815 16504
0b002401 0b004801 10000 100 200000 109743 56035 16504
0b005601 0b006f01 10000 100 200000 112934 53052 16504
0b002501 0b005501 10000 100 200000 140456 25654 16504
0b008401 0b008e01 10000 100 200000 140364 25870 12464
0b006e01 0b003a01 10000 100 1000000 102956 63284 50040
0b001c01 0b008d01 10000 100 200000 135188 31094 16504
0b003101 0b007801 10000 100 500000 115800 51115 29080
0b007701 0b000e01 10000 100 1000000 67809 99569 50040
0b008901 0b008001 10000 100 1000000 41408 126388 46000
0b001601 0b008001 10000 100 1000000 21769 146087 50040
0b007401 0b002a01 10000 100 200000 125596 42488 16504
0b001c01 0b007401 10000 100 10000 144808 23544 8539
0b000f01 0b007601 10000 100 50000 146121 22343 10216
0b008401 0b001b01 10000 100 200000 147012 21545 16504
0b008501 0b004301 10000 100 10000 146612 22758 8539
0b008501 0b000901 10000 100 20000 144508 25442 8958
0b008a01 0b009c01 10001 100 100000 146240 23937 12312
0b009501 0b000001 10000 100 200000 143294 26890 16504
0b000e01 0b001301 10000 100 50000 124623 46049 10216
0b006001 0b008f01 10000 100 200000 128967 41743 16504
0b005c01 0b001901 10001 100 200000 118748 52032 16504
0b005401 0b000401 10000 100 2000000 9721 161130 91960
0b003601 0b009801 10000 100 500000 105368 65723 29080
0b003c01 0b009401 10000 100 200000 143396 28115 16504
0b004d01 0b008001 10000 100 200000 138810 32831 16504
0b006f01 0b005801 10000 100 5000 149529 22421 8329
0b009401 0b006e01 10000 100 200000 146288 26035 16504
0b001901 0b005d01 10000 100 1000 144089 28310 8161
0b009901 0b007e01 10000 100 200000 148299 25191 16504
0b009301 0b002401 10000 100 500000 138560 35069 29080
0b006301 0b004101 10000 100 100000 149113 24718 12312
0b008201 0b003701 10000 100 2000000 24692 149523 91960
0b007e01 0b008601 10000 100 200000 141830 32663 16504
0b008e01 0b005e01 10000 100 500000 128682 46126 29080
0b000101 0b001d01 10000 100 100000 145971 29682 12312
0b000501 0b009401 10000 100 200000 125971 49814 16504
0b000b01 0b009c01 10000 100 500000 71183 105247 29080
0b002501 0b002301 10000 100 200000 150215 26249 12464
0b001901 0b004301 10000 100 50000 150309 26274 10216
0b006701 0b002301 10000 100 500000 138580 38031 29080
0b009b01 0b001c01 10000 100 100000 131815 44845 12312
0b002201 0b009a01 10000 100 500000 127507 49156 29080
0b000601 0b005901 10000 100 500000 89331 87500 29080
0b007d01 0b008e01 10000 100 1000000 67310 109522 50040
0b008501 0b006e01 10000 100 500000 52714 125214 29080
0b001c01 0b001901 10000 100 200000 133683 44434 12464
0b009a01 0b001901 10000 100 5000 149931 28204 8329
0b007101 0b009d01 10000 100 100000 142251 36050 12312
0b003401 0b000901 10000 100 1000000 45196 133134 50040
0b008701 0b007101 10000 100 100000 144078 34540 12312
0b007b01 0b001901 10000 100 10000 148109 30619 8539
0b004e01 0b003401 10000 100 2000000 12882 165896 91960
0b005201 0b000701 10000 100 1000000 102126 76662 50040
0b000501 0b001701 10000 100 1000000 22405 156405 50040
0b001201 0b002601 10000 100 1000000 85080 94167 50040
0b004b01 0b002101 10000 100 500000 127669 51990 29080
0b002b01 0b000e01 10000 100 500000 135174 44568 29080
0b006801 0b002201 10000 100 1000000 110822 68928 50040
0b001a01 0b002701 10000 100 500000 118581 61208 29080
0b007d01 0b007901 10000 100 500000 60519 119441 25040
0b006b01 0b007701 10000 100 200000 134930 45064 16504
0b001c01 0b007301 10000 100 500000 138188 42873 29080
0b009901 0b002c01 10000 100 1000000 86897 94198 50040
0b009b01 0b007701 10000 100 100000 135436 45838 12312
0b009e01 0b004e01 10001 100 500000 148173 33879 29080
0b008a01 0b004f01 10000 100 1000000 41969 140427 50040
0b007f01 0b006301 10000 100 500000 136376 46404 29080
0b005501 0b005a01 10000 100 1000000 92327 90456 46000
0b004301 0b006501 10000 100 1000000 38891 144057 50040
0b002c01 0b000a01 10000 100 500000 119719 63481 29080
0b003401 0b002d01 10000 100 1000000 47580 135885 50040
0b008901 0b004101 10000 100 500000 107875 75753 29080
0b000001 0b003101 10000 100 200000 149760 34096 16504
0b009001 0b008901 10000 100 500000 107405 76831 29080
0b000001 0b003a01 10000 100 200000 150341 34045 16504
0b009b01 0b006d01 10000 100 100000 140421 44399 12312
0b005f01 0b006301 10000 100 200000 147863 38109 16504
0b001a01 0b005301 10000 100 1000000 74101 112629 50040
0b000201 0b004c01 10000 100 500000 69904 117394 29080
0b009601 0b003601 10000 100 100000 147386 40143 12312
0b000801 0b002d01 10000 100 500000 113054 74580 29080
0b000201 0b008101 10000 100 1000000 44571 143648 50040
0b001601 0b001401 10000 100 500000 80805 107566 25040
0b007a01 0b003301 10000 100 500000 38630 150466 29080
0b007201 0b004601 10000 100 500000 132456 56909 29080
0b006601 0b001601 10000 100 500000 135845 54020 29080
0b002601 0b005601 10000 100 500000 141118 48879 29080
0b008901 0b001901 10000 100 1000000 30636 159480 50040
0b001301 0b006701 10000 100 500000 146988 43304 29080
0b001501 0b005701 10000 100 1000000 48606 142865 50040
0b007801 0b008901 10000 100 500000 134978 56508 29080
0b000001 0b009e01 10000 100 500000 144198 47568 29080
0b004701 0b006201 10000 100 1000000 71369 120739 50040
0b000101 0b006d01 10000 100 500000 119552 72821 29080
0b007f01 0b009c01 10000 100 500000 142857 49661 29080
0b008e01 0b006d01 10000 100 500000 149951 43971 29080
0b008b01 0b006101 10000 100 200000 148044 46067 16504
0b000f01 0b008501 10000 100 1000000 103392 91492 50040
0b005c01 0b005801 10000 100 500000 143793 51115 25040
0b001101 0b008e01 10000 100 200000 137567 57511 16504
0b000401 0b007101 10000 100 500000 110895 85566 29080
0b009c01 0b000001 10000 100 1000000 104184 93139 50040
0b003a01 0b001401 10000 100 1000000 117512 80025 50040
0b007001 0b005b01 10000 100 200000 146637 51446 16504
0b007001 0b005401 10001 100 500000 138937 59184 29080
0b008001 0b006201 10000 100 200000 147304 51144 16504
0b004301 0b001101 10000 100 500000 146516 52468 29080
0b005e01 0b000501 10000 100 500000 92721 106629 29080
0b008b01 0b007001 10000 100 500000 112087 88174 29080
0b007e01 0b008601 10001 100 500000 149197 51310 29080
0b001201 0b009101 10000 100 1000000 111352 90271 50040
0b007401 0b006b01 10000 100 500000 142936 58780 29080
0b008b01 0b005301 10000 100 500000 120430 83607 29080
0b001601 0b008601 10000 100 1000000 33961 170718 50040
0b006101 0b006801 10000 100 2000000 49016 156828 87920
0b003e01 0b001b01 10000 100 1000000 109480 96380 50040
0b001101 0b001d01 10000 100 500000 103060 103745 25040
0b008001 0b004001 10000 100 500000 109929 97317 29080
0b000501 0b006601 10000 100 1000000 53944 154703 50040
0b002a01 0b001f01 10000 100 2000000 32431 176909 91960
0b000301 0b003601 10000 100 1000000 84652 124916 50040
0b002c01 0b000b01 10000 100 1000000 120076 89809 50040
0b001301 0b007d01 10000 100 1000000 59701 153099 50040
0b004d01 0b007801 10000 100 1000000 107357 105940 50040
0b007001 0b005001 10000 100 1000000 128023 85794 50040
0b007401 0b008501 10000 100 500000 134238 80022 29080
0b008d01 0b003301 10000 100 500000 48532 166174 29080
0b008201 0b009901 10000 100 1000000 149297 66189 50040
0b009701 0b007401 10000 100 500000 118338 97655 29080
0b001601 0b007c01 10000 100 500000 109229 107508 29080
0b004f01 0b006201 10000 100 1000000 81951 135397 50040
0b002501 0b004901 10000 100 1000000 142289 75185 50040
0b004a01 0b005b01 10000 100 500000 149486 68016 29080
0b008b01 0b004501 10000 100 1000000 108119 110790 50040
0b000601 0b005001 10000 100 1000000 32741 187272 50040
0b008c01 0b007601 10000 100 500000 141396 79067 29080
0b006401 0b005f01 10000 100 500000 140233 81015 29080
0b004d01 0b000301 10000 100 2000000 36822 184758 91960
0b006b01 0b009501 10000 100 500000 134859 87444 29080
0b009d01 0b000a01 10000 100 1000000 34528 188426 50040
0b008901 0b000701 10000 100 1000000 135274 88128 50040
0b006301 0b007f01 10000 100 1000000 95186 128301 50040
0b005001 0b006001 10000 100 500000 131578 92947 29080
0b004c01 0b002601 10000 100 1000000 114423 110937 50040
0b008501 0b005a01 10000 100 1000000 36229 190359 50040
0b008a01 0b006901 10000 100 1000000 121368 105364 50040
0b009601 0b004d01 10000 100 1000000 74468 152415 50040
0b009b01 0b009001 10000 100 500000 129283 98307 25040
0b008201 0b005801 10000 100 500000 115673 111945 29080
0b001901 0b005601 10000 100 500000 73941 154181 29080
0b001901 0b007b01 10000 100 1000000 69606 161208 50040
0b000101 0b008d01 10000 100 500000 145827 85176 29080
0b006b01 0b009d01 10000 100 500000 148272 82974 29080
0b009001 0b006901 10000 100 1000000 115098 116263 50040
0b004901 0b008301 10000 100 2000000 124742 107281 91960
0b007e01 0b005b01 10000 100 500000 149555 82953 29080
0b003a01 0b007601 10000 100 1000000 100519 133278 50040
0b006001 0b007601 10000 100 500000 150051 84451 29080
0b006301 0b001601 10000 100 1000000 109662 125037 50040
0b000e01 0b003301 10000 100 500000 45537 189933 29080
0b004c01 0b007101 10001 100 500000 126286 110203 29080
0b001101 0b004801 10000 100 2000000 9215 227705 91960
0b007601 0b005601 10000 100 500000 122797 114621 29080
0b006801 0b009b01 10000 100 500000 142344 97850 29080
0b009101 0b003301 10000 100 1000000 79651 162469 50040
0b000301 0b009101 10000 100 1000000 25495 219173 50040
0b007801 0b007101 10000 100 1000000 145579 100514 46000
0b009b01 0b000e01 10000 100 1000000 63419 182795 50040
0b008601 0b006401 10000 100 2000000 147436 100204 91960
0b008d01 0b002101 10000 100 1000000 141884 107187 50040
0b003301 0b000101 10000 100 1000000 67118 183999 50040
0b005601 0b005d01 10000 100 1000000 99929 151687 46000
0b009701 0b006f01 10000 100 2000000 109866 141852 91960
0b006b01 0b002701 10000 100 1000000 137014 115866 50040
0b000b01 0b008701 10000 100 2000000 143809 109507 91960
0b009401 0b002801 10000 100 2000000 125610 129142 91960
0b003f01 0b006501 10000 100 1000000 146506 109058 50040
0b001a01 0b000b01 10000 100 1000000 86474 171638 50040
0b000801 0b008f01 10000 100 500000 28037 230539 29080
0b003b01 0b006501 10000 100 1000000 135505 124830 50040
0b002401 0b007b01 10000 100 500000 143010 117844 29080
0b009501 0b009401 10000 100 1000000 130767 132184 46000
0b005001 0b000101 10000 100 1000000 108582 155042 50040
0b003701 0b001101 10000 100 2000000 97640 166150 91960
0b000e01 0b000601 10000 100 1000000 98439 168170 46000
0b001401 0b007b01 10000 100 2000000 142003 124804 91960
0b009601 0b002001 10000 100 500000 125913 144754 29080
0b009601 0b008f01 10000 100 500000 126722 145003 29080
0b000201 0b004301 10000 100 2000000 26784 245047 91960
0b009b01 0b007401 10000 100 1000000 136411 135503 50040
0b006701 0b007401 10000 100 1000000 61245 210717 50040
0b001d01 0b009b01 10000 100 1000000 144348 127771 50040
0b000501 0b000e01 10000 100 1000000 147011 125421 46000
0b000501 0b008001 10000 100 1000000 137623 136161 50040
0b005601 0b009001 10000 100 1000000 33330 240587 50040
0b000201 0b008a01 10000 100 1000000 96501 177958 50040
0b009601 0b004801 10000 100 500000 132237 142568 29080
0b000201 0b001c01 10000 100 1000000 136494 138821 50040
0b005d01 0b004c01 10000 100 2000000 101219 174877 91960
0b002401 0b003c01 10000 100 1000000 84320 193110 50040
0b008001 0b002f01 10000 100 2000000 33204 245051 91960
0b007901 0b007501 10000 100 500000 25820 252562 25040
0b002201 0b005701 10000 100 2000000 42342 236150 91960
0b007401 0b004801 10000 100 1000000 60844 218329 50040
0b005001 0b000201 10000 100 1000000 131559 148365 50040
0b004601 0b004c01 10000 100 1000000 126601 156585 46000
0b003e01 0b005f01 10000 100 1000000 134219 149906 50040
0b006b01 0b005001 10000 100 1000000 46128 243223 50040
0b004c01 0b001e01 10000 100 2000000 51319 242681 91960
0b001b01 0b001f01 10000 100 1000000 63863 230156 46000
0b005c01 0b001901 10000 100 1000000 108498 186241 50040
0b005401 0b005801 10000 100 1000000 47438 248404 46000
0b008a01 0b003301 10000 100 500000 48767 247421 29080
0b001501 0b007401 10000 100 1000000 93074 203183 50040
0b006601 0b001e01 10000 100 2000000 143189 156817 91960
0b002401 0b007801 10000 100 1000000 99396 201379 50040
0b006f01 0b005f01 10000 100 1000000 122219 180369 50040
0b005101 0b007501 10000 100 2000000 68147 238333 91960
0b002401 0b006b01 10000 100 1000000 118405 191190 50040
0b008501 0b009201 10000 100 1000000 142425 167516 50040
0b001b01 0b009801 10000 100 2000000 98125 213097 91960
0b007801 0b008f01 10000 100 1000000 26225 287574 50040
0b003201 0b005801 10000 100 1000000 108905 205105 50040
0b005601 0b005401 10000 100 1000000 69517 248007 46000
0b008501 0b004601 10000 100 1000000 133552 184728 50040
0b009001 0b005601 10000 100 1000000 78815 241339 50040
0b009601 0b008c01 10000 100 1000000 126711 195052 50040
0b000e01 0b009b01 10000 100 1000000 81319 247535 50040
0b008a01 0b008601 10000 100 1000000 53348 276745 46000
0b006301 0b008501 10001 100 2000000 89197 241547 91960
0b004201 0b008f01 10000 100 1000000 12510 320683 50040
0b007901 0b005601 10000 100 1000000 18210 317590 50040
0b005d01 0b005f01 10000 100 500000 135758 201244 25040
0b005d01 0b007901 10000 100 1000000 41899 302111 50040
0b005b01 0b001e01 10000 100 1000000 111541 233193 50040
0b002401 0b009201 10000 100 2000000 102068 248361 91960
0b001d01 0b008f01 10001 100 2000000 113123 237936 91960
0b007801 0b007401 10000 100 1000000 72402 284225 46000
0b001601 0b006f01 10000 100 2000000 140994 217155 91960
0b000301 0b007901 10000 100 1000000 75598 284799 50040
0b000e01 0b002901 10000 100 1000000 97021 267907 50040
0b008501 0b008c01 10000 100 1000000 60541 306327 46000
0b009601 0b009c01 10000 100 2000000 119495 247572 87920
0b008501 0b000801 10000 100 2000000 70443 296779 91960
0b005101 0b000f01 10000 100 2000000 6746 360541 91960
0b005601 0b005a01 10000 100 1000000 23054 345910 46000
0b001901 0b006501 10000 100 1000000 123857 246437 50040
0b008001 0b001f01 10000 100 2000000 131762 239474 91960
0b005b01 0b002a01 10000 100 2000000 118930 253353 91960
0b000501 0b000001 10000 100 2000000 56174 322331 87920
0b000e01 0b009001 10000 100 1000000 71290 307568 50040
0b005101 0b005b01 10000 100 1000000 138109 243301 46000
0b006901 0b002101 10000 100 2000000 135324 249546 91960
0b005601 0b005b01 10000 100 1000000 22699 364852 46000
0b009b01 0b003701 10000 100 1000000 76665 316965 50040
0b008f01 0b009a01 10000 100 1000000 24406 377367 50040
0b000901 0b009b01 10000 100 2000000 102390 309966 91960
0b001101 0b000b01 10000 100 2000000 35495 395124 91960
0b002601 0b007601 10000 100 2000000 143503 291198 91960
0b005d01 0b001901 10000 100 2000000 98014 346239 91960
0b002801 0b009a01 10000 100 5000000 24692 441201 217720
0b008001 0b007f01 10000 100 5000000 58215 408067 217720
0b001601 0b004901 10000 100 5000000 123974 354379 217720
0b005f01 0b005601 10000 100 2000000 65788 412660 87920
0b008f01 0b008701 10000 100 2000000 16214 466238 87920
0b008701 0b009d01 10000 100 5000000 34027 474488 217720
0b005001 0b007e01 10000 100 5000000 86563 422966 217720
0b001f01 0b006501 10000 100 2000000 29932 503350 91960
0b003701 0b008a01 10000 100 5000000 63846 502440 217720
0b000101 0b003801 10000 100 5000000 125871 470111 217720
0b000101 0b009801 10000 100 5000000 136493 463755 217720
0b007601 0b004601 10000 100 5000000 39528 585417 217720
0b006501 0b000f01 10000 100 2000000 21550 631895 91960
0b004a01 0b000f01 10000 100 5000000 6571 650738 217720
0b000601 0b009001 10000 100 5000000 86627 577880 217720
0b009001 0b009d01 10000 100 5000000 23803 674570 213680
0b002901 0b007101 10000 100 5000000 112473 595827 217720
0b009601 0b005801 10000 100 5000000 108664 628675 217720
0b007401 0b009b01 10000 100 5000000 63869 732719 217720
