0b000801 0b013c01 10000 100 2048 169 12356 12415
0b00da01 0b00ed01 10000 100 5120 10447 8570 8632
0b00db01 0b004201 10000 100 20480 11211 13902 13959
0b009301 0b009101 10000 100 51200 21847 8396 8455
0b011501 0b002b01 10000 100 20480 17982 13902 13959
0b005801 0b002e01 10000 100 204800 4247 29384 29411
0b001001 0b010b01 10000 100 102400 13695 20787 20827
0b000301 0b010601 10000 100 204800 6032 29415 29411
0b00e401 0b00ed01 10000 100 1024 33105 4182 4249
0b009901 0b009201 10000 100 5120 33982 4526 4592
0b001601 0b00c601 10000 100 51200 25314 16484 16535
0b005e01 0b000b01 10000 100 51200 26602 16489 16535
0b011101 0b00a101 10000 100 204800 17070 29384 29411
0b00e901 0b006c01 10000 100 102400 28621 20784 20827
0b003201 0b006e01 10000 100 5120 37045 12614 12672
0b010901 0b00ec01 10000 100 20480 35924 13902 13959
0b00a901 0b00a301 10000 100 204800 32078 21296 21331
0b00fa01 0b00f201 10000 100 512000 9205 47100 47086
0b005f01 0b012001 10000 100 204800 27678 29384 29411
0b000101 0b00e501 10000 100 5120 46970 13002 12672
0b013901 0b00ef01 10000 100 5120 49795 12629 12672
0b007901 0b004101 10000 100 10240 54355 9018 9061
0b011c01 0b003101 10000 100 51200 53158 16501 16535
0b00e201 0b009301 10000 100 102400 49375 20808 20827
0b002d01 0b002a01 10000 100 10240 66341 5074 5021
0b00e401 0b007001 10000 100 5120 62207 12695 12672
0b013001 0b007901 10000 100 5120 63917 12706 12672
0b00a001 0b00d901 10000 100 102400 56158 20784 20827
0b000101 0b004801 10000 100 5120 68413 12614 12672
0b012301 0b013001 10000 100 51200 69141 12660 12495
0b000101 0b013101 10000 100 204800 43808 39035 29411
0b003e01 0b001401 10000 100 10240 74127 9803 9061
0b001c01 0b012301 10000 100 204800 56187 29760 29411
0b00d001 0b007d01 10000 100 51200 73681 16521 16535
0b00db01 0b00a801 10000 100 51200 77859 16506 16535
0b00b601 0b013e01 10000 100 1024 82683 12285 12329
0b002901 0b000d01 10000 100 51200 85216 12443 12495
0b00f501 0b010301 10000 100 10240 85710 13069 13101
0b007d01 0b009901 10000 100 10240 88138 13071 13101
0b00a601 0b00aa01 10000 100 2048 97439 4268 4335
0b010d01 0b001401 10000 100 1048576 1321 101125 100154
0b00e701 0b011c01 10000 100 10240 101423 13043 13101
0b006401 0b009901 10000 100 51200 103020 16503 16535
0b012201 0b011f01 10000 100 204800 88275 33661 25371
0b001b01 0b010e01 10000 100 5120 121252 12620 12672
0b000701 0b011201 10000 100 512000 79768 55219 55166
0b00ae01 0b010201 10000 100 2048 126312 12356 12415
0b008001 0b001401 10000 100 102400 122171 20790 20827
0b001e01 0b006a01 10000 100 2048 133947 12371 12415
0b009901 0b00fc01 10000 100 102400 127345 20793 20827
0b009c01 0b00c301 10000 100 102400 128099 20804 20827
0b012a01 0b011b01 10000 100 512000 100419 51162 51126
0b007701 0b00ca01 10000 100 51200 136226 16487 16535
0b00bc01 0b00e401 10000 100 1048576 56110 100286 100154
0b013a01 0b00d901 10000 100 204800 129061 29392 29411
0b006901 0b00de01 10000 100 10240 145221 13801 13101
0b013b01 0b011901 10000 100 512000 109050 51144 51126
0b013101 0b00d501 10000 100 1048576 4270 156808 100154
0b001701 0b001801 10000 100 20480 153663 9157 5879
0b00aa01 0b00bf01 10000 100 102400 151569 16740 16787
0b00a101 0b00be01 10000 100 102400 151506 17667 16787
0b004301 0b00f001 10000 100 204800 123876 46503 29411
0b001801 0b001001 10000 100 512000 119237 53037 47086
0b007301 0b00df01 10000 100 512000 112230 61507 55166
0b009401 0b001001 10000 100 20480 160065 14058 13959
0b00a001 0b00a701 10000 100 102400 164461 12696 12747
0b005301 0b00e101 10000 100 512000 124150 55188 55166
0b013f01 0b008501 10000 100 102400 159669 20789 20827
0b00b901 0b012501 10000 100 5120 169432 13089 12672
0b005801 0b00f901 10000 100 2048 176369 12385 12415
0b003001 0b001801 10000 100 1048576 89114 99988 96114
0b012001 0b003301 10000 100 10240 185201 13871 13101
0b012c01 0b00c401 10000 100 51200 189855 16484 16535
0b00fb01 0b007901 10000 100 102400 187407 21251 20827
0b004301 0b004001 10000 100 2097152 15865 197460 179988
0b007d01 0b002901 10000 100 204800 185583 29813 29411
0b000001 0b001301 10000 100 204800 173812 42513 25371
0b00b001 0b000901 10000 100 2097152 29274 188347 188068
0b000801 0b002d01 10000 100 5120 209728 8570 8632
0b010301 0b009701 10000 100 10240 212911 13511 13101
0b009301 0b00d401 10000 100 51200 217397 16524 16535
0b00be01 0b001c01 10000 100 1048576 74583 160035 100154
0b008601 0b000b01 10000 100 20480 221592 13919 13959
0b00c301 0b00ca01 10000 100 512000 194869 47100 47086
0b010a01 0b00bc01 10000 100 10240 229609 13048 13101
0b007301 0b00f201 10000 100 204800 199662 46555 29411
0b00ca01 0b00fe01 10000 100 2048 224546 21797 8375
0b005c01 0b005201 10000 100 51200 222200 26165 8455
0b004401 0b00b601 10000 100 1048576 149821 100313 100154
0b00d301 0b013801 10000 100 20480 244330 13937 13959
0b004801 0b00aa01 10000 100 102400 238194 20805 20827
0b00e601 0b001f01 10000 100 2048 259081 12477 12415
0b00f301 0b003501 10000 100 5120 262854 12616 12672
0b00a701 0b006c01 10000 100 1048576 176632 103169 100154
0b004f01 0b012d01 10000 100 1048576 168170 112648 100154
0b004801 0b013601 10000 100 20480 269340 13922 13959
0b00b501 0b00a301 10000 100 1048576 187232 96238 96114
0b00bf01 0b00eb01 10000 100 512000 229442 55190 55166
0b001101 0b006401 10000 100 512000 186837 98164 55166
0b004a01 0b009601 10000 100 2048 273934 12365 12415
0b001501 0b00b701 10000 100 20480 260894 28383 13959
0b00ef01 0b00b701 10000 100 204800 245091 47619 29411
0b002a01 0b008101 10000 100 204800 250614 46593 29411
0b000f01 0b000a01 10000 100 102400 289777 21252 12747
0b012401 0b013c01 10000 100 1048576 216274 96260 96114
0b006c01 0b00b701 10000 100 1048576 189416 123415 100154
0b012b01 0b003101 10000 100 2048 302672 12879 12415
0b010301 0b009d01 10000 100 1048576 213467 105003 100154
0b002301 0b000201 10000 100 10240 308018 11015 9061
0b00c601 0b012e01 10000 100 20480 311031 13915 13959
0b008701 0b007101 10000 100 20480 310507 14742 13959
0b002901 0b003301 10000 100 10240 317692 9755 9061
0b010801 0b011c01 10000 100 512000 282054 51161 51126
0b006701 0b009b01 10000 100 2097152 104180 229588 188068
0b00d801 0b000401 10000 100 20480 321059 13937 13959
0b012001 0b005001 10000 100 51200 315015 20764 16535
0b00c701 0b00ac01 10000 100 512000 284520 55209 55166
0b001601 0b00a601 10000 100 51200 324658 16785 16535
0b009c01 0b004701 10000 100 204800 313648 29870 29411
0b00a701 0b008401 10000 100 10240 341725 9125 9061
0b00be01 0b003101 10000 100 2097152 113871 239988 188068
0b006201 0b002101 10000 100 2048 343399 12471 12415
0b00ec01 0b002f01 10000 100 1024 343862 12270 12329
0b011e01 0b00fe01 10000 100 204800 279012 77173 29411
0b00ee01 0b006401 10000 100 1024 346771 12351 12329
0b004801 0b00c801 10000 100 512000 282399 82173 55166
0b000201 0b00f701 10000 100 20480 348356 16883 13959
0b00b401 0b00c901 10000 100 1048576 260867 104465 100154
0b006701 0b00a901 10000 100 51200 347282 20702 16535
0b010201 0b009601 10000 100 512000 313011 55240 55166
0b00ea01 0b004a01 10000 100 102400 350070 21061 20827
0b012a01 0b00c301 10000 100 1024 360041 12333 12329
0b00cc01 0b00a001 10000 100 10240 361254 13464 13101
0b001001 0b011c01 10000 100 10240 361246 13962 13101
0b003501 0b011901 10000 100 5120 364324 12631 12672
0b007001 0b011c01 10000 100 10240 364203 14719 13101
0b000e01 0b003d01 10000 100 2097152 196884 184350 184028
0b011b01 0b012d01 10000 100 20480 372025 11579 9919
0b013601 0b005401 10000 100 102400 363494 20857 20827
0b004c01 0b013801 10000 100 51200 364462 21060 16535
0b012101 0b008d01 10000 100 2097152 192966 194531 188068
0b00fb01 0b004a01 10000 100 204800 358344 30339 29411
0b009101 0b009a01 10000 100 51200 380582 8396 8455
0b00ee01 0b00a301 10000 100 20480 377366 14180 13959
0b00a601 0b009d01 10000 100 5120 385683 8776 8632
0b00fd01 0b00d701 10000 100 204800 358540 40673 25371
0b00aa01 0b013f01 10000 100 512000 349305 55188 55166
0b00cf01 0b00a601 10000 100 204800 378334 31499 29411
0b010001 0b00fa01 10000 100 10240 398004 13062 13101
0b011a01 0b00e401 10000 100 102400 391159 21042 20827
0b011101 0b008e01 10000 100 20480 398474 16603 13959
0b010e01 0b012801 10000 100 51200 406063 16702 12495
0b012601 0b009b01 10000 100 1048576 323653 100340 100154
0b012e01 0b011601 10000 100 204800 402476 25357 25371
0b003801 0b00d701 10000 100 2097152 222619 206081 188068
0b004001 0b001801 10000 100 2097152 241138 188394 188068
0b004d01 0b011801 10000 100 2048 418186 12446 12415
0b00c801 0b007801 10000 100 2048 418262 12662 12415
0b011e01 0b00e201 10000 100 2097152 225966 205596 188068
0b005401 0b006501 10000 100 10240 423144 9104 9061
0b011a01 0b00d601 10000 100 1024 423251 12288 12329
0b00ff01 0b007101 10000 100 2097152 72802 364439 188068
0b009d01 0b004f01 10000 100 2097152 77499 368648 188068
0b00bd01 0b009101 10000 100 20480 439580 9878 9919
0b009c01 0b010901 10000 100 5120 442754 12623 12672
0b010a01 0b002401 10000 100 512000 403389 55432 55166
0b008f01 0b003301 10000 100 20480 446116 13964 13959
0b00ab01 0b011c01 10000 100 1048576 358953 102003 100154
0b002d01 0b009c01 10000 100 2048 450815 12458 12415
0b005001 0b000d01 10000 100 20480 451256 13925 13959
0b00b001 0b008e01 10000 100 1048576 367922 103134 96114
0b001f01 0b007e01 10000 100 5242880 14527 457310 451803
0b007701 0b00a501 10000 100 1048576 371829 100304 100154
0b006701 0b012d01 10000 100 2097152 239065 235669 188068
0b011901 0b00b301 10000 100 1024 466529 12292 12329
0b004201 0b011f01 10000 100 512000 379660 99329 55166
0b005801 0b010201 10000 100 2048 475146 12374 12415
0b011f01 0b00a801 10000 100 51200 462174 25980 16535
0b010e01 0b013b01 10000 100 1048576 387620 101123 96114
0b010a01 0b009001 10000 100 102400 455453 34072 20827
0b007001 0b005401 10000 100 5120 484735 8605 8632
0b002001 0b009001 10000 100 2097152 173281 321512 188068
0b004801 0b009201 10000 100 10240 479935 15330 13101
0b004b01 0b00a401 10000 100 204800 450655 46136 29411
0b006101 0b004b01 10000 100 512000 401845 96946 51126
0b001b01 0b011701 10000 100 1048576 400605 100342 100154
0b006401 0b004601 10000 100 1048576 406769 96250 96114
0b004c01 0b009401 10000 100 10240 492492 14778 13101
0b007b01 0b012201 10000 100 5242880 39316 469272 451803
0b002d01 0b012301 10000 100 204800 462338 46568 29411
0b010c01 0b003d01 10000 100 204800 465440 46615 29411
0b00dc01 0b001901 10000 100 1024 500679 12367 12329
0b003d01 0b008801 10000 100 102400 499679 20980 20827
0b006f01 0b013e01 10000 100 51200 501526 20446 16535
0b012d01 0b00d801 10000 100 2048 510616 12364 12415
0b009301 0b012701 10000 100 512000 428081 98273 55166
0b000c01 0b007801 10000 100 5242880 74279 452854 451803
0b00ba01 0b00d101 10000 100 5242880 74727 453000 451803
0b007401 0b00e401 10000 100 1024 520584 12316 12329
0b006b01 0b007e01 10000 100 2048 527016 8449 8375
0b00e901 0b009f01 10000 100 102400 514116 22274 20827
0b00c101 0b00eb01 10000 100 102400 505304 32337 16787
0b00f501 0b00c301 10000 100 1024 530780 8247 8289
0b00f101 0b00cc01 10000 100 2097152 173188 366307 184028
0b00c601 0b00fe01 10000 100 51200 509635 30004 12495
0b00a801 0b003101 10000 100 5120 533541 12622 12672
0b00e401 0b007a01 10000 100 512000 456740 101673 55166
0b010901 0b00b501 10000 100 10240 550136 13063 13101
0b001701 0b001501 10000 100 512000 473259 90608 47086
0b00e501 0b004601 10000 100 1024 552064 12305 12329
0b008601 0b00d101 10000 100 1024 552714 12369 12329
0b00ea01 0b009101 10000 100 20480 553403 13951 13959
0b013b01 0b003201 10000 100 512000 450877 118024 55166
0b010101 0b012701 10000 100 204800 533259 37688 25371
0b012901 0b00b001 10000 100 1024 558259 12929 12329
0b00bc01 0b007a01 10000 100 102400 550545 20891 20827
0b007401 0b010001 10000 100 2048 565624 12619 12415
0b009601 0b007f01 10000 100 512000 525037 55210 55166
0b008301 0b010d01 10000 100 512000 527841 55238 55166
0b00f301 0b00eb01 10000 100 102400 553329 33766 16787
0b010a01 0b001601 10000 100 51200 550581 38092 16535
0b013901 0b006301 10000 100 10240 577922 13410 13101
0b009201 0b001601 10000 100 1048576 372123 220018 100154
0b006901 0b00c301 10000 100 204800 562292 30334 29411
0b001c01 0b010801 10000 100 102400 563398 34698 20827
0b00a901 0b005801 10000 100 102400 574480 29414 20827
0b010401 0b003201 10000 100 10240 584126 23149 13101
0b013b01 0b003101 10000 100 1024 599759 12313 12329
0b00e501 0b006d01 10000 100 10240 600103 13880 13101
0b002e01 0b006601 10000 100 204800 551494 63734 29411
0b00fe01 0b008901 10000 100 1048576 416307 199322 100154
0b006101 0b00f601 10000 100 2097152 374626 241308 188068
0b002201 0b003601 10000 100 5120 609007 8685 8632
0b006c01 0b001301 10000 100 20480 608437 14104 13959
0b005501 0b007601 10000 100 1048576 527489 98086 96114
0b00c401 0b00be01 10000 100 2097152 261666 364435 188068
0b011901 0b000101 10000 100 10240 614713 13189 13101
0b00d301 0b001e01 10000 100 102400 609301 20832 20827
0b012001 0b00d701 10000 100 102400 601826 29430 20827
0b000901 0b00f101 10000 100 1024 627176 15062 12329
0b011901 0b00fc01 10000 100 51200 626518 16817 16535
0b008701 0b012201 10000 100 1048576 540078 104589 100154
0b003301 0b00aa01 10000 100 2097152 456385 189635 188068
0b011c01 0b011401 10000 100 512000 600752 49032 47086
0b011801 0b012501 10000 100 512000 542915 107952 51126
0b00ff01 0b001701 10000 100 5242880 13176 642940 451803
0b006d01 0b000901 10000 100 512000 600371 57274 55166
0b006401 0b004001 10000 100 51200 643794 13877 12495
0b00f701 0b006b01 10000 100 51200 633237 27034 16535
0b008401 0b011201 10000 100 20480 641605 24092 13959
0b009d01 0b011a01 10000 100 5242880 33166 637998 451803
0b009701 0b00d901 10000 100 5242880 204209 467064 451803
0b011e01 0b004101 10000 100 204800 646805 30230 29411
0b008901 0b011e01 10000 100 51200 659446 20837 16535
0b006901 0b000201 10000 100 2048 663196 17679 12415
0b00f001 0b005501 10000 100 5120 668824 12753 12672
0b00eb01 0b008a01 10000 100 102400 652871 32618 20827
0b00f401 0b007001 10000 100 102400 659936 29075 20827
0b007e01 0b000301 10000 100 51200 666684 24610 16535
0b008301 0b013501 10000 100 51200 670905 20758 16535
0b00f701 0b011301 10000 100 102400 651448 40391 20827
0b004501 0b003b01 10000 100 204800 638338 55724 29411
0b009301 0b000901 10000 100 10240 680357 13872 13101
0b010101 0b00fc01 10000 100 2048 682107 12773 12415
0b004401 0b00b101 10000 100 20480 685564 14401 13959
0b006501 0b000a01 10000 100 102400 649157 56187 20827
0b007101 0b009c01 10000 100 5120 695956 12724 12672
0b011301 0b005b01 10000 100 512000 648007 61165 55166
0b00ae01 0b003901 10000 100 204800 656576 52814 29411
0b008401 0b00af01 10000 100 5242880 231263 479858 447763
0b00eb01 0b013e01 10000 100 1048576 571770 140203 100154
0b000401 0b00c601 10000 100 1048576 613553 102088 100154
0b007201 0b002001 10000 100 5242880 6789 710643 451803
0b00c101 0b006801 10000 100 5242880 26666 691705 451803
0b013c01 0b013201 10000 100 1024 714250 4349 4249
0b005a01 0b008801 10000 100 1048576 578726 142036 100154
0b004401 0b011d01 10000 100 5120 708520 12725 12672
0b00c701 0b003501 10000 100 51200 704300 23489 16535
0b003201 0b010c01 10000 100 5120 716384 13512 12672
0b007c01 0b002401 10000 100 20480 712942 19569 13959
0b00c201 0b00a001 10000 100 2048 720882 12542 12415
0b00e501 0b005401 10000 100 512000 638278 98220 55166
0b005c01 0b00ca01 10000 100 1048576 628831 112065 100154
0b00da01 0b006801 10000 100 512000 597161 147286 55166
0b011201 0b002401 10000 100 1048576 636902 107914 100154
0b009a01 0b002301 10000 100 2097152 472381 272774 188068
0b013c01 0b008401 10000 100 1048576 592425 157654 100154
0b002701 0b00f601 10000 100 51200 719037 31397 16535
0b010701 0b002c01 10000 100 1048576 596368 154110 100154
0b002e01 0b000b01 10000 100 2097152 375507 377645 184028
0b012901 0b00e001 10000 100 204800 651457 102232 29411
0b00f301 0b008c01 10000 100 2097152 545878 208213 188068
0b000301 0b00d601 10000 100 204800 693628 60669 29411
0b00c401 0b008401 10000 100 204800 690478 65112 29411
0b000701 0b001601 10000 100 1024 745292 10742 8289
0b00e001 0b00c401 10000 100 5120 717634 40399 8632
0b006101 0b003401 10000 100 512000 668767 92577 55166
0b007301 0b012201 10000 100 10240 746696 16642 13101
0b008901 0b005f01 10000 100 1048576 656998 108326 100154
0b003f01 0b000201 10000 100 512000 657394 108120 51126
0b00a601 0b00a701 10000 100 20480 732962 33555 5879
0b007a01 0b007e01 10000 100 5120 765951 5411 4592
0b002b01 0b009d01 10000 100 204800 715477 56839 29411
0b007801 0b008f01 10000 100 2097152 583397 192527 188068
0b006f01 0b00ec01 10000 100 2048 764126 12555 12415
0b004e01 0b00d401 10000 100 10240 765123 13363 13101
0b002101 0b00ee01 10000 100 20480 736820 42052 13959
0b00af01 0b002f01 10000 100 2097152 583383 199075 188068
0b00da01 0b009d01 10000 100 1048576 644815 137739 100154
0b011801 0b000801 10000 100 2097152 544456 240844 188068
0b004901 0b00ed01 10000 100 512000 603200 184218 55166
0b012701 0b00e201 10000 100 20480 775156 14013 13959
0b010c01 0b013301 10000 100 512000 678093 113247 51126
0b011d01 0b001401 10000 100 1048576 689440 103703 100154
0b003601 0b011a01 10000 100 512000 647938 146155 55166
0b011d01 0b011501 10000 100 1024 790820 4182 4249
0b00c001 0b012201 10000 100 5120 782538 12710 12672
0b00e701 0b010101 10000 100 512000 656898 138488 55166
0b003b01 0b00fe01 10000 100 102400 758827 42779 20827
0b001201 0b011101 10000 100 10240 791022 13484 13101
0b00b901 0b00b701 10000 100 1024 784685 22369 4249
0b00dd01 0b003901 10000 100 2097152 571726 235356 188068
0b00f901 0b008a01 10000 100 51200 788720 19719 16535
0b00f601 0b006f01 10000 100 20480 792094 19614 13959
0b010f01 0b00d901 10000 100 1024 806202 12332 12329
0b005d01 0b013901 10000 100 102400 783462 35156 20827
0b00cd01 0b00b101 10000 100 1024 810397 15659 12329
0b005b01 0b011801 10000 100 51200 808823 20988 16535
0b003d01 0b007801 10000 100 5120 812935 19812 12672
0b010c01 0b00f801 10000 100 20480 819087 17466 13959
0b002401 0b007a01 10000 100 51200 818521 20784 16535
0b012301 0b004c01 10000 100 5242880 374150 465672 451803
0b00ab01 0b00b601 10000 100 51200 832757 12511 12495
0b001001 0b012301 10000 100 102400 814269 31233 20827
0b006301 0b010801 10000 100 2097152 500045 347040 188068
0b011f01 0b00f201 10000 100 2097152 456505 390588 188068
0b007401 0b00ed01 10000 100 102400 818525 29517 20827
0b00f401 0b007201 10000 100 20480 835077 15565 13959
0b012401 0b002e01 10000 100 2048 838092 12571 12415
0b00c101 0b005801 10000 100 2048 838653 13678 12415
0b007101 0b008301 10000 100 204800 823938 30235 29411
0b00d401 0b004201 10000 100 2048 841591 12686 12415
0b00e801 0b00c101 10000 100 51200 840216 14912 12495
0b004b01 0b010f01 10000 100 5120 847057 12786 12672
0b005a01 0b000401 10000 100 2097152 624977 244757 188068
0b00e401 0b004401 10000 100 20480 852347 20914 13959
0b00a101 0b000f01 10000 100 20480 859706 15774 13959
0b011e01 0b000901 10000 100 51200 855512 21991 16535
0b001101 0b000801 10000 100 20480 864963 12744 9919
0b010501 0b009501 10000 100 10240 844138 34339 13101
0b009101 0b002001 10000 100 1048576 616138 263157 100154
0b00ad01 0b004001 10000 100 20480 862774 17359 13959
0b00b301 0b00f301 10000 100 5242880 280443 602088 451803
0b011401 0b00db01 10000 100 2048 871460 12501 12415
0b012e01 0b008401 10000 100 20480 870884 14561 13959
0b006b01 0b00ac01 10000 100 20480 856690 28771 13959
0b001601 0b00e901 10000 100 512000 807811 79322 55166
0b002e01 0b00d801 10000 100 2048 880284 12563 12415
0b006401 0b00be01 10000 100 2097152 682072 212321 188068
0b009401 0b00bb01 10000 100 5242880 229039 667406 447763
0b004501 0b00c001 10000 100 5120 850880 45982 12672
0b00fc01 0b007601 10000 100 51200 878619 19431 16535
0b005a01 0b00e601 10000 100 512000 828423 71011 55166
0b010b01 0b00d101 10000 100 10240 886313 14738 13101
0b00b101 0b011001 10000 100 102400 873950 29880 20827
0b006201 0b00f501 10000 100 1048576 712203 192516 100154
0b012101 0b004a01 10000 100 10240 896008 13199 13101
0b005a01 0b007b01 10000 100 10240 906400 9249 9061
0b000401 0b006001 10000 100 1048576 809273 107544 100154
0b005201 0b009f01 10000 100 204800 873309 47556 29411
0b00d901 0b00a601 10000 100 2097152 420483 501944 188068
0b006001 0b00d501 10000 100 51200 862815 59857 16535
0b002101 0b00de01 10000 100 204800 856789 69147 29411
0b009301 0b013c01 10000 100 512000 830947 98226 55166
0b005e01 0b005d01 10000 100 512000 803815 127523 47086
0b001601 0b00e001 10000 100 1048576 606339 325255 100154
0b001a01 0b009b01 10000 100 512000 874513 57186 55166
0b004d01 0b012d01 10000 100 5120 919391 13034 12672
0b00cc01 0b007401 10000 100 2097152 496027 436507 188068
0b010101 0b00ee01 10000 100 2097152 431520 501492 188068
0b002901 0b003301 10001 100 51200 916524 16858 12495
0b009b01 0b006d01 10000 100 1048576 704706 231035 100154
0b008101 0b004a01 10000 100 10240 922803 14029 13101
0b004801 0b00b801 10000 100 20480 923705 15697 13959
0b002201 0b010a01 10000 100 102400 911905 29415 20827
0b000001 0b00ac01 10000 100 1048576 651707 292112 100154
0b008201 0b002e01 10000 100 51200 922260 22172 16535
0b00fb01 0b004601 10000 100 2048 934144 13095 12415
0b00bf01 0b00ba01 10000 100 204800 910581 38773 21331
0b005401 0b009a01 10000 100 2097152 571779 380181 188068
0b00c901 0b00a801 10000 100 102400 917943 38753 20827
0b011b01 0b007601 10000 100 20480 943813 16914 13959
0b007c01 0b00ec01 10000 100 2097152 597088 366284 188068
0b003601 0b00ee01 10000 100 204800 869957 96923 29411
0b00d901 0b013601 10000 100 51200 938386 33734 16535
0b00f401 0b005601 10000 100 2097152 605720 367689 188068
0b012201 0b001d01 10000 100 10240 945422 31024 13101
0b004901 0b00e401 10000 100 512000 795128 184302 55166
0b00a001 0b001f01 10000 100 5242880 373197 606304 451803
0b006801 0b00de01 10000 100 5242880 74441 908935 451803
0b005601 0b008901 10000 100 51200 965092 21514 16535
0b00e501 0b013b01 10000 100 512000 889425 98134 55166
0b012601 0b00a201 10000 100 102400 958813 29871 20827
0b009e01 0b009701 10000 100 2097152 801366 188068 179988
0b001001 0b010301 10000 100 51200 965784 24904 16535
0b010801 0b008301 10000 100 51200 964422 26959 16535
0b006f01 0b00fe01 10000 100 5242880 86029 906059 451803
0b001901 0b009101 10000 100 10240 980668 13174 13101
0b013901 0b011d01 10000 100 2097152 808799 185576 184028
0b000e01 0b00c501 10000 100 204800 971329 30668 29411
0b00f001 0b000201 10000 100 1024 952698 50387 12329
0b002701 0b00cc01 10000 100 2097152 417673 586337 188068
0b013a01 0b007c01 10000 100 204800 973775 30749 29411
0b001501 0b009701 10000 100 5120 991824 14420 12672
0b00be01 0b002501 10000 100 20480 993668 15621 13959
0b00ed01 0b00fa01 10000 100 204800 969414 41749 25371
0b009d01 0b001b01 10000 100 2048 999770 12629 12415
0b009a01 0b006d01 10000 100 102400 993778 21066 20827
0b00da01 0b005f01 10000 100 1048576 914375 101297 100154
0b003101 0b00de01 10000 100 5242880 244640 772383 451803
0b00e201 0b004301 10000 100 1048576 835864 187747 100154
0b006e01 0b007b01 10000 100 20480 1014906 10388 9919
0b00c001 0b012f01 10000 100 51200 1008861 16625 16535
0b00eb01 0b00d201 10000 100 51200 1011759 14143 12495
0b00e801 0b00ca01 10000 100 102400 1015873 17066 16787
0b00fb01 0b003201 10000 100 204800 948521 86198 29411
0b001501 0b011e01 10000 100 204800 957583 81243 29411
0b00e901 0b00f701 10000 100 1024 1018997 22689 8289
0b000b01 0b00d601 10000 100 2048 1028747 13166 12415
0b009d01 0b005501 10000 100 1024 1032123 12288 12329
0b005c01 0b00f301 10000 100 20480 1025248 19440 13959
0b003201 0b006a01 10000 100 2097152 635244 415100 188068
0b000901 0b00d401 10000 100 102400 1021161 29669 20827
0b004501 0b003d01 10000 100 102400 992915 59591 20827
0b00c001 0b003801 10000 100 102400 1033833 20912 20827
0b003401 0b009a01 10000 100 102400 1027883 27095 20827
0b007101 0b003b01 10000 100 51200 1039278 17029 16535
0b00bf01 0b00c901 10000 100 512000 947454 111250 55166
0b013e01 0b003401 10000 100 512000 957854 102286 55166
0b010101 0b005701 10000 100 51200 1044306 16598 16535
0b00d701 0b001601 10000 100 204800 1003958 57874 29411
0b00c201 0b002f01 10000 100 5120 1049421 13436 12672
0b00fb01 0b007501 10000 100 1048576 941930 123220 100154
0b00aa01 0b005101 10000 100 102400 1005594 60919 20827
0b008801 0b008401 10000 100 204800 1028585 38452 21331
0b002201 0b00b401 10000 100 1048576 903508 164487 100154
0b00ab01 0b010f01 10000 100 51200 1051115 20702 16535
0b002301 0b00a901 10000 100 1024 1062919 12288 12329
0b000701 0b000a01 10000 100 51200 1036473 38928 8455
0b008701 0b007001 10000 100 1048576 871067 204442 100154
0b004e01 0b013b01 10000 100 51200 1054412 21418 16535
0b00ba01 0b013801 10000 100 204800 1052393 31696 29411
0b013101 0b002701 10000 100 2048 1041042 44384 12415
0b00ff01 0b00a501 10000 100 102400 1063920 21812 20827
0b00bd01 0b00f701 10000 100 5242880 482355 603585 451803
0b008701 0b003501 10000 100 2097152 765849 324020 188068
0b002401 0b004901 10000 100 5120 1088189 12795 12672
0b00cd01 0b009801 10000 100 10240 1089342 13947 13101
0b013e01 0b003d01 10000 100 5120 1092616 13320 12672
0b00c901 0b008301 10000 100 1048576 893559 216333 100154
0b00ae01 0b013901 10000 100 20480 1084724 25973 13959
0b00e501 0b010501 10000 100 10485760 129528 981765 891367
0b006801 0b006b01 10000 100 102400 1092815 22115 12747
0b00c801 0b007501 10000 100 20480 1099670 15576 13959
0b013001 0b004d01 10000 100 51200 1070760 49329 16535
0b00fd01 0b000301 10000 100 10240 1094242 31238 13101
0b012901 0b00e001 10001 100 2048 1091678 34478 12415
0b010f01 0b009101 10000 100 20480 1090950 35728 13959
0b007b01 0b00c901 10000 100 204800 1081085 47175 29411
0b012f01 0b005001 10000 100 10240 1119807 13123 13101
0b010401 0b004001 10000 100 10240 1118981 13951 13101
0b00b101 0b000901 10000 100 102400 1103884 30001 20827
0b00e101 0b004f01 10000 100 5120 1122303 13451 12672
0b013601 0b00c601 10000 100 2097152 841861 297549 188068
0b012f01 0b009b01 10000 100 2048 1130525 12446 12415
0b00df01 0b00d701 10000 100 512000 1047654 96888 47086
0b002001 0b006c01 10000 100 512000 997389 148140 55166
0b00e401 0b010a01 10000 100 2097152 601541 544323 188068
0b006d01 0b001d01 10000 100 204800 1068942 78176 29411
0b00c901 0b000001 10000 100 204800 1104628 46240 29411
0b000201 0b010d01 10000 100 1048576 796906 355593 100154
0b004101 0b00a401 10000 100 10485760 207800 945593 891367
0b000c01 0b009c01 10000 100 10240 1140381 13306 13101
0b00c001 0b003301 10000 100 10240 1141894 13987 13101
0b004401 0b013301 10000 100 512000 1056321 102785 55166
0b011101 0b006201 10000 100 10240 1125312 35465 13101
0b00fc01 0b008701 10000 100 102400 1123883 37883 20827
0b006e01 0b000b01 10000 100 1024 1150006 12329 12329
0b005101 0b013601 10000 100 2097152 627759 534707 188068
0b00a601 0b00a901 10000 100 512000 977526 185751 47086
0b007e01 0b007101 10000 100 204800 1125523 37807 21331
0b001701 0b00fe01 10000 100 5242880 163273 1002089 451803
0b000601 0b007701 10000 100 1048576 961579 206260 100154
0b006d01 0b003001 10000 100 10240 1154365 14008 13101
0b002301 0b00ea01 10000 100 204800 1138555 30763 29411
0b00f101 0b00d401 10000 100 51200 1144704 25703 12495
0b00f401 0b003c01 10000 100 512000 1077508 93011 55166
0b010d01 0b003b01 10000 100 102400 1152014 21972 20827
0b010401 0b008a01 10000 100 102400 1150589 26394 20827
0b00c301 0b004c01 10000 100 204800 1080056 99078 29411
0b002c01 0b004301 10000 100 204800 1127526 53385 29411
0b011001 0b00fb01 10000 100 102400 1160058 25909 20827
0b00d401 0b006c01 10000 100 1048576 1072826 114540 100154
0b011001 0b002601 10000 100 1048576 870988 316757 100154
0b00b901 0b002001 10000 100 1048576 927906 260408 100154
0b001501 0b013501 10000 100 102400 1139199 51119 20827
0b004501 0b002101 10000 100 204800 1093608 98150 29411
0b00a601 0b013a01 10000 100 204800 1079344 112597 29411
0b012a01 0b004001 10000 100 5120 1180068 12798 12672
0b00f401 0b006401 10000 100 512000 1133874 60941 55166
0b00c501 0b007d01 10000 100 5120 1182317 12760 12672
0b00ad01 0b004c01 10000 100 2097152 829424 366292 188068
0b00d201 0b002001 10000 100 2097152 446417 753114 188068
0b008901 0b000701 10000 100 102400 1183060 21704 20827
0b00c301 0b007901 10000 100 2097152 635971 569907 188068
0b00fd01 0b000c01 10000 100 51200 1184954 21015 16535
0b000d01 0b00c701 10000 100 102400 1182455 25386 20827
0b006701 0b010401 10000 100 1048576 978562 235289 100154
0b001001 0b011701 10000 100 5242880 692544 524225 451803
0b010b01 0b005e01 10000 100 5242880 354433 862429 451803
0b006801 0b007401 10000 100 10240 1205148 12853 9061
0b013e01 0b001001 10000 100 10485760 197534 1021457 891367
0b007201 0b010801 10000 100 204800 1157969 67377 29411
0b013801 0b006d01 10000 100 5120 1212725 12691 12672
0b00ca01 0b003c01 10000 100 5120 1211906 16539 12672
0b00e201 0b012301 10000 100 2097152 897429 334208 188068
0b00f601 0b004001 10000 100 2097152 627130 606058 188068
0b00ef01 0b00cc01 10000 100 5242880 461337 775153 447763
0b000301 0b00ac01 10000 100 1048576 839386 399106 100154
0b00aa01 0b006601 10000 100 2097152 866130 373070 188068
0b011501 0b002601 10000 100 1048576 905589 335435 100154
0b000001 0b005301 10000 100 1024 1229653 12401 12329
0b002501 0b011601 10000 100 51200 1223612 20797 16535
0b001901 0b00d901 10000 100 2048 1237697 12430 12415
0b007e01 0b009701 10000 100 102400 1215148 35198 20827
0b005001 0b001401 10000 100 5120 1241013 13022 12672
0b003f01 0b010201 10000 100 2097152 812161 442291 188068
0b010b01 0b00c101 10000 100 5242880 385804 870757 451803
0b00aa01 0b004701 10000 100 10240 1231660 25585 13101
0b00a701 0b008b01 10000 100 1048576 1061543 197104 96114
0b012c01 0b001301 10000 100 102400 1207584 51712 20827
0b001901 0b005401 10000 100 20480 1243935 16227 13959
0b00a301 0b011a01 10000 100 102400 1244990 24126 20827
0b007601 0b002401 10000 100 5120 1250671 18448 12672
0b002301 0b00cf01 10000 100 2048 1245662 24835 12415
0b001b01 0b00c801 10000 100 204800 1221063 49994 29411
0b005001 0b006e01 10000 100 5120 1261158 12864 8632
0b011001 0b002601 10001 100 20480 1260162 15696 13959
0b002e01 0b011801 10000 100 10485760 178266 1097996 891367
0b00a201 0b00a101 10000 100 51200 1262188 17059 8455
0b008001 0b012601 10000 100 2048 1267143 12614 12415
0b009a01 0b00dd01 10000 100 2048 1268526 12409 12415
0b009d01 0b006001 10000 100 20480 1267754 15575 13959
0b011801 0b00e001 10000 100 20480 1248055 37321 13959
0b012f01 0b000e01 10000 100 204800 1236464 49169 29411
0b010201 0b001201 10000 100 51200 1262822 25981 16535
0b000f01 0b00e601 10000 100 102400 1268552 21144 20827
0b010401 0b001501 10000 100 204800 1248339 44526 29411
0b00ff01 0b007c01 10000 100 204800 1246981 46459 29411
0b010601 0b00f801 10000 100 5242880 564902 730791 451803
0b00e301 0b00e201 10000 100 10240 1290191 5821 5021
0b006701 0b00fe01 10000 100 1048576 1060846 235213 100154
0b002101 0b001501 10000 100 51200 1285115 18209 12495
0b010201 0b009101 10000 100 512000 1243624 60131 55166
0b005101 0b009d01 10000 100 10240 1265050 41476 13101
0b00f601 0b009901 10000 100 1048576 966979 339850 100154
0b00fb01 0b005401 10000 100 1048576 1201164 106395 100154
0b012701 0b003301 10000 100 1048576 1133560 174958 100154
0b00af01 0b00d501 10000 100 102400 1255175 56102 20827
0b003401 0b008601 10000 100 51200 1288810 24094 16535
0b00e301 0b006901 10000 100 204800 1279238 37380 29411
0b003001 0b002001 10000 100 512000 1177536 139774 51126
0b011201 0b012801 10000 100 102400 1302039 18120 16787
0b010701 0b009301 10000 100 2048 1308095 12464 12415
0b013c01 0b007201 10000 100 102400 1293990 28851 20827
0b000801 0b011201 10000 100 204800 1297989 29879 29411
0b005501 0b013d01 10000 100 204800 1298129 30413 29411
0b013a01 0b00b401 10000 100 2048 1302851 25858 12415
0b00bc01 0b007501 10000 100 51200 1309786 19452 16535
0b00b401 0b013901 10000 100 51200 1303916 25510 16535
0b002401 0b002101 10000 100 5120 1323862 6752 4592
0b00eb01 0b005e01 10000 100 10240 1321099 14777 13101
0b013a01 0b006b01 10000 100 102400 1297830 42639 20827
0b004401 0b00ff01 10000 100 2048 1316944 23972 12415
0b006801 0b00c901 10000 100 5242880 599251 742165 451803
0b012b01 0b011101 10000 100 51200 1307042 38866 12495
0b011401 0b009101 10000 100 5120 1333945 13971 12672
0b006501 0b012101 10000 100 2048 1326792 28244 12415
0b004901 0b007b01 10000 100 5242880 128166 1227667 447763
0b003801 0b013c01 10000 100 2048 1343664 12407 12415
0b010101 0b00a301 10000 100 10240 1343280 13154 13101
0b013a01 0b00dd01 10000 100 102400 1315519 42534 20827
0b013801 0b004901 10000 100 204800 1332304 30509 29411
0b00bc01 0b009501 10000 100 1048576 1037680 330070 96114
0b000001 0b002c01 10000 100 10485760 25697 1342868 887327
0b00c801 0b00f601 10000 100 1024 1361393 8270 8289
0b005e01 0b005101 10000 100 51200 1333124 36834 8455
0b005801 0b004801 10000 100 51200 1335217 35021 12495
0b00e601 0b005d01 10000 100 204800 1263851 106512 29411
0b00f201 0b00be01 10000 100 1024 1359154 12515 12329
0b003701 0b00ad01 10000 100 20480 1361243 15669 13959
0b009e01 0b002f01 10000 100 10240 1362272 15272 13101
0b002201 0b003001 10000 100 1048576 1180618 201943 96114
0b00bf01 0b00fd01 10000 100 51200 1367977 29187 16535
0b00c301 0b013001 10000 100 102400 1302248 94954 20827
0b00e101 0b002701 10000 100 5120 1366075 32049 12672
0b010801 0b011d01 10000 100 20480 1385230 17651 9919
0b000301 0b00f901 10000 100 2097152 750285 653643 188068
0b001801 0b00c501 10000 100 20480 1386880 17384 13959
0b001401 0b012b01 10000 100 5120 1397442 13389 12672
0b00ef01 0b000201 10000 100 2097152 824762 590149 188068
0b013201 0b007b01 10000 100 2097152 1173241 244821 188068
0b002301 0b001501 10000 100 102400 1393188 25384 16787
0b00f201 0b004701 10000 100 5120 1393698 25179 12672
0b000501 0b010001 10000 100 5242880 464507 960679 451803
0b006f01 0b002501 10000 100 10240 1412255 13636 13101
0b010d01 0b012d01 10000 100 1048576 1159803 266800 96114
0b00e901 0b00bc01 10000 100 5120 1414562 13575 12672
0b00ed01 0b00eb01 10000 100 102400 1404766 25134 12747
0b00c501 0b001701 10000 100 10240 1416726 13533 13101
0b005d01 0b00ee01 10000 100 102400 1377004 55126 20827
0b009401 0b001701 10000 100 5120 1423743 13088 12672
0b00be01 0b00b101 10000 100 204800 1394779 44223 21331
0b00fb01 0b00f001 10000 100 5120 1436093 4735 4592
0b00c301 0b00fc01 10000 100 20480 1412337 29609 9919
0b004401 0b00b201 10000 100 20480 1416703 25735 13959
0b006b01 0b009f01 10000 100 2097152 1126012 316429 188068
0b002401 0b00a701 10000 100 2097152 1092768 352609 188068
0b00ba01 0b004401 10000 100 1048576 1247583 199715 100154
0b008d01 0b002c01 10000 100 102400 1424535 29401 20827
0b001e01 0b000501 10000 100 204800 1385373 68679 25371
0b00df01 0b003101 10000 100 1024 1422487 31771 12329
0b003a01 0b010d01 10000 100 5242880 657364 799739 451803
0b009501 0b006101 10000 100 512000 1310701 148337 55166
0b00e101 0b00d201 10000 100 1048576 1199561 259978 96114
0b001401 0b00eb01 10000 100 102400 1423177 37357 20827
0b00bc01 0b00be01 10000 100 512000 1402582 64060 47086
0b003301 0b003501 10000 100 5120 1461166 6208 4592
0b00bf01 0b00e101 10000 100 2097152 1065898 403756 188068
0b000201 0b001201 10000 100 10485760 147314 1326596 887327
0b00a801 0b00c201 10000 100 2097152 1121636 358100 188068
0b00f701 0b000a01 10000 100 1048576 1040839 438972 100154
0b00fa01 0b006301 10000 100 5242880 523392 957488 451803
0b00ad01 0b005201 10000 100 5120 1463736 17377 12672
0b011a01 0b003b01 10000 100 20480 1469038 15451 13959
0b00d801 0b011b01 10000 100 20480 1470037 14508 13959
0b011501 0b00ac01 10000 100 512000 1327323 162254 55166
0b004001 0b000701 10000 100 5120 1477114 14113 12672
0b00c301 0b004701 10000 100 2097152 795791 696603 188068
0b002201 0b00c401 10000 100 10240 1478497 14877 13101
0b00e401 0b012e01 10000 100 5242880 534074 961206 451803
0b00b101 0b008501 10000 100 1048576 1235346 262527 96114
0b00e301 0b00cb01 10000 100 512000 1364200 137231 51126
0b002401 0b007801 10000 100 5120 1461108 44609 12672
0b00da01 0b007101 10000 100 512000 1400729 109574 55166
0b006e01 0b00f401 10000 100 102400 1487798 24297 20827
0b012001 0b005101 10001 100 102400 1447462 65095 20827
0b002501 0b011c01 10000 100 102400 1484597 28298 20827
0b010001 0b006101 10000 100 204800 1439444 74236 29411
0b002901 0b005201 10000 100 10485760 100321 1414919 891367
0b005001 0b013e01 10000 100 2097152 1156984 359066 188068
0b008501 0b009001 10000 100 10485760 294321 1224853 887327
0b009c01 0b002101 10000 100 10485760 594860 926214 891367
0b013d01 0b002801 10000 100 5242880 602430 923278 451803
0b011501 0b012101 10000 100 2097152 1217659 317074 184028
0b008f01 0b009d01 10000 100 1048576 1370178 166736 96114
0b00d301 0b004701 10000 100 204800 1485954 71968 29411
0b004801 0b006801 10000 100 10485760 298418 1270493 887327
0b003701 0b001a01 10000 100 1048576 1380586 188822 96114
0b012a01 0b00f401 10000 100 512000 1489567 98089 55166
0b00bb01 0b00f201 10000 100 2097152 1294339 295559 188068
0b005801 0b00fd01 10000 100 512000 1459351 141291 55166
0b00e701 0b00b001 10000 100 10485760 382628 1221500 891367
0b012c01 0b00eb01 10000 100 10485760 351264 1266580 891367
0b00a201 0b00ac01 10000 100 2097152 1222011 400523 179988
0b001101 0b011b01 10000 100 1048576 1304056 324826 100154
0b003e01 0b005501 10000 100 5242880 860713 769541 451803
0b002d01 0b005601 10000 100 10485760 214541 1420549 891367
0b00ad01 0b005901 10000 100 10485760 538438 1097274 891367
0b011101 0b00ed01 10000 100 2097152 1079785 561828 188068
0b011e01 0b003201 10000 100 2097152 1052175 594497 188068
0b012001 0b005101 10000 100 2097152 1045265 614782 188068
0b00d201 0b00cb01 10000 100 5242880 935642 726724 447763
0b009b01 0b001201 10000 100 1048576 1312568 362862 100154
0b006601 0b00ad01 10000 100 2097152 1486635 194773 188068
0b002701 0b006901 10000 100 5242880 452660 1235012 451803
0b002d01 0b011601 10000 100 5242880 863830 845076 451803
0b00a601 0b004401 10000 100 2097152 889849 835376 188068
0b012c01 0b00bf01 10000 100 5242880 924833 802369 451803
0b00ea01 0b000401 10000 100 2097152 1377584 364493 188068
0b00e601 0b005101 10000 100 5242880 625947 1118191 451803
0b012401 0b00e301 10000 100 2097152 1166158 618965 188068
0b000c01 0b001d01 10000 100 5242880 906393 883333 447763
0b013401 0b003901 10000 100 10485760 896863 894352 891367
0b002301 0b00ec01 10000 100 5242880 1324267 514109 451803
0b008f01 0b012d01 10000 100 5242880 965767 881655 451803
0b001101 0b002b01 10000 100 2097152 1262270 598532 184028
0b013d01 0b011001 10000 100 10485760 412817 1451546 887327
0b00c801 0b012501 10000 100 20000000 61561 1831527 1689040
0b011201 0b005a01 10000 100 5242880 1430452 470037 451803
0b009601 0b00a501 10000 100 5242880 1234354 678002 447763
0b003f01 0b00da01 10000 100 5242880 933824 995449 451803
0b006301 0b001101 10000 100 2097152 1337050 607007 188068
0b00e901 0b003701 10000 100 5242880 1059606 886119 451803
0b009201 0b010401 10000 100 5242880 1475201 473540 451803
0b013001 0b012b01 10000 100 2097152 1466096 484521 184028
0b004c01 0b00d501 10000 100 10485760 83881 1874219 891367
0b012501 0b00db01 10000 100 5242880 1024071 936750 451803
0b004201 0b012d01 10000 100 5242880 1079050 882958 451803
0b005a01 0b006901 10000 100 5242880 1443704 526491 447763
0b001f01 0b00df01 10000 100 5242880 1024125 963619 451803
0b012201 0b009601 10000 100 5242880 659578 1334240 451803
0b003a01 0b003201 10000 100 10485760 337413 1657192 883287
0b004901 0b00f101 10000 100 10485760 16754 1994541 891367
0b00b501 0b00c301 10000 100 5242880 1155847 869477 451803
0b00c301 0b00c001 10000 100 5242880 816184 1214208 443723
0b002601 0b000101 10001 100 2097152 1438433 592083 184028
0b00a501 0b00da01 10000 100 5242880 1261282 779529 451803
0b002601 0b005e01 10000 100 2097152 1478212 564416 188068
0b00ca01 0b013a01 10000 100 5242880 1138436 914752 451803
0b013e01 0b013501 10000 100 5242880 1268040 812920 443723
0b005401 0b00ff01 10001 100 5242880 1148289 932693 451803
0b012401 0b00be01 10000 100 5242880 841697 1249454 451803
0b00a001 0b00c301 10000 100 5242880 1208015 884314 451803
0b00aa01 0b000901 10000 100 10485760 698137 1411846 891367
0b00f701 0b003c01 10000 100 2097152 1188295 925565 188068
0b007501 0b013001 10000 100 2097152 1167627 950556 188068
0b012601 0b00ed01 10000 100 10485760 927204 1192704 891367
0b013a01 0b00d901 10001 100 5242880 1218342 901699 451803
0b008101 0b000b01 10000 100 10485760 846406 1291474 891367
0b00c101 0b001101 10000 100 5242880 965623 1178161 451803
0b00fc01 0b011701 10000 100 5242880 1423451 721391 451803
0b00c401 0b00a001 10000 100 20000000 233291 1923850 1689040
0b00bf01 0b010f01 10000 100 2097152 1370817 788033 188068
0b006101 0b013e01 10000 100 10485760 688632 1477319 891367
0b010c01 0b013001 10000 100 10485760 265666 1915894 887327
0b013501 0b004401 10000 100 5242880 1267897 941815 451803
0b000901 0b000e01 10000 100 20000000 481667 1745004 1680960
0b00c301 0b006501 10000 100 10485760 468346 1762490 891367
0b005801 0b003101 10000 100 10485760 850901 1382879 891367
0b010a01 0b010901 10000 100 5242880 1472891 766418 443723
0b003d01 0b001b01 10000 100 5242880 1408951 831095 447763
0b00bb01 0b00b701 10000 100 10485760 307847 1956550 883287
0b002401 0b007501 10000 100 10485760 1295336 976849 891367
0b00cd01 0b006f01 10000 100 20000000 545175 1738779 1689040
0b00a101 0b00c001 10000 100 5242880 1108784 1180556 451803
0b00d001 0b003501 10000 100 10485760 1381047 911656 891367
0b005e01 0b008d01 10000 100 10485760 1397088 908099 891367
0b006a01 0b013601 10000 100 20000000 428987 1881095 1689040
0b001901 0b005401 10001 100 10485760 1393941 934884 891367
0b007301 0b011901 10000 100 5242880 558739 1771526 451803
0b007301 0b010f01 10000 100 5242880 553701 1786427 451803
0b00fa01 0b00cf01 10000 100 10485760 516046 1841471 887327
0b00b401 0b013a01 10000 100 10485760 773530 1599209 891367
