0b002201 0b000101 10000 100 5000000 2000000000 91375481 427400
0b003f01 0b000101 10000 100 5000000 2000000000 91739685 427400
0b003301 0b000101 10000 100 5000000 2000000000 92304666 427400
0b002301 0b000101 10000 100 5000000 2000000000 93688276 427400
0b003001 0b000101 10000 100 5000000 2000000000 93714670 427400
0b001a01 0b000101 10000 100 5000000 2000000000 95280299 427400
0b003b01 0b000101 10000 100 5000000 2000000000 95660356 427400
0b001201 0b000101 10000 100 5000000 2000000000 95736218 427400
0b003501 0b000101 10000 100 5000000 2000000000 95793903 427400
0b001901 0b000101 10000 100 5000000 2000000000 96205500 427400
0b003701 0b000101 10000 100 5000000 2000000000 96342948 427400
0b001e01 0b000101 10000 100 5000000 2000000000 97146886 427400
0b003201 0b000101 10000 100 5000000 2000000000 98297017 427400
0b002a01 0b000101 10000 100 5000000 2000000000 99359832 427400
0b001101 0b000101 10000 100 5000000 2000000000 99589742 427400
0b001b01 0b000101 10000 100 5000000 2000000000 99885803 427400
0b001601 0b000101 10000 100 5000000 2000000000 100228427 427400
0b001001 0b000101 10000 100 5000000 2000000000 100337489 427400
0b002901 0b000101 10000 100 5000000 2000000000 100411608 427400
0b001501 0b000101 10000 100 5000000 2000000000 100570387 427400
0b002e01 0b000101 10000 100 5000000 2000000000 100635874 427400
0b000a01 0b000101 10000 100 5000000 2000000000 101347506 423360
0b002101 0b000101 10000 100 5000000 2000000000 101558834 427400
0b003a01 0b000101 10000 100 5000000 2000000000 102202665 427400
0b002401 0b000101 10000 100 5000000 2000000000 102672777 427400
0b002001 0b000101 10000 100 5000000 2000000000 102796364 427400
0b002701 0b000101 10000 100 5000000 2000000000 103035321 427400
0b002501 0b000101 10000 100 5000000 2000000000 103059972 427400
0b003d01 0b000101 10000 100 5000000 2000000000 103776096 427400
0b002f01 0b000101 10000 100 5000000 2000000000 103785890 427400
0b002d01 0b000101 10000 100 5000000 2000000000 104240481 427400
0b002601 0b000101 10000 100 5000000 2000000000 104782969 427400
0b004001 0b000101 10000 100 5000000 2000000000 104943667 431440
0b001701 0b000101 10000 100 5000000 2000000000 105283210 427400
0b001801 0b000101 10000 100 5000000 2000000000 105432693 427400
0b003401 0b000101 10000 100 5000000 2000000000 105718960 427400
0b003801 0b000101 10000 100 5000000 2000000000 105738714 427400
0b003c01 0b000101 10000 100 5000000 2000000000 106281119 427400
0b000c01 0b000101 10000 100 5000000 2000000000 106968764 423360
0b002801 0b000101 10000 100 5000000 2000000000 107975647 427400
0b003101 0b000101 10000 100 5000000 2000000000 108025862 427400
0b001f01 0b000101 10000 100 5000000 2000000000 109327551 427400
0b003901 0b000101 10000 100 5000000 2000000000 109521107 427400
0b002b01 0b000101 10000 100 5000000 2000000000 109628758 427400
0b003e01 0b000101 10000 100 5000000 2000000000 109894607 427400
0b001401 0b000101 10000 100 5000000 2000000000 111031873 427400
0b000801 0b000101 10000 100 5000000 2000000000 111480063 423360
0b002c01 0b000101 10000 100 5000000 2000000000 111488539 427400
0b000901 0b000101 10000 100 5000000 2000000000 112199756 423360
0b001301 0b000101 10000 100 5000000 2000000000 113147045 427400
0b003601 0b000101 10000 100 5000000 2000000000 113170617 427400
0b000601 0b000101 10000 100 5000000 2000000000 113270539 423360
0b001d01 0b000101 10000 100 5000000 2000000000 114295599 427400
0b000701 0b000101 10000 100 5000000 2000000000 116769736 423360
0b000b01 0b000101 10000 100 5000000 2000000000 117006452 423360
0b000501 0b000101 10000 100 5000000 2000000000 117567034 423360
0b000f01 0b000101 10000 100 5000000 2000000000 118686870 423360
0b000d01 0b000101 10000 100 5000000 2000000000 118966912 423360
0b001c01 0b000101 10000 100 5000000 2000000000 120619618 427400
0b000e01 0b000101 10000 100 5000000 2000000000 123174265 423360
0b00d901 0b000101 10000 100 10000000 2000000000 173812253 850640
0b00fb01 0b000101 10000 100 10000000 2000000000 175684484 850640
0b009301 0b000101 10000 100 10000000 2000000000 177700305 850640
0b00a801 0b000101 10000 100 10000000 2000000000 177876763 850640
0b00a301 0b000101 10000 100 10000000 2000000000 177937187 850640
0b005901 0b000101 10000 100 10000000 2000000000 178771918 850640
0b006201 0b000101 10000 100 10000000 2000000000 178875004 850640
0b007901 0b000101 10000 100 10000000 2000000000 179058351 850640
0b005201 0b000101 10000 100 10000000 2000000000 179064742 850640
0b00e401 0b000101 10000 100 10000000 2000000000 179196961 850640
0b00d201 0b000101 10000 100 10000000 2000000000 179356321 850640
0b00ee01 0b000101 10000 100 10000000 2000000000 180691044 850640
0b00e301 0b000101 10000 100 10000000 2000000000 180835132 850640
0b004c01 0b000101 10000 100 10000000 2000000000 181060477 850640
0b004401 0b000101 10000 100 10000000 2000000000 181089942 850640
0b006701 0b000101 10000 100 10000000 2000000000 181143311 850640
0b009101 0b000101 10000 100 10000000 2000000000 181183566 850640
0b00d001 0b000101 10000 100 10000000 2000000000 181247310 850640
0b005101 0b000101 10000 100 10000000 2000000000 181352222 850640
0b00c601 0b000101 10000 100 10000000 2000000000 181996219 850640
0b00d301 0b000101 10000 100 10000000 2000000000 182122462 850640
0b00b601 0b000101 10000 100 10000000 2000000000 182153504 850640
0b004601 0b000101 10000 100 10000000 2000000000 182193510 850640
0b006801 0b000101 10000 100 10000000 2000000000 182542110 850640
0b00ca01 0b000101 10000 100 10000000 2000000000 182696407 850640
0b00e801 0b000101 10000 100 10000000 2000000000 182962339 850640
0b00f001 0b000101 10000 100 10000000 2000000000 183088748 850640
0b00d501 0b000101 10000 100 10000000 2000000000 183382651 850640
0b005f01 0b000101 10000 100 10000000 2000000000 183630323 850640
0b007f01 0b000101 10000 100 10000000 2000000000 183675226 850640
0b006f01 0b000101 10000 100 10000000 2000000000 183765779 850640
0b009001 0b000101 10000 100 10000000 2000000000 183955019 850640
0b009501 0b000101 10000 100 10000000 2000000000 184151563 850640
0b007201 0b000101 10000 100 10000000 2000000000 184465801 850640
0b007c01 0b000101 10000 100 10000000 2000000000 184752898 850640
0b006301 0b000101 10000 100 10000000 2000000000 184987871 850640
0b00d701 0b000101 10000 100 10000000 2000000000 185151298 850640
0b00a901 0b000101 10000 100 10000000 2000000000 185481555 850640
0b004101 0b000101 10000 100 10000000 2000000000 185516083 850640
0b00ec01 0b000101 10000 100 10000000 2000000000 185538742 850640
0b00ba01 0b000101 10000 100 10000000 2000000000 185596842 850640
0b006b01 0b000101 10000 100 10000000 2000000000 185610869 850640
0b00ad01 0b000101 10000 100 10000000 2000000000 185698019 850640
0b00bd01 0b000101 10000 100 10000000 2000000000 185781268 850640
0b007a01 0b000101 10000 100 10000000 2000000000 185967852 850640
0b008d01 0b000101 10000 100 10000000 2000000000 186002795 850640
0b00ff01 0b000101 10000 100 10000000 2000000000 186139081 850640
0b005c01 0b000101 10000 100 10000000 2000000000 186295536 850640
0b008201 0b000101 10000 100 10000000 2000000000 186326744 850640
0b00ea01 0b000101 10000 100 10000000 2000000000 186345834 850640
0b006601 0b000101 10000 100 10000000 2000000000 186643223 850640
0b00ef01 0b000101 10000 100 10000000 2000000000 187253024 850640
0b005501 0b000101 10000 100 10000000 2000000000 187364327 850640
0b005601 0b000101 10000 100 10000000 2000000000 187543856 850640
0b007b01 0b000101 10000 100 10000000 2000000000 187715915 850640
0b009a01 0b000101 10000 100 10000000 2000000000 187928727 850640
0b00fd01 0b000101 10000 100 10000000 2000000000 188061029 850640
0b008f01 0b000101 10000 100 10000000 2000000000 188094727 850640
0b00c801 0b000101 10000 100 10000000 2000000000 188161625 850640
0b00cc01 0b000101 10000 100 10000000 2000000000 188166439 850640
0b00df01 0b000101 10000 100 10000000 2000000000 188190011 850640
0b004a01 0b000101 10000 100 10000000 2000000000 188368461 850640
0b00a201 0b000101 10000 100 10000000 2000000000 188437683 850640
0b00aa01 0b000101 10000 100 10000000 2000000000 188499850 850640
0b000001 0b000101 10003 100 10000000 2000000000 188523319 842560
0b008501 0b000101 10000 100 10000000 2000000000 188603600 850640
0b007701 0b000101 10000 100 10000000 2000000000 188616133 850640
0b00dd01 0b000101 10000 100 10000000 2000000000 188621694 850640
0b00c001 0b000101 10000 100 10000000 2000000000 188739056 850640
0b005301 0b000101 10000 100 10000000 2000000000 188754328 850640
0b00fa01 0b000101 10000 100 10000000 2000000000 188922320 850640
0b008401 0b000101 10000 100 10000000 2000000000 188936596 850640
0b008301 0b000101 10000 100 10000000 2000000000 189053294 850640
0b007001 0b000101 10000 100 10000000 2000000000 189059519 850640
0b00b001 0b000101 10000 100 10000000 2000000000 189232242 850640
0b004901 0b000101 10000 100 10000000 2000000000 189241206 850640
0b004b01 0b000101 10000 100 10000000 2000000000 189334498 850640
0b009601 0b000101 10000 100 10000000 2000000000 189348857 850640
0b004f01 0b000101 10000 100 10000000 2000000000 189349853 850640
0b00b901 0b000101 10000 100 10000000 2000000000 189384381 850640
0b004501 0b000101 10000 100 10000000 2000000000 189407289 850640
0b004701 0b000101 10000 100 10000000 2000000000 189467381 850640
0b00b401 0b000101 10000 100 10000000 2000000000 189495850 850640
0b006e01 0b000101 10000 100 10000000 2000000000 189520916 850640
0b00f301 0b000101 10000 100 10000000 2000000000 189595367 850640
0b00f801 0b000101 10000 100 10000000 2000000000 189616283 850640
0b00c101 0b000101 10000 100 10000000 2000000000 189687414 850640
0b006d01 0b000101 10000 100 10000000 2000000000 189694718 850640
0b00de01 0b000101 10000 100 10000000 2000000000 189773402 850640
0b008701 0b000101 10000 100 10000000 2000000000 189892922 850640
0b00dc01 0b000101 10000 100 10000000 2000000000 189900641 850640
0b005e01 0b000101 10000 100 10000000 2000000000 189912510 850640
0b005b01 0b000101 10000 100 10000000 2000000000 189914751 850640
0b006401 0b000101 10000 100 10000000 2000000000 189969614 850640
0b009701 0b000101 10000 100 10000000 2000000000 190021240 850640
0b00e201 0b000101 10000 100 10000000 2000000000 190049958 850640
0b00d801 0b000101 10000 100 10000000 2000000000 190064151 850640
0b00e101 0b000101 10000 100 10000000 2000000000 190080419 850640
0b007801 0b000101 10000 100 10000000 2000000000 190157941 850640
0b00d401 0b000101 10000 100 10000000 2000000000 190263932 850640
0b00b301 0b000101 10000 100 10000000 2000000000 190320538 850640
0b006101 0b000101 10000 100 10000000 2000000000 190367433 850640
0b00e901 0b000101 10000 100 10000000 2000000000 190379136 850640
0b00ed01 0b000101 10000 100 10000000 2000000000 190473590 850640
0b00e601 0b000101 10000 100 10000000 2000000000 190514094 850640
0b00cd01 0b000101 10000 100 10000000 2000000000 190551776 850640
0b00a701 0b000101 10000 100 10000000 2000000000 190593940 850640
0b00cf01 0b000101 10000 100 10000000 2000000000 190628634 850640
0b005001 0b000101 10000 100 10000000 2000000000 190664905 850640
0b00b101 0b000101 10000 100 10000000 2000000000 190720930 850640
0b00f501 0b000101 10000 100 10000000 2000000000 190722839 850640
0b004e01 0b000101 10000 100 10000000 2000000000 190794800 850640
0b009f01 0b000101 10000 100 10000000 2000000000 190820862 850640
0b000001 0b000101 10005 100 10000000 2000000000 190829557 842560
0b007101 0b000101 10000 100 10000000 2000000000 190855141 850640
0b005d01 0b000101 10000 100 10000000 2000000000 190888424 850640
0b008c01 0b000101 10000 100 10000000 2000000000 190967108 850640
0b00ae01 0b000101 10000 100 10000000 2000000000 190984372 850640
0b004801 0b000101 10000 100 10000000 2000000000 191022884 850640
0b009c01 0b000101 10000 100 10000000 2000000000 191042887 850640
0b008b01 0b000101 10000 100 10000000 2000000000 191048863 850640
0b00a401 0b000101 10000 100 10000000 2000000000 191100738 850640
0b00d601 0b000101 10000 100 10000000 2000000000 191128460 850640
0b000001 0b000101 10006 100 10000000 2000000000 191129602 842560
0b006c01 0b000101 10000 100 10000000 2000000000 191176932 850640
0b007301 0b000101 10000 100 10000000 2000000000 191179505 850640
0b00a601 0b000101 10000 100 10000000 2000000000 191185066 850640
0b00c201 0b000101 10000 100 10000000 2000000000 191216606 850640
0b00a001 0b000101 10000 100 10000000 2000000000 191219594 850640
0b00a501 0b000101 10000 100 10000000 2000000000 191234202 850640
0b00e001 0b000101 10000 100 10000000 2000000000 191281180 850640
0b00f701 0b000101 10000 100 10000000 2000000000 191286824 850640
0b00f101 0b000101 10000 100 10000000 2000000000 191341521 850640
0b00cb01 0b000101 10000 100 10000000 2000000000 191362603 850640
0b00bf01 0b000101 10000 100 10000000 2000000000 191396218 850640
0b005a01 0b000101 10000 100 10000000 2000000000 191399040 850640
0b009401 0b000101 10000 100 10000000 2000000000 191436971 850640
0b004201 0b000101 10000 100 10000000 2000000000 191437220 850640
0b009201 0b000101 10000 100 10000000 2000000000 191457472 850640
0b00af01 0b000101 10000 100 10000000 2000000000 191484696 850640
0b00fe01 0b000101 10000 100 10000000 2000000000 191507853 850640
0b005701 0b000101 10000 100 10000000 2000000000 191522212 850640
0b00eb01 0b000101 10000 100 10000000 2000000000 191545784 850640
0b00b701 0b000101 10000 100 10000000 2000000000 191609030 850640
0b008601 0b000101 10000 100 10000000 2000000000 191658913 850640
0b00c501 0b000101 10000 100 10000000 2000000000 191667960 850640
0b010101 0b000101 10000 100 10000000 2000000000 191745316 850640
0b008a01 0b000101 10000 100 10000000 2000000000 191788310 850640
0b00bc01 0b000101 10000 100 10000000 2000000000 191882681 850640
0b00f201 0b000101 10000 100 10000000 2000000000 191884839 850640
0b00db01 0b000101 10000 100 10000000 2000000000 191940366 850640
0b00ac01 0b000101 10000 100 10000000 2000000000 191949579 850640
0b00c901 0b000101 10000 100 10000000 2000000000 191954310 850640
0b008101 0b000101 10000 100 10000000 2000000000 191983609 850640
0b00a101 0b000101 10000 100 10000000 2000000000 192023366 850640
0b004d01 0b000101 10000 100 10000000 2000000000 192046606 850640
0b00f401 0b000101 10000 100 10000000 2000000000 192059637 850640
0b006501 0b000101 10000 100 10000000 2000000000 192115994 850640
0b009901 0b000101 10000 100 10000000 2000000000 192150439 850640
0b00c701 0b000101 10000 100 10000000 2000000000 192164881 850640
0b00bb01 0b000101 10000 100 10000000 2000000000 192168367 850640
0b005401 0b000101 10000 100 10000000 2000000000 192224558 850640
0b00b501 0b000101 10000 100 10000000 2000000000 192240245 850640
0b00ce01 0b000101 10000 100 10000000 2000000000 192262987 850640
0b00e501 0b000101 10000 100 10000000 2000000000 192322122 850640
0b005801 0b000101 10000 100 10000000 2000000000 192330766 850640
0b00da01 0b000101 10000 100 10000000 2000000000 192340593 850640
0b009d01 0b000101 10000 100 10000000 2000000000 192361206 850640
0b006001 0b000101 10000 100 10000000 2000000000 192367023 850640
0b00e701 0b000101 10000 100 10000000 2000000000 192482448 850640
0b000001 0b000101 10004 100 10000000 2000000000 192584367 842560
0b006901 0b000101 10000 100 10000000 2000000000 192691888 850640
0b000001 0b000101 10002 100 10000000 2000000000 192707190 842560
0b009801 0b000101 10000 100 10000000 2000000000 192744626 850640
0b009b01 0b000101 10000 100 10000000 2000000000 192808072 850640
0b006a01 0b000101 10000 100 10000000 2000000000 192817864 850640
0b00f601 0b000101 10000 100 10000000 2000000000 192841116 850640
0b009e01 0b000101 10000 100 10000000 2000000000 192851615 850640
0b000001 0b000101 10000 100 10000000 2000000000 192885409 842560
0b00c401 0b000101 10000 100 10000000 2000000000 193134260 850640
0b004301 0b000101 10000 100 10000000 2000000000 193226489 850640
0b00b201 0b000101 10000 100 10000000 2000000000 193239558 850640
0b008001 0b000101 10000 100 10000000 2000000000 193251381 850640
0b00c301 0b000101 10000 100 10000000 2000000000 193291482 850640
0b000001 0b000101 10001 100 10000000 2000000000 193368663 842560
0b00be01 0b000101 10000 100 10000000 2000000000 193439943 850640
0b008801 0b000101 10000 100 10000000 2000000000 193522614 850640
0b010001 0b000101 10000 100 10000000 2000000000 193594870 850640
0b007e01 0b000101 10000 100 10000000 2000000000 193658819 850640
0b00f901 0b000101 10000 100 10000000 2000000000 193728817 850640
0b008901 0b000101 10000 100 10000000 2000000000 193785110 850640
0b00ab01 0b000101 10000 100 10000000 2000000000 194040252 850640
0b007d01 0b000101 10000 100 10000000 2000000000 194096802 850640
0b00d101 0b000101 10000 100 10000000 2000000000 194407976 850640
0b007401 0b000101 10000 100 10000000 2000000000 194625231 850640
0b00fc01 0b000101 10000 100 10000000 2000000000 194722451 850640
0b00b801 0b000101 10000 100 10000000 2000000000 195112404 850640
0b008e01 0b000101 10000 100 10000000 2000000000 195552430 850640
0b007601 0b000101 10000 100 10000000 2000000000 195920619 850640
0b007501 0b000101 10000 100 10000000 2000000000 196442633 850640
0b000401 0b000101 10000 100 150000000 2000000000 316091826 12580160
0b000201 0b000101 10000 100 200000000 2000000000 342709980 16772160
0b000301 0b000101 10000 100 200000000 2000000000 345353272 16772160
