972
8 316 3 100 2048 0.000000170
269 20 3 100 1048576 0.000001322
88 46 3 100 204800 0.000004248
305 213 3 100 1048576 0.000004271
3 262 3 100 204800 0.000006033
114 32 3 100 5242880 0.000006790
250 242 3 100 512000 0.000009206
218 237 3 100 5120 0.000010448
219 66 3 100 20480 0.000011212
255 23 3 100 5242880 0.000013177
16 267 3 100 102400 0.000013696
31 126 3 100 5242880 0.000014528
178 10 3 100 20000000 0.000015015
67 64 3 100 2097152 0.000015866
73 241 3 100 10485760 0.000016755
273 161 3 100 204800 0.000017071
277 43 3 100 20480 0.000017983
147 145 3 100 51200 0.000021848
22 198 3 100 51200 0.000025315
0 44 3 100 10485760 0.000025698
142 2 3 100 20000000 0.000026411
94 11 3 100 51200 0.000026603
193 104 3 100 5242880 0.000026667
95 288 3 100 204800 0.000027678
233 108 3 100 102400 0.000028622
176 9 3 100 2097152 0.000029275
169 163 3 100 204800 0.000032079
228 237 3 100 1024 0.000033106
157 282 3 100 5242880 0.000033166
153 146 3 100 5120 0.000033982
265 236 3 100 20480 0.000035925
42 29 3 100 20000000 0.000036523
50 110 3 100 5120 0.000037046
123 290 3 100 5242880 0.000039317
1 305 3 100 204800 0.000043809
1 229 3 100 5120 0.000046971
226 147 3 100 102400 0.000049376
313 239 3 100 5120 0.000049796
39 305 3 100 20000000 0.000052798
284 49 3 100 51200 0.000053159
101 224 3 100 20000000 0.000053727
121 65 3 100 10240 0.000054356
188 228 3 100 1048576 0.000056110
160 217 3 100 102400 0.000056158
28 291 3 100 204800 0.000056188
50 273 3 100 20000000 0.000057912
200 293 3 100 20000000 0.000061562
228 112 3 100 5120 0.000062208
304 121 3 100 5120 0.000063918
45 42 3 100 10240 0.000066342
1 72 3 100 5120 0.000068414
291 304 3 100 51200 0.000069142
255 113 3 100 2097152 0.000072803
208 125 3 100 51200 0.000073682
62 20 3 100 10240 0.000074128
12 120 3 100 5242880 0.000074280
54 305 3 100 20000000 0.000074304
104 222 3 100 5242880 0.000074442
190 28 3 100 1048576 0.000074584
186 209 3 100 5242880 0.000074728
157 79 3 100 2097152 0.000077500
219 168 3 100 51200 0.000077860
7 274 3 100 512000 0.000079769
182 318 3 100 1024 0.000082684
76 213 3 100 10485760 0.000083881
41 13 3 100 51200 0.000085217
245 259 3 100 10240 0.000085711
111 254 3 100 5242880 0.000086030
125 153 3 100 10240 0.000088139
290 287 3 100 204800 0.000088276
48 24 3 100 1048576 0.000089115
288 161 3 100 20000000 0.000096990
166 170 3 100 2048 0.000097439
290 251 3 100 20000000 0.000099882
41 82 3 100 10485760 0.000100321
298 283 3 100 512000 0.000100420
231 284 3 100 10240 0.000101424
100 153 3 100 51200 0.000103021
103 155 3 100 2097152 0.000104181
315 281 3 100 512000 0.000109051
115 223 3 100 512000 0.000112231
190 49 3 100 2097152 0.000113872
24 16 3 100 512000 0.000119238
27 270 3 100 5120 0.000121253
128 20 3 100 102400 0.000122172
67 240 3 100 204800 0.000123877
83 225 3 100 512000 0.000124151
174 258 3 100 2048 0.000126313
153 252 3 100 102400 0.000127346
156 195 3 100 102400 0.000128100
73 123 3 100 5242880 0.000128167
314 217 3 100 204800 0.000129062
229 261 3 100 10485760 0.000129528
30 106 3 100 2048 0.000133948
119 202 3 100 51200 0.000136227
105 222 3 100 10240 0.000145221
17 22 3 100 20000000 0.000146811
2 18 3 100 10485760 0.000147314
115 28 3 100 10485760 0.000148883
68 182 3 100 1048576 0.000149822
296 311 3 100 20000000 0.000150071
161 190 3 100 102400 0.000151507
170 191 3 100 102400 0.000151570
23 24 3 100 20480 0.000153664
319 133 3 100 102400 0.000159670
148 16 3 100 20480 0.000160066
23 254 3 100 5242880 0.000163274
160 167 3 100 102400 0.000164462
247 82 3 100 20000000 0.000166807
79 301 3 100 1048576 0.000168171
185 293 3 100 5120 0.000169433
241 204 3 100 2097152 0.000173188
32 144 3 100 2097152 0.000173281
0 19 3 100 204800 0.000173813
88 249 3 100 2048 0.000176369
167 108 3 100 1048576 0.000176633
46 280 3 100 10485760 0.000178266
288 51 3 100 10240 0.000185202
125 41 3 100 204800 0.000185584
17 100 3 100 512000 0.000186838
181 163 3 100 1048576 0.000187232
251 121 3 100 102400 0.000187407
108 183 3 100 1048576 0.000189417
293 259 3 100 20000000 0.000189602
300 196 3 100 51200 0.000189855
289 141 3 100 2097152 0.000192967
195 202 3 100 512000 0.000194870
169 5 3 100 20000000 0.000195626
14 61 3 100 2097152 0.000196885
318 16 3 100 10485760 0.000197535
115 242 3 100 204800 0.000199663
151 217 3 100 5242880 0.000204209
65 164 3 100 10485760 0.000207801
8 45 3 100 5120 0.000209729
259 151 3 100 10240 0.000212912
259 157 3 100 1048576 0.000213468
45 86 3 100 10485760 0.000214541
5 180 3 100 20000000 0.000215864
292 316 3 100 1048576 0.000216275
241 121 3 100 20000000 0.000217346
147 212 3 100 51200 0.000217398
134 11 3 100 20480 0.000221592
92 82 3 100 51200 0.000222201
56 215 3 100 2097152 0.000222620
98 67 3 100 20000000 0.000223390
202 254 3 100 2048 0.000224546
286 226 3 100 2097152 0.000225967
148 187 3 100 5242880 0.000229040
191 235 3 100 512000 0.000229442
266 188 3 100 10240 0.000229610
132 175 3 100 5242880 0.000231264
196 160 3 100 20000000 0.000233292
141 92 3 100 20000000 0.000234521
72 170 3 100 102400 0.000238195
103 301 3 100 2097152 0.000239065
64 24 3 100 2097152 0.000241138
211 312 3 100 20480 0.000244330
49 222 3 100 5242880 0.000244641
239 183 3 100 204800 0.000245091
297 39 3 100 20000000 0.000250379
42 129 3 100 204800 0.000250615
260 238 3 100 20000000 0.000255087
71 48 3 100 20000000 0.000255848
230 31 3 100 2048 0.000259082
180 201 3 100 1048576 0.000260868
21 183 3 100 20480 0.000260894
196 190 3 100 2097152 0.000261667
243 53 3 100 5120 0.000262855
268 304 3 100 10485760 0.000265666
72 310 3 100 20480 0.000269340
81 48 3 100 20000000 0.000272893
74 150 3 100 2048 0.000273935
286 254 3 100 204800 0.000279013
179 243 3 100 5242880 0.000280444
217 93 3 100 10485760 0.000280780
264 284 3 100 512000 0.000282054
72 200 3 100 512000 0.000282400
199 172 3 100 512000 0.000284520
15 10 3 100 102400 0.000289777
133 144 3 100 10485760 0.000294321
230 183 3 100 20000000 0.000296823
72 104 3 100 10485760 0.000298418
299 49 3 100 2048 0.000302673
276 6 3 100 20000000 0.000307755
187 183 3 100 10485760 0.000307848
35 2 3 100 10240 0.000308018
228 287 3 100 20000000 0.000309355
135 113 3 100 20480 0.000310507
198 302 3 100 20480 0.000311032
147 97 3 100 20000000 0.000312439
258 150 3 100 512000 0.000313012
156 71 3 100 204800 0.000313649
177 17 3 100 20000000 0.000314304
288 80 3 100 51200 0.000315016
41 51 3 100 10240 0.000317692
216 4 3 100 20480 0.000321059
294 155 3 100 1048576 0.000323653
19 203 3 100 10485760 0.000323865
22 166 3 100 51200 0.000324658
235 32 3 100 20000000 0.000326623
262 69 3 100 20000000 0.000334319
58 50 3 100 10485760 0.000337413
63 93 3 100 10485760 0.000339500
167 132 3 100 10240 0.000341726
98 33 3 100 2048 0.000343400
236 47 3 100 1024 0.000343862
238 100 3 100 1024 0.000346771
103 169 3 100 51200 0.000347282
2 247 3 100 20480 0.000348356
170 319 3 100 512000 0.000349305
234 74 3 100 102400 0.000350070
300 235 3 100 10485760 0.000351264
267 94 3 100 5242880 0.000354433
251 74 3 100 204800 0.000358345
253 215 3 100 204800 0.000358541
171 284 3 100 1048576 0.000358954
298 195 3 100 1024 0.000360042
16 284 3 100 10240 0.000361247
204 160 3 100 10240 0.000361255
152 149 3 100 20000000 0.000363086
310 84 3 100 102400 0.000363494
112 284 3 100 10240 0.000364203
53 281 3 100 5120 0.000364325
76 312 3 100 51200 0.000364463
176 142 3 100 1048576 0.000367923
201 167 3 100 20000000 0.000369027
119 165 3 100 1048576 0.000371829
283 301 3 100 20480 0.000372025
146 22 3 100 1048576 0.000372124
160 31 3 100 5242880 0.000373198
291 76 3 100 5242880 0.000374150
97 246 3 100 2097152 0.000374627
46 11 3 100 2097152 0.000375507
3 305 3 100 20000000 0.000375517
238 163 3 100 20480 0.000377366
207 166 3 100 204800 0.000378335
66 287 3 100 512000 0.000379661
145 154 3 100 51200 0.000380583
231 176 3 100 10485760 0.000382629
166 157 3 100 5120 0.000385683
267 193 3 100 5242880 0.000385804
270 315 3 100 1048576 0.000387621
282 228 3 100 102400 0.000391159
287 251 3 100 20000000 0.000393145
118 166 3 100 20000000 0.000393745
256 250 3 100 10240 0.000398005
273 142 3 100 20480 0.000398474
215 172 3 100 20000000 0.000399866
27 279 3 100 1048576 0.000400605
97 75 3 100 512000 0.000401846
302 278 3 100 204800 0.000402477
266 36 3 100 512000 0.000403390
270 296 3 100 51200 0.000406064
100 70 3 100 1048576 0.000406770
317 272 3 100 10485760 0.000412817
254 137 3 100 1048576 0.000416308
82 204 3 100 20000000 0.000416651
39 204 3 100 2097152 0.000417674
77 280 3 100 2048 0.000418187
200 120 3 100 2048 0.000418263
217 166 3 100 2097152 0.000420484
84 101 3 100 10240 0.000423145
282 214 3 100 1024 0.000423252
147 295 3 100 512000 0.000428082
106 310 3 100 20000000 0.000428988
257 238 3 100 2097152 0.000431520
189 145 3 100 20480 0.000439581
156 265 3 100 5120 0.000442754
143 51 3 100 20480 0.000446117
210 32 3 100 2097152 0.000446417
20 3 3 100 20000000 0.000449587
148 281 3 100 20000000 0.000450603
75 164 3 100 204800 0.000450655
45 156 3 100 2048 0.000450815
315 50 3 100 512000 0.000450877
307 146 3 100 20000000 0.000451014
80 13 3 100 20480 0.000451257
39 105 3 100 5242880 0.000452661
266 144 3 100 102400 0.000455454
51 170 3 100 2097152 0.000456386
287 242 3 100 2097152 0.000456505
228 122 3 100 512000 0.000456740
239 204 3 100 5242880 0.000461338
249 10 3 100 20000000 0.000461580
287 168 3 100 51200 0.000462175
45 291 3 100 204800 0.000462338
5 256 3 100 5242880 0.000464508
268 61 3 100 204800 0.000465440
19 295 3 100 20000000 0.000465702
281 179 3 100 1024 0.000466530
195 101 3 100 10485760 0.000468347
154 35 3 100 2097152 0.000472382
23 21 3 100 512000 0.000473260
161 289 3 100 20000000 0.000473474
88 258 3 100 2048 0.000475146
124 134 3 100 20000000 0.000476295
60 213 3 100 10485760 0.000477154
72 146 3 100 10240 0.000479936
9 14 3 100 20000000 0.000481668
189 247 3 100 5242880 0.000482355
112 84 3 100 5120 0.000484735
6 253 3 100 20000000 0.000486547
116 154 3 100 20000000 0.000489511
256 126 3 100 20000000 0.000491498
76 148 3 100 10240 0.000492493
204 116 3 100 2097152 0.000496027
61 136 3 100 102400 0.000499679
99 264 3 100 2097152 0.000500046
220 25 3 100 1024 0.000500680
111 318 3 100 51200 0.000501527
193 235 3 100 102400 0.000505305
198 254 3 100 51200 0.000509635
52 69 3 100 10485760 0.000510572
301 216 3 100 2048 0.000510617
292 306 3 100 20000000 0.000511258
247 185 3 100 20000000 0.000511291
84 255 3 100 20000000 0.000511405
54 232 3 100 20000000 0.000512843
74 238 3 100 20000000 0.000512975
290 41 3 100 10485760 0.000513904
233 159 3 100 102400 0.000514116
268 32 3 100 10485760 0.000514952
250 207 3 100 10485760 0.000516046
73 159 3 100 20000000 0.000518379
116 228 3 100 1024 0.000520585
250 99 3 100 5242880 0.000523392
43 61 3 100 20000000 0.000524283
150 127 3 100 512000 0.000525037
107 126 3 100 2048 0.000527016
85 118 3 100 1048576 0.000527489
131 269 3 100 512000 0.000527841
245 195 3 100 1024 0.000530780
257 295 3 100 204800 0.000533259
168 49 3 100 5120 0.000533541
228 302 3 100 5242880 0.000534074
173 89 3 100 10485760 0.000538438
135 290 3 100 1048576 0.000540079
219 38 3 100 20000000 0.000541332
280 293 3 100 512000 0.000542916
280 8 3 100 2097152 0.000544456
205 111 3 100 20000000 0.000545176
21 98 3 100 10485760 0.000545708
243 140 3 100 2097152 0.000545879
265 181 3 100 10240 0.000550136
188 122 3 100 102400 0.000550545
266 22 3 100 51200 0.000550582
46 102 3 100 204800 0.000551494
229 70 3 100 1024 0.000552064
134 209 3 100 1024 0.000552715
243 235 3 100 102400 0.000553330
234 145 3 100 20480 0.000553404
115 271 3 100 5242880 0.000553702
297 176 3 100 1024 0.000558260
115 281 3 100 5242880 0.000558740
193 60 3 100 20000000 0.000560965
105 195 3 100 204800 0.000562292
28 264 3 100 102400 0.000563398
262 248 3 100 5242880 0.000564903
116 256 3 100 2048 0.000565624
96 166 3 100 10485760 0.000565791
174 264 3 100 10485760 0.000566700
0 174 3 100 20000000 0.000568595
246 119 3 100 10485760 0.000569501
179 262 3 100 20000000 0.000571331
221 57 3 100 2097152 0.000571727
235 318 3 100 1048576 0.000571771
84 154 3 100 2097152 0.000571779
155 263 3 100 20000000 0.000574281
169 88 3 100 102400 0.000574481
313 99 3 100 10240 0.000577922
90 136 3 100 1048576 0.000578726
175 47 3 100 2097152 0.000583383
120 143 3 100 2097152 0.000583397
260 50 3 100 10240 0.000584126
316 132 3 100 1048576 0.000592425
156 33 3 100 10485760 0.000594860
114 40 3 100 10485760 0.000595734
263 44 3 100 1048576 0.000596368
124 236 3 100 2097152 0.000597089
218 104 3 100 512000 0.000597161
104 201 3 100 5242880 0.000599252
315 49 3 100 1024 0.000599760
229 109 3 100 10240 0.000600103
109 9 3 100 512000 0.000600371
284 276 3 100 512000 0.000600753
228 266 3 100 2097152 0.000601541
288 215 3 100 102400 0.000601827
317 40 3 100 5242880 0.000602430
241 304 3 100 5242880 0.000602931
96 224 3 100 20000000 0.000603071
73 237 3 100 512000 0.000603200
244 86 3 100 2097152 0.000605720
22 224 3 100 1048576 0.000606339
231 304 3 100 20000000 0.000607055
108 19 3 100 20480 0.000608438
34 54 3 100 5120 0.000609008
246 132 3 100 20000000 0.000609036
211 30 3 100 102400 0.000609301
122 62 3 100 20000000 0.000612852
4 198 3 100 1048576 0.000613554
281 1 3 100 10240 0.000614713
145 32 3 100 1048576 0.000616138
131 215 3 100 20000000 0.000623746
90 4 3 100 2097152 0.000624978
230 81 3 100 5242880 0.000625948
281 252 3 100 51200 0.000626519
246 64 3 100 2097152 0.000627130
9 241 3 100 1024 0.000627176
81 310 3 100 2097152 0.000627760
185 81 3 100 10485760 0.000627941
92 202 3 100 1048576 0.000628831
247 107 3 100 51200 0.000633237
50 106 3 100 2097152 0.000635245
195 121 3 100 2097152 0.000635972
274 36 3 100 1048576 0.000636903
229 84 3 100 512000 0.000638279
69 59 3 100 204800 0.000638338
21 31 3 100 20000000 0.000640920
132 274 3 100 20480 0.000641606
100 64 3 100 51200 0.000643795
191 252 3 100 20000000 0.000644781
218 157 3 100 1048576 0.000644816
286 65 3 100 204800 0.000646806
54 282 3 100 512000 0.000647938
275 91 3 100 512000 0.000648007
101 10 3 100 102400 0.000649157
247 275 3 100 102400 0.000651448
297 224 3 100 204800 0.000651457
0 172 3 100 1048576 0.000651708
252 10 3 100 20000000 0.000652270
235 138 3 100 102400 0.000652872
253 307 3 100 20000000 0.000655418
174 57 3 100 204800 0.000656577
231 257 3 100 512000 0.000656898
137 95 3 100 1048576 0.000656998
58 269 3 100 5242880 0.000657364
63 2 3 100 512000 0.000657395
137 286 3 100 51200 0.000659447
290 150 3 100 5242880 0.000659579
244 112 3 100 102400 0.000659937
103 130 3 100 20000000 0.000660981
194 137 3 100 20000000 0.000661350
105 2 3 100 2048 0.000663196
19 114 3 100 20000000 0.000664610
126 3 3 100 51200 0.000666685
115 177 3 100 5242880 0.000667549
97 52 3 100 512000 0.000668767
240 85 3 100 5120 0.000668825
131 309 3 100 51200 0.000670906
222 135 3 100 20000000 0.000675767
268 307 3 100 512000 0.000678094
147 9 3 100 10240 0.000680357
100 190 3 100 2097152 0.000682073
257 252 3 100 2048 0.000682107
68 177 3 100 20480 0.000685565
97 318 3 100 10485760 0.000688632
285 20 3 100 1048576 0.000689441
196 132 3 100 204800 0.000690478
16 279 3 100 5242880 0.000692544
3 214 3 100 204800 0.000693629
113 156 3 100 5120 0.000695957
170 9 3 100 10485760 0.000698138
214 264 3 100 20000000 0.000703579
199 53 3 100 51200 0.000704301
155 109 3 100 1048576 0.000704707
68 285 3 100 5120 0.000708520
3 92 3 100 5242880 0.000709090
279 122 3 100 20000000 0.000709882
98 245 3 100 1048576 0.000712203
124 36 3 100 20480 0.000712943
316 306 3 100 1024 0.000714251
42 265 3 100 10485760 0.000714276
43 157 3 100 204800 0.000715478
50 268 3 100 5120 0.000716384
224 196 3 100 5120 0.000717635
77 69 3 100 20000000 0.000717746
39 246 3 100 51200 0.000719038
194 160 3 100 2048 0.000720883
127 120 3 100 20000000 0.000724649
166 167 3 100 20480 0.000732963
37 309 3 100 20000000 0.000734395
225 3 3 100 20000000 0.000736489
33 238 3 100 20480 0.000736820
288 133 3 100 20000000 0.000744156
7 22 3 100 1024 0.000745293
115 290 3 100 10240 0.000746696
157 224 3 100 10485760 0.000747683
132 149 3 100 10485760 0.000748257
3 249 3 100 2097152 0.000750286
184 140 3 100 20000000 0.000755499
59 254 3 100 102400 0.000758827
111 236 3 100 2048 0.000764127
78 212 3 100 10240 0.000765123
135 53 3 100 2097152 0.000765850
122 126 3 100 5120 0.000765952
190 126 3 100 20000000 0.000768893
180 314 3 100 10485760 0.000773530
96 47 3 100 20000000 0.000774975
295 226 3 100 20480 0.000775156
192 290 3 100 5120 0.000782538
93 313 3 100 102400 0.000783463
185 183 3 100 1024 0.000784685
249 138 3 100 51200 0.000788720
285 277 3 100 1024 0.000790820
18 273 3 100 10240 0.000791023
287 254 3 100 20000000 0.000791751
246 111 3 100 20480 0.000792094
73 228 3 100 512000 0.000795129
195 71 3 100 2097152 0.000795791
2 269 3 100 1048576 0.000796906
155 2 3 100 20000000 0.000799267
158 151 3 100 2097152 0.000801367
94 93 3 100 512000 0.000803816
271 217 3 100 1024 0.000806202
22 233 3 100 512000 0.000807812
313 285 3 100 2097152 0.000808799
91 280 3 100 51200 0.000808824
4 96 3 100 1048576 0.000809273
162 247 3 100 20000000 0.000809672
205 177 3 100 1024 0.000810397
63 258 3 100 2097152 0.000812161
61 120 3 100 5120 0.000812936
16 291 3 100 102400 0.000814270
195 192 3 100 5242880 0.000816185
36 122 3 100 51200 0.000818521
116 237 3 100 102400 0.000818526
268 248 3 100 20480 0.000819087
113 131 3 100 204800 0.000823939
239 2 3 100 2097152 0.000824763
145 43 3 100 20000000 0.000827471
90 230 3 100 512000 0.000828423
173 76 3 100 2097152 0.000829425
79 158 3 100 20000000 0.000830834
147 316 3 100 512000 0.000830948
171 182 3 100 51200 0.000832758
244 114 3 100 20480 0.000835077
226 67 3 100 1048576 0.000835865
292 46 3 100 2048 0.000838092
193 88 3 100 2048 0.000838654
3 172 3 100 1048576 0.000839386
232 193 3 100 51200 0.000840217
212 66 3 100 2048 0.000841592
292 190 3 100 5242880 0.000841698
310 198 3 100 2097152 0.000841862
76 213 3 100 10485760 0.000843448
43 47 3 100 10485760 0.000843454
261 149 3 100 10240 0.000844138
23 166 3 100 20000000 0.000846269
129 11 3 100 10485760 0.000846407
75 271 3 100 5120 0.000847057
69 192 3 100 5120 0.000850880
88 49 3 100 10485760 0.000850902
273 129 3 100 10485760 0.000851386
228 68 3 100 20480 0.000852348
307 70 3 100 10485760 0.000852765
286 9 3 100 51200 0.000855512
55 288 3 100 20000000 0.000856558
107 172 3 100 20480 0.000856690
33 222 3 100 204800 0.000856790
161 15 3 100 20480 0.000859706
62 85 3 100 5242880 0.000860713
173 64 3 100 20480 0.000862775
96 213 3 100 51200 0.000862816
45 278 3 100 5242880 0.000863830
17 8 3 100 20480 0.000864964
21 135 3 100 10485760 0.000865740
170 102 3 100 2097152 0.000866130
54 238 3 100 204800 0.000869958
302 132 3 100 20480 0.000870884
272 38 3 100 1048576 0.000870989
135 112 3 100 1048576 0.000871067
276 219 3 100 2048 0.000871460
118 294 3 100 20000000 0.000872299
82 159 3 100 204800 0.000873310
177 272 3 100 102400 0.000873951
26 155 3 100 512000 0.000874513
252 118 3 100 51200 0.000878620
46 216 3 100 2048 0.000880285
151 250 3 100 20000000 0.000881876
116 70 3 100 10485760 0.000883051
108 174 3 100 10485760 0.000883283
267 209 3 100 10240 0.000886313
28 99 3 100 20000000 0.000888141
229 315 3 100 512000 0.000889425
166 68 3 100 2097152 0.000889850
241 277 3 100 10485760 0.000890623
201 131 3 100 1048576 0.000893559
38 17 3 100 2097152 0.000895417
289 74 3 100 10240 0.000896008
307 78 3 100 20000000 0.000896270
308 57 3 100 10485760 0.000896863
226 291 3 100 2097152 0.000897429
92 2 3 100 5242880 0.000899776
34 180 3 100 1048576 0.000903508
277 38 3 100 1048576 0.000905589
12 29 3 100 5242880 0.000906393
90 123 3 100 10240 0.000906400
89 118 3 100 20000000 0.000910075
191 186 3 100 204800 0.000910582
34 266 3 100 102400 0.000911906
218 95 3 100 1048576 0.000914375
41 51 3 100 51200 0.000916525
201 168 3 100 102400 0.000917944
130 273 3 100 10485760 0.000919176
77 301 3 100 5120 0.000919392
136 271 3 100 20000000 0.000921211
301 166 3 100 20000000 0.000921612
130 46 3 100 51200 0.000922260
129 74 3 100 10240 0.000922803
72 184 3 100 20480 0.000923705
300 191 3 100 5242880 0.000924833
294 237 3 100 10485760 0.000927204
185 32 3 100 1048576 0.000927907
282 273 3 100 20000000 0.000930753
63 218 3 100 5242880 0.000933825
251 70 3 100 2048 0.000934144
210 203 3 100 5242880 0.000935643
217 310 3 100 51200 0.000938386
316 50 3 100 20000000 0.000938423
251 117 3 100 1048576 0.000941930
166 77 3 100 20000000 0.000942377
283 118 3 100 20480 0.000943814
290 29 3 100 10240 0.000945422
191 201 3 100 512000 0.000947454
51 207 3 100 20000000 0.000948416
251 50 3 100 204800 0.000948521
240 2 3 100 1024 0.000952699
33 39 3 100 20000000 0.000956857
21 286 3 100 204800 0.000957583
318 52 3 100 512000 0.000957855
294 162 3 100 102400 0.000958814
118 114 3 100 10485760 0.000960887
6 119 3 100 1048576 0.000961580
264 131 3 100 51200 0.000964423
86 137 3 100 51200 0.000965093
120 281 3 100 5242880 0.000965214
193 17 3 100 5242880 0.000965624
143 301 3 100 5242880 0.000965768
16 259 3 100 51200 0.000965784
246 153 3 100 1048576 0.000966980
237 250 3 100 204800 0.000969415
14 197 3 100 204800 0.000971330
314 124 3 100 204800 0.000973776
243 38 3 100 20000000 0.000976857
166 169 3 100 512000 0.000977527
103 260 3 100 1048576 0.000978562
211 5 3 100 10485760 0.000978885
25 145 3 100 10240 0.000980669
225 93 3 100 20000000 0.000988347
21 151 3 100 5120 0.000991825
69 61 3 100 102400 0.000992915
67 178 3 100 20000000 0.000993318
190 37 3 100 20480 0.000993669
154 109 3 100 102400 0.000993778
168 27 3 100 10485760 0.000996345
32 108 3 100 512000 0.000997390
157 27 3 100 2048 0.000999770
215 22 3 100 204800 0.001003958
128 72 3 100 20000000 0.001004152
170 81 3 100 102400 0.001005594
192 303 3 100 51200 0.001008862
125 214 3 100 20000000 0.001010520
235 210 3 100 51200 0.001011759
110 123 3 100 20480 0.001014906
232 202 3 100 102400 0.001015874
233 247 3 100 1024 0.001018998
9 212 3 100 102400 0.001021161
293 219 3 100 5242880 0.001024071
31 223 3 100 5242880 0.001024125
92 243 3 100 20480 0.001025249
52 154 3 100 102400 0.001027883
136 132 3 100 204800 0.001028585
11 214 3 100 2048 0.001028748
304 223 3 100 5242880 0.001030111
157 85 3 100 1024 0.001032124
44 183 3 100 20000000 0.001032536
192 56 3 100 102400 0.001033833
233 291 3 100 10485760 0.001035306
7 10 3 100 51200 0.001036474
188 149 3 100 1048576 0.001037680
113 59 3 100 51200 0.001039279
98 166 3 100 10485760 0.001040094
247 10 3 100 1048576 0.001040840
305 39 3 100 2048 0.001041043
257 87 3 100 51200 0.001044307
288 81 3 100 2097152 0.001045265
158 276 3 100 20000000 0.001046074
223 215 3 100 512000 0.001047655
266 120 3 100 5242880 0.001047674
194 47 3 100 5120 0.001049421
171 271 3 100 51200 0.001051116
286 50 3 100 2097152 0.001052176
186 312 3 100 204800 0.001052394
78 315 3 100 51200 0.001054413
68 307 3 100 512000 0.001056321
233 55 3 100 5242880 0.001059607
103 254 3 100 1048576 0.001060847
167 139 3 100 1048576 0.001061543
35 169 3 100 1024 0.001062919
255 165 3 100 102400 0.001063920
191 225 3 100 2097152 0.001065898
285 271 3 100 20000000 0.001066169
109 29 3 100 204800 0.001068942
133 115 3 100 10485760 0.001069338
304 77 3 100 51200 0.001070761
212 108 3 100 1048576 0.001072826
235 139 3 100 20000000 0.001074083
244 60 3 100 512000 0.001077508
132 206 3 100 20000000 0.001078995
66 301 3 100 5242880 0.001079050
166 314 3 100 204800 0.001079344
273 237 3 100 2097152 0.001079786
195 76 3 100 204800 0.001080056
180 185 3 100 10485760 0.001081076
123 201 3 100 204800 0.001081085
174 313 3 100 20480 0.001084725
36 73 3 100 5120 0.001088189
205 152 3 100 10240 0.001089342
271 145 3 100 20480 0.001090951
297 224 3 100 2048 0.001091678
121 71 3 100 20000000 0.001092132
318 61 3 100 5120 0.001092616
36 167 3 100 2097152 0.001092769
104 107 3 100 102400 0.001092815
69 33 3 100 204800 0.001093608
107 287 3 100 20000000 0.001094151
253 3 3 100 10240 0.001094243
186 319 3 100 20000000 0.001095533
200 117 3 100 20480 0.001099670
204 311 3 100 10485760 0.001100781
38 1 3 100 10485760 0.001101135
207 213 3 100 20000000 0.001102470
177 9 3 100 102400 0.001103884
62 91 3 100 10485760 0.001104313
201 0 3 100 204800 0.001104629
204 6 3 100 20000000 0.001107374
161 192 3 100 5242880 0.001108785
150 287 3 100 20000000 0.001112723
260 64 3 100 10240 0.001118982
242 23 3 100 20000000 0.001119155
303 80 3 100 10240 0.001119807
168 194 3 100 2097152 0.001121637
149 91 3 100 20000000 0.001122064
225 79 3 100 5120 0.001122303
252 135 3 100 102400 0.001123883
273 98 3 100 10240 0.001125312
126 113 3 100 204800 0.001125523
107 159 3 100 2097152 0.001126012
34 199 3 100 20000000 0.001127228
44 67 3 100 204800 0.001127526
303 155 3 100 2048 0.001130526
86 120 3 100 20000000 0.001133518
295 51 3 100 1048576 0.001133560
244 100 3 100 512000 0.001133875
81 212 3 100 20000000 0.001135489
202 314 3 100 5242880 0.001138437
35 234 3 100 204800 0.001138555
21 309 3 100 102400 0.001139200
12 156 3 100 10240 0.001140382
192 51 3 100 10240 0.001141895
241 212 3 100 51200 0.001144704
84 255 3 100 5242880 0.001148289
110 11 3 100 1024 0.001150007
260 138 3 100 102400 0.001150589
301 291 3 100 5242880 0.001151894
269 59 3 100 102400 0.001152014
109 48 3 100 10240 0.001154365
181 195 3 100 5242880 0.001155848
80 318 3 100 2097152 0.001156985
114 264 3 100 204800 0.001157970
269 301 3 100 1048576 0.001159804
272 251 3 100 102400 0.001160058
292 227 3 100 2097152 0.001166159
117 304 3 100 2097152 0.001167628
306 123 3 100 2097152 0.001173242
48 32 3 100 512000 0.001177537
155 80 3 100 10485760 0.001177882
247 198 3 100 5242880 0.001178781
298 64 3 100 5120 0.001180068
34 48 3 100 1048576 0.001180618
197 125 3 100 5120 0.001182317
13 199 3 100 102400 0.001182455
174 18 3 100 20000000 0.001182754
137 7 3 100 102400 0.001183060
253 12 3 100 51200 0.001184955
27 266 3 100 20000000 0.001187531
247 60 3 100 2097152 0.001188296
20 311 3 100 20000000 0.001196449
64 45 3 100 20000000 0.001197164
276 36 3 100 20000000 0.001198786
225 210 3 100 1048576 0.001199562
255 133 3 100 10485760 0.001199969
251 84 3 100 1048576 0.001201164
1 149 3 100 20000000 0.001201233
104 116 3 100 10240 0.001205148
300 19 3 100 102400 0.001207584
160 195 3 100 5242880 0.001208016
234 297 3 100 20000000 0.001210590
202 60 3 100 5120 0.001211907
312 109 3 100 5120 0.001212725
126 151 3 100 102400 0.001215148
70 223 3 100 20000000 0.001215555
24 307 3 100 10485760 0.001217402
277 289 3 100 2097152 0.001217659
314 217 3 100 5242880 0.001218343
122 299 3 100 20000000 0.001218654
27 200 3 100 204800 0.001221063
162 172 3 100 2097152 0.001222011
37 278 3 100 51200 0.001223612
0 83 3 100 1024 0.001229654
170 71 3 100 10240 0.001231661
150 165 3 100 5242880 0.001234355
177 133 3 100 1048576 0.001235346
303 14 3 100 204800 0.001236464
25 217 3 100 2048 0.001237697
80 20 3 100 5120 0.001241014
258 145 3 100 512000 0.001243625
7 139 3 100 20000000 0.001243806
25 84 3 100 20480 0.001243935
163 282 3 100 102400 0.001244991
35 207 3 100 2048 0.001245662
255 124 3 100 204800 0.001246982
186 68 3 100 1048576 0.001247583
280 224 3 100 20480 0.001248056
260 21 3 100 204800 0.001248340
269 116 3 100 20000000 0.001250034
118 36 3 100 5120 0.001250671
298 80 3 100 20000000 0.001253859
175 213 3 100 102400 0.001255175
132 254 3 100 10485760 0.001258779
272 38 3 100 20480 0.001260163
80 110 3 100 5120 0.001261159
165 218 3 100 5242880 0.001261282
162 161 3 100 51200 0.001262189
17 43 3 100 2097152 0.001262270
258 18 3 100 51200 0.001262823
230 93 3 100 204800 0.001263851
81 157 3 100 10240 0.001265051
128 294 3 100 2048 0.001267143
157 96 3 100 20480 0.001267755
309 68 3 100 5242880 0.001267898
318 309 3 100 5242880 0.001268040
154 221 3 100 2048 0.001268527
15 230 3 100 102400 0.001268553
227 105 3 100 204800 0.001279239
33 21 3 100 51200 0.001285115
53 1 3 100 20000000 0.001286513
183 163 3 100 10485760 0.001288619
52 134 3 100 51200 0.001288810
227 226 3 100 10240 0.001290192
316 114 3 100 102400 0.001293991
187 242 3 100 2097152 0.001294339
36 117 3 100 10485760 0.001295337
258 137 3 100 20000000 0.001296060
259 72 3 100 10485760 0.001297813
314 107 3 100 102400 0.001297831
8 274 3 100 204800 0.001297990
85 317 3 100 204800 0.001298130
274 296 3 100 102400 0.001302039
195 304 3 100 102400 0.001302249
314 180 3 100 2048 0.001302852
151 51 3 100 20000000 0.001303614
180 313 3 100 51200 0.001303917
17 283 3 100 1048576 0.001304056
43 225 3 100 10485760 0.001304900
299 273 3 100 51200 0.001307042
263 147 3 100 2048 0.001308095
275 185 3 100 20000000 0.001308926
188 117 3 100 51200 0.001309786
149 97 3 100 512000 0.001310701
155 18 3 100 1048576 0.001312568
50 210 3 100 10485760 0.001314341
314 221 3 100 102400 0.001315520
68 255 3 100 2048 0.001316945
235 94 3 100 10240 0.001321099
36 33 3 100 5120 0.001323863
35 236 3 100 5242880 0.001324267
101 289 3 100 2048 0.001326792
277 172 3 100 512000 0.001327324
312 73 3 100 204800 0.001332304
94 81 3 100 51200 0.001333125
276 145 3 100 5120 0.001333945
88 72 3 100 51200 0.001335217
242 100 3 100 20000000 0.001335948
99 17 3 100 2097152 0.001337050
257 163 3 100 10240 0.001343280
56 316 3 100 2048 0.001343665
107 92 3 100 10485760 0.001354623
242 190 3 100 1024 0.001359155
55 173 3 100 20480 0.001361243
200 246 3 100 1024 0.001361393
158 47 3 100 10240 0.001362272
227 203 3 100 512000 0.001364200
225 39 3 100 5120 0.001366076
191 253 3 100 51200 0.001367978
34 42 3 100 10485760 0.001368314
143 157 3 100 1048576 0.001370178
191 271 3 100 2097152 0.001370818
133 166 3 100 20000000 0.001374291
93 238 3 100 102400 0.001377004
114 171 3 100 20000000 0.001377014
234 4 3 100 2097152 0.001377585
24 297 3 100 20000000 0.001380174
55 26 3 100 1048576 0.001380586
208 53 3 100 10485760 0.001381048
44 122 3 100 20000000 0.001383984
264 285 3 100 20480 0.001385230
30 5 3 100 204800 0.001385374
24 197 3 100 20480 0.001386880
250 144 3 100 10485760 0.001392731
35 21 3 100 102400 0.001393189
242 71 3 100 5120 0.001393698
25 84 3 100 10485760 0.001393941
190 177 3 100 204800 0.001394780
94 141 3 100 10485760 0.001397088
20 299 3 100 5120 0.001397443
88 239 3 100 20000000 0.001400247
218 113 3 100 512000 0.001400730
188 190 3 100 512000 0.001402582
237 235 3 100 102400 0.001404766
61 27 3 100 5242880 0.001408951
314 238 3 100 5242880 0.001410227
111 37 3 100 10240 0.001412255
195 252 3 100 20480 0.001412337
233 188 3 100 5120 0.001414563
122 161 3 100 20000000 0.001415642
68 178 3 100 20480 0.001416704
197 23 3 100 10240 0.001416726
317 224 3 100 20000000 0.001417273
137 294 3 100 20000000 0.001420781
223 49 3 100 1024 0.001422487
20 235 3 100 102400 0.001423177
252 279 3 100 5242880 0.001423451
148 23 3 100 5120 0.001423743
141 44 3 100 102400 0.001424536
260 108 3 100 10485760 0.001430031
170 97 3 100 20000000 0.001430086
274 90 3 100 5242880 0.001430452
251 240 3 100 5120 0.001436094
38 1 3 100 2097152 0.001438433
256 97 3 100 204800 0.001439444
90 105 3 100 5242880 0.001443705
288 81 3 100 102400 0.001447462
88 253 3 100 512000 0.001459351
292 51 3 100 5242880 0.001459494
247 41 3 100 20000000 0.001459782
92 79 3 100 20000000 0.001460431
36 120 3 100 5120 0.001461109
51 53 3 100 5120 0.001461166
134 305 3 100 10485760 0.001462225
161 157 3 100 10485760 0.001462623
173 82 3 100 5120 0.001463737
304 299 3 100 2097152 0.001466097
282 59 3 100 20480 0.001469039
216 283 3 100 20480 0.001470038
266 265 3 100 5242880 0.001472891
209 31 3 100 10485760 0.001473810
146 260 3 100 5242880 0.001475202
64 7 3 100 5120 0.001477115
38 94 3 100 2097152 0.001478212
34 196 3 100 10240 0.001478498
224 129 3 100 10485760 0.001482254
37 284 3 100 102400 0.001484597
211 71 3 100 204800 0.001485954
102 173 3 100 2097152 0.001486636
110 244 3 100 102400 0.001487799
214 283 3 100 10485760 0.001488083
298 244 3 100 512000 0.001489567
174 189 3 100 20000000 0.001490979
82 81 3 100 20000000 0.001491044
307 93 3 100 5242880 0.001491254
211 219 3 100 10485760 0.001491650
