944
232 271 3 100 5242880 0.000009114
214 105 3 100 2048 0.000012055
295 277 3 100 102400 0.000018501
55 172 3 100 2097152 0.000022517
167 78 3 100 2097152 0.000025167
112 189 3 100 20480 0.000025429
32 170 3 100 10485760 0.000034468
209 176 3 100 5242880 0.000035431
9 56 3 100 10240 0.000036895
306 293 3 100 204800 0.000039725
224 193 3 100 2097152 0.000040450
238 223 3 100 51200 0.000042192
130 104 3 100 102400 0.000043070
285 89 3 100 5120 0.000043269
120 245 3 100 20000000 0.000047973
52 215 3 100 204800 0.000049146
6 87 3 100 1048576 0.000056632
27 109 3 100 512000 0.000058163
61 124 3 100 5120 0.000060423
23 95 3 100 2048 0.000063835
234 16 3 100 5120 0.000064255
145 286 3 100 204800 0.000067674
201 48 3 100 20480 0.000069362
128 271 3 100 20480 0.000073575
271 263 3 100 5242880 0.000074702
18 206 3 100 5242880 0.000079202
226 240 3 100 10485760 0.000079363
312 123 3 100 51200 0.000080659
2 194 3 100 5120 0.000082424
265 126 3 100 51200 0.000082600
278 160 3 100 102400 0.000082609
296 271 3 100 20000000 0.000083906
63 185 3 100 2097152 0.000085264
233 49 3 100 1048576 0.000086528
191 9 3 100 512000 0.000088996
122 282 3 100 5242880 0.000092887
40 295 3 100 20480 0.000093951
256 72 3 100 102400 0.000094317
212 275 3 100 204800 0.000096538
173 102 3 100 10485760 0.000098909
152 42 3 100 10485760 0.000101799
238 309 3 100 10485760 0.000102633
174 44 3 100 2048 0.000106260
182 189 3 100 512000 0.000107135
282 291 3 100 204800 0.000108205
300 299 3 100 5120 0.000111851
304 6 3 100 2048 0.000115115
261 161 3 100 20000000 0.000115563
23 120 3 100 204800 0.000117639
116 66 3 100 1048576 0.000119478
121 64 3 100 51200 0.000122743
92 240 3 100 10485760 0.000128173
111 212 3 100 2097152 0.000128319
40 223 3 100 1024 0.000128659
30 144 3 100 2097152 0.000129156
198 243 3 100 512000 0.000131416
98 226 3 100 20000000 0.000131447
276 202 3 100 2097152 0.000138332
178 319 3 100 5242880 0.000143549
81 265 3 100 2097152 0.000147239
96 89 3 100 2048 0.000151762
281 200 3 100 51200 0.000159813
27 178 3 100 20000000 0.000166786
9 216 3 100 1048576 0.000170166
225 97 3 100 20000000 0.000181953
21 205 3 100 20000000 0.000183837
201 165 3 100 20000000 0.000185205
201 196 3 100 51200 0.000190444
182 123 3 100 512000 0.000192950
197 119 3 100 2048 0.000195519
300 230 3 100 512000 0.000197216
236 290 3 100 512000 0.000199573
212 114 3 100 10485760 0.000200671
231 77 3 100 1024 0.000201229
281 122 3 100 512000 0.000202710
215 294 3 100 102400 0.000203947
154 41 3 100 204800 0.000205563
202 60 3 100 512000 0.000206087
90 196 3 100 51200 0.000208597
156 213 3 100 20480 0.000210365
289 241 3 100 102400 0.000214390
213 177 3 100 10240 0.000217391
280 307 3 100 2097152 0.000218057
73 244 3 100 5120 0.000222454
97 130 3 100 2097152 0.000223988
130 70 3 100 10485760 0.000224466
154 50 3 100 10485760 0.000227421
39 55 3 100 1048576 0.000235853
236 38 3 100 5242880 0.000236023
163 42 3 100 5242880 0.000237159
88 1 3 100 51200 0.000237631
127 92 3 100 51200 0.000237918
65 275 3 100 10485760 0.000240672
196 55 3 100 2097152 0.000242286
307 228 3 100 20000000 0.000245821
129 303 3 100 512000 0.000254585
177 40 3 100 51200 0.000255441
94 116 3 100 5242880 0.000259005
268 293 3 100 51200 0.000264664
105 173 3 100 10485760 0.000267378
100 202 3 100 51200 0.000267475
71 184 3 100 10240 0.000268578
180 37 3 100 5242880 0.000269869
53 199 3 100 20000000 0.000271152
6 236 3 100 204800 0.000271284
99 217 3 100 5242880 0.000271743
188 8 3 100 102400 0.000272437
307 317 3 100 2097152 0.000272779
73 251 3 100 2048 0.000274113
301 308 3 100 2048 0.000277283
225 245 3 100 20000000 0.000277349
122 231 3 100 20000000 0.000277965
71 273 3 100 5120 0.000279471
68 297 3 100 102400 0.000279474
69 118 3 100 5120 0.000279933
299 139 3 100 51200 0.000292645
187 201 3 100 20000000 0.000293175
281 255 3 100 2097152 0.000294157
233 317 3 100 1048576 0.000297300
273 145 3 100 102400 0.000298054
137 161 3 100 10240 0.000298441
163 308 3 100 20000000 0.000300011
246 143 3 100 10485760 0.000301472
198 147 3 100 102400 0.000301482
173 252 3 100 1024 0.000305430
83 253 3 100 51200 0.000305927
257 218 3 100 20000000 0.000307281
142 168 3 100 5120 0.000311475
199 232 3 100 20000000 0.000311926
228 250 3 100 20000000 0.000314831
71 27 3 100 1048576 0.000315083
134 170 3 100 10485760 0.000317084
67 305 3 100 5242880 0.000318040
21 1 3 100 20000000 0.000321356
164 222 3 100 51200 0.000332335
252 313 3 100 2048 0.000335233
311 299 3 100 20000000 0.000338111
202 257 3 100 20000000 0.000339117
113 203 3 100 51200 0.000339589
251 274 3 100 1048576 0.000340609
152 262 3 100 10240 0.000345313
107 202 3 100 1024 0.000348101
103 256 3 100 20000000 0.000348200
281 6 3 100 20000000 0.000350467
137 226 3 100 2097152 0.000352512
278 195 3 100 10485760 0.000354462
305 43 3 100 1048576 0.000355933
205 281 3 100 20000000 0.000357622
123 78 3 100 5242880 0.000358447
92 319 3 100 5242880 0.000363564
3 282 3 100 51200 0.000363637
93 162 3 100 2097152 0.000365454
226 104 3 100 204800 0.000374451
310 92 3 100 1024 0.000375847
237 276 3 100 102400 0.000376816
213 57 3 100 1024 0.000377048
134 58 3 100 1048576 0.000377824
318 51 3 100 102400 0.000384918
303 25 3 100 2097152 0.000385739
239 167 3 100 1024 0.000386320
245 163 3 100 51200 0.000388269
85 263 3 100 10485760 0.000395847
85 277 3 100 512000 0.000396727
180 212 3 100 512000 0.000401411
248 255 3 100 10240 0.000402246
124 216 3 100 20000000 0.000404406
17 27 3 100 2097152 0.000404787
269 30 3 100 20000000 0.000405428
220 76 3 100 51200 0.000411596
54 279 3 100 10485760 0.000415136
256 105 3 100 1048576 0.000415525
58 41 3 100 512000 0.000418491
75 291 3 100 2097152 0.000428153
234 282 3 100 512000 0.000428790
182 126 3 100 10240 0.000430892
162 204 3 100 5242880 0.000439101
85 265 3 100 102400 0.000439330
69 61 3 100 5242880 0.000443465
244 220 3 100 10485760 0.000443556
275 0 3 100 20000000 0.000445009
19 281 3 100 5120 0.000447537
241 138 3 100 5120 0.000449744
170 44 3 100 10485760 0.000450261
208 28 3 100 512000 0.000450773
163 150 3 100 102400 0.000452145
211 193 3 100 204800 0.000454995
266 178 3 100 20000000 0.000456654
89 164 3 100 20000000 0.000464491
46 294 3 100 20480 0.000464591
259 88 3 100 10485760 0.000468031
298 43 3 100 1048576 0.000468874
8 135 3 100 10240 0.000469430
182 196 3 100 20000000 0.000470592
133 185 3 100 5120 0.000471191
37 156 3 100 10485760 0.000471483
120 55 3 100 512000 0.000472713
138 283 3 100 20000000 0.000474902
112 120 3 100 20000000 0.000475118
72 225 3 100 102400 0.000484473
157 198 3 100 20000000 0.000485538
130 61 3 100 1024 0.000485694
236 278 3 100 1048576 0.000487549
128 174 3 100 10240 0.000489780
174 245 3 100 1048576 0.000494428
159 93 3 100 10485760 0.000497748
249 205 3 100 1048576 0.000498780
296 30 3 100 20000000 0.000500089
87 241 3 100 51200 0.000503588
191 211 3 100 5242880 0.000503816
255 151 3 100 204800 0.000503989
88 300 3 100 1048576 0.000508721
13 35 3 100 20000000 0.000508762
257 207 3 100 2097152 0.000508930
229 277 3 100 20000000 0.000512229
12 57 3 100 20000000 0.000512662
236 161 3 100 1024 0.000513125
163 151 3 100 102400 0.000515945
241 220 3 100 512000 0.000519574
243 315 3 100 20480 0.000523496
184 46 3 100 20000000 0.000525877
266 60 3 100 10485760 0.000526221
50 280 3 100 512000 0.000537228
31 128 3 100 20000000 0.000538203
262 253 3 100 204800 0.000538247
207 293 3 100 1048576 0.000538323
9 305 3 100 20000000 0.000541509
11 54 3 100 20000000 0.000541723
148 276 3 100 10485760 0.000541736
134 178 3 100 102400 0.000542606
287 28 3 100 512000 0.000546553
260 214 3 100 1048576 0.000546620
159 234 3 100 1024 0.000547576
166 81 3 100 20000000 0.000550162
112 188 3 100 1048576 0.000555114
21 232 3 100 51200 0.000556934
39 160 3 100 204800 0.000560116
217 211 3 100 102400 0.000563090
67 5 3 100 512000 0.000565219
286 132 3 100 10240 0.000565896
220 275 3 100 512000 0.000566930
230 38 3 100 20000000 0.000567402
141 312 3 100 10240 0.000567602
193 160 3 100 20000000 0.000569868
308 278 3 100 10485760 0.000570411
155 56 3 100 10485760 0.000573573
180 310 3 100 10240 0.000575850
57 201 3 100 1048576 0.000583926
305 38 3 100 1024 0.000584900
258 187 3 100 102400 0.000588477
110 198 3 100 512000 0.000589563
232 146 3 100 1024 0.000595693
300 274 3 100 102400 0.000596068
160 129 3 100 1024 0.000598683
197 241 3 100 5120 0.000603166
243 155 3 100 1024 0.000609986
217 302 3 100 20000000 0.000611170
290 214 3 100 20480 0.000615314
303 89 3 100 1024 0.000616096
296 143 3 100 5120 0.000617501
222 68 3 100 204800 0.000622912
74 213 3 100 2097152 0.000624271
34 208 3 100 20000000 0.000627409
239 230 3 100 512000 0.000630397
209 30 3 100 20000000 0.000630997
305 227 3 100 10485760 0.000635848
62 21 3 100 102400 0.000637989
242 86 3 100 5242880 0.000648680
125 219 3 100 20000000 0.000652510
313 198 3 100 102400 0.000655374
179 107 3 100 10485760 0.000657320
227 213 3 100 51200 0.000661616
22 277 3 100 2048 0.000661684
136 289 3 100 2097152 0.000662207
44 164 3 100 512000 0.000663147
257 221 3 100 204800 0.000666617
33 75 3 100 204800 0.000667756
166 311 3 100 2097152 0.000667935
286 137 3 100 5242880 0.000669665
50 243 3 100 512000 0.000669749
207 266 3 100 512000 0.000675751
248 129 3 100 2097152 0.000678011
15 117 3 100 1048576 0.000678449
254 256 3 100 10240 0.000678972
117 8 3 100 10240 0.000679461
318 80 3 100 5242880 0.000682676
246 58 3 100 20000000 0.000683032
15 30 3 100 20480 0.000683966
209 241 3 100 1024 0.000685669
122 232 3 100 204800 0.000686280
236 73 3 100 5242880 0.000690581
94 50 3 100 10485760 0.000694071
79 221 3 100 5242880 0.000696730
33 186 3 100 20000000 0.000700421
214 228 3 100 1048576 0.000701041
1 287 3 100 20480 0.000704341
144 76 3 100 102400 0.000705652
157 8 3 100 102400 0.000709191
305 169 3 100 5120 0.000709609
282 88 3 100 10485760 0.000712472
86 122 3 100 5242880 0.000717619
65 303 3 100 51200 0.000718656
159 102 3 100 20000000 0.000719683
117 215 3 100 1048576 0.000720606
67 123 3 100 5242880 0.000727305
43 154 3 100 204800 0.000730715
284 142 3 100 5120 0.000731774
266 301 3 100 5242880 0.000732953
149 305 3 100 204800 0.000735735
99 154 3 100 20480 0.000738330
24 214 3 100 2097152 0.000738442
109 287 3 100 102400 0.000738774
231 191 3 100 2048 0.000739932
256 49 3 100 204800 0.000742847
224 37 3 100 20480 0.000746528
105 38 3 100 10240 0.000750318
218 284 3 100 512000 0.000751838
279 77 3 100 20000000 0.000756115
157 123 3 100 5242880 0.000762665
286 15 3 100 102400 0.000765703
128 166 3 100 10485760 0.000775262
0 12 3 100 5242880 0.000779801
115 10 3 100 2048 0.000779942
176 93 3 100 10485760 0.000780580
155 62 3 100 2048 0.000781001
7 285 3 100 20480 0.000781017
226 288 3 100 20000000 0.000782918
152 113 3 100 10485760 0.000785122
175 230 3 100 512000 0.000786000
242 137 3 100 102400 0.000790664
235 169 3 100 1048576 0.000791510
135 75 3 100 51200 0.000792664
210 215 3 100 204800 0.000793609
102 158 3 100 10485760 0.000794602
284 104 3 100 20000000 0.000794704
77 136 3 100 10485760 0.000797404
168 127 3 100 20000000 0.000801594
139 164 3 100 2097152 0.000806577
32 134 3 100 10240 0.000809381
29 4 3 100 2097152 0.000811288
11 259 3 100 2097152 0.000812693
189 296 3 100 1048576 0.000814864
102 186 3 100 5242880 0.000820543
168 95 3 100 512000 0.000821666
119 154 3 100 512000 0.000822251
101 70 3 100 2097152 0.000822875
227 117 3 100 204800 0.000828571
45 317 3 100 102400 0.000833428
290 163 3 100 51200 0.000833469
172 33 3 100 1048576 0.000842547
36 127 3 100 51200 0.000847320
222 169 3 100 2097152 0.000847944
123 46 3 100 10485760 0.000849971
246 279 3 100 10240 0.000853427
178 288 3 100 2048 0.000853907
77 84 3 100 10485760 0.000854042
261 183 3 100 20000000 0.000854062
253 204 3 100 20000000 0.000865043
150 292 3 100 20000000 0.000867024
38 274 3 100 102400 0.000869908
149 319 3 100 10485760 0.000871070
275 67 3 100 20000000 0.000871784
186 60 3 100 5120 0.000872012
182 81 3 100 10485760 0.000884563
176 257 3 100 20000000 0.000886192
121 280 3 100 5242880 0.000889199
38 133 3 100 10240 0.000891305
102 151 3 100 102400 0.000892753
290 190 3 100 5120 0.000895458
70 98 3 100 20480 0.000895733
68 176 3 100 204800 0.000895828
194 250 3 100 102400 0.000895921
215 164 3 100 51200 0.000900451
169 251 3 100 20480 0.000905209
100 25 3 100 20000000 0.000905458
191 313 3 100 20000000 0.000907662
48 237 3 100 2048 0.000910049
199 252 3 100 20000000 0.000911061
42 283 3 100 5120 0.000913316
135 101 3 100 10240 0.000913713
196 124 3 100 2048 0.000917995
173 188 3 100 512000 0.000922725
284 167 3 100 204800 0.000923795
141 144 3 100 204800 0.000924281
123 49 3 100 5242880 0.000924787
176 63 3 100 512000 0.000929772
280 13 3 100 20000000 0.000933181
107 232 3 100 102400 0.000936055
76 232 3 100 2048 0.000938330
11 82 3 100 1048576 0.000939491
247 224 3 100 10485760 0.000942020
22 25 3 100 1048576 0.000949354
186 191 3 100 10485760 0.000949743
14 204 3 100 20000000 0.000954126
273 289 3 100 20000000 0.000957476
239 192 3 100 204800 0.000966582
183 97 3 100 10485760 0.000976226
271 188 3 100 512000 0.000981719
285 5 3 100 10240 0.000984068
185 206 3 100 102400 0.000993918
0 71 3 100 5242880 0.000994536
243 317 3 100 204800 0.000995026
208 233 3 100 1048576 0.001001189
86 7 3 100 1048576 0.001002116
298 201 3 100 2048 0.001007105
272 234 3 100 2097152 0.001008693
149 224 3 100 2048 0.001009415
159 158 3 100 512000 0.001009574
303 231 3 100 1048576 0.001012221
169 37 3 100 512000 0.001016721
192 31 3 100 5242880 0.001017649
41 100 3 100 102400 0.001021131
199 258 3 100 512000 0.001021221
306 254 3 100 1024 0.001025058
177 282 3 100 51200 0.001026033
146 269 3 100 5120 0.001026198
154 74 3 100 10240 0.001029888
288 1 3 100 2048 0.001032089
73 27 3 100 10240 0.001033041
193 272 3 100 102400 0.001040445
135 38 3 100 10240 0.001040539
156 268 3 100 20000000 0.001053776
262 227 3 100 512000 0.001055588
258 134 3 100 2097152 0.001056071
66 291 3 100 2097152 0.001061233
184 123 3 100 20480 0.001064135
62 189 3 100 2048 0.001065538
179 15 3 100 512000 0.001069260
307 255 3 100 204800 0.001069410
310 15 3 100 20000000 0.001070829
59 126 3 100 20480 0.001072830
41 169 3 100 2097152 0.001076588
86 58 3 100 512000 0.001076914
7 28 3 100 20480 0.001080673
200 89 3 100 2097152 0.001082375
209 69 3 100 10485760 0.001087559
59 78 3 100 51200 0.001088571
115 64 3 100 10485760 0.001090107
13 64 3 100 5120 0.001090366
264 225 3 100 1048576 0.001090995
198 45 3 100 2097152 0.001095127
129 23 3 100 20480 0.001095506
270 201 3 100 512000 0.001095690
30 104 3 100 5242880 0.001095803
228 251 3 100 512000 0.001099456
172 153 3 100 20000000 0.001104759
7 161 3 100 204800 0.001105615
156 269 3 100 1048576 0.001107349
166 64 3 100 2048 0.001108696
44 109 3 100 512000 0.001109353
99 247 3 100 5120 0.001109581
147 98 3 100 20480 0.001110847
87 196 3 100 20480 0.001116172
9 283 3 100 20000000 0.001117259
3 185 3 100 1048576 0.001120904
262 15 3 100 10485760 0.001121552
318 249 3 100 2097152 0.001121664
283 8 3 100 1048576 0.001124738
9 58 3 100 5242880 0.001126086
276 119 3 100 204800 0.001127998
188 213 3 100 1048576 0.001128841
48 62 3 100 512000 0.001129155
263 253 3 100 1048576 0.001132032
294 100 3 100 5242880 0.001132253
293 159 3 100 102400 0.001135333
283 110 3 100 1024 0.001135356
241 208 3 100 5120 0.001138101
76 135 3 100 10485760 0.001141541
275 140 3 100 5120 0.001146490
75 50 3 100 20000000 0.001147258
60 83 3 100 20000000 0.001149865
7 290 3 100 20000000 0.001157966
309 183 3 100 512000 0.001164185
92 168 3 100 20000000 0.001165760
52 10 3 100 20000000 0.001171985
86 78 3 100 512000 0.001172441
253 220 3 100 5120 0.001173018
142 145 3 100 51200 0.001178672
319 114 3 100 2097152 0.001182189
283 203 3 100 512000 0.001183039
199 57 3 100 102400 0.001184968
287 188 3 100 10240 0.001186223
225 104 3 100 204800 0.001186681
61 307 3 100 10485760 0.001192231
286 268 3 100 2048 0.001194518
168 287 3 100 5120 0.001195772
155 318 3 100 512000 0.001197196
260 216 3 100 20480 0.001200399
276 48 3 100 1024 0.001201103
213 314 3 100 10485760 0.001202206
234 87 3 100 5120 0.001202933
176 82 3 100 102400 0.001206956
241 283 3 100 5120 0.001209878
163 218 3 100 10240 0.001221445
240 37 3 100 5120 0.001222963
194 140 3 100 51200 0.001223834
263 58 3 100 51200 0.001223881
147 39 3 100 51200 0.001223985
71 64 3 100 2097152 0.001228926
151 70 3 100 20000000 0.001235189
60 13 3 100 20000000 0.001237319
316 165 3 100 2048 0.001239684
67 123 3 100 5242880 0.001239926
55 84 3 100 20000000 0.001245810
267 291 3 100 102400 0.001251444
253 113 3 100 512000 0.001252380
131 36 3 100 204800 0.001254435
314 183 3 100 20000000 0.001254474
19 276 3 100 10485760 0.001254790
32 218 3 100 1048576 0.001255142
121 305 3 100 1048576 0.001255757
201 168 3 100 102400 0.001261793
115 283 3 100 20480 0.001265684
186 187 3 100 5242880 0.001266331
145 65 3 100 2097152 0.001266810
318 287 3 100 5242880 0.001267987
315 252 3 100 1048576 0.001271188
35 211 3 100 1024 0.001272684
304 113 3 100 10240 0.001275957
151 246 3 100 20000000 0.001276157
314 180 3 100 20000000 0.001276347
212 152 3 100 512000 0.001279579
123 66 3 100 1048576 0.001281216
84 281 3 100 1024 0.001284057
82 46 3 100 512000 0.001286846
155 255 3 100 1048576 0.001287019
154 241 3 100 5242880 0.001288358
245 251 3 100 20000000 0.001295923
198 19 3 100 20000000 0.001297139
277 216 3 100 5242880 0.001298725
155 263 3 100 1048576 0.001299688
102 67 3 100 10485760 0.001303274
195 74 3 100 51200 0.001304045
126 314 3 100 2097152 0.001304253
242 32 3 100 10240 0.001310110
18 55 3 100 51200 0.001311830
262 16 3 100 51200 0.001312012
91 77 3 100 512000 0.001314087
190 124 3 100 1024 0.001317993
187 153 3 100 1048576 0.001320968
75 108 3 100 51200 0.001325322
42 194 3 100 2097152 0.001330329
211 276 3 100 10240 0.001332605
88 76 3 100 512000 0.001333301
127 173 3 100 102400 0.001336613
139 31 3 100 512000 0.001338558
150 144 3 100 10485760 0.001340460
175 65 3 100 20000000 0.001342901
91 257 3 100 20000000 0.001342924
116 56 3 100 2097152 0.001344178
32 76 3 100 1048576 0.001345839
90 22 3 100 102400 0.001350769
240 78 3 100 5242880 0.001351009
84 129 3 100 102400 0.001354526
149 121 3 100 20000000 0.001355739
261 99 3 100 10485760 0.001360772
316 72 3 100 10485760 0.001361869
116 7 3 100 102400 0.001364145
144 72 3 100 20000000 0.001373830
193 135 3 100 2097152 0.001374822
24 161 3 100 20000000 0.001375189
46 253 3 100 204800 0.001375754
312 28 3 100 10485760 0.001375947
124 147 3 100 2097152 0.001380446
80 294 3 100 1048576 0.001381877
185 291 3 100 1048576 0.001385168
274 8 3 100 5120 0.001385350
140 43 3 100 512000 0.001388516
75 122 3 100 10240 0.001390051
160 146 3 100 102400 0.001394496
225 164 3 100 10485760 0.001395806
184 25 3 100 51200 0.001396866
80 137 3 100 1048576 0.001397903
70 301 3 100 20000000 0.001401835
154 240 3 100 512000 0.001402584
259 152 3 100 20000000 0.001403841
79 13 3 100 5120 0.001404334
154 40 3 100 1024 0.001406609
230 3 3 100 204800 0.001410815
57 42 3 100 2097152 0.001415414
128 43 3 100 20000000 0.001416182
295 4 3 100 20000000 0.001417414
295 192 3 100 20000000 0.001418533
315 19 3 100 5120 0.001418766
278 68 3 100 2097152 0.001423954
66 14 3 100 512000 0.001425430
29 53 3 100 20000000 0.001429579
63 78 3 100 204800 0.001434073
223 47 3 100 1048576 0.001435812
186 260 3 100 204800 0.001436017
110 276 3 100 204800 0.001438225
205 111 3 100 10485760 0.001440210
198 90 3 100 20000000 0.001444261
7 255 3 100 204800 0.001446832
75 1 3 100 204800 0.001449704
115 119 3 100 102400 0.001451666
237 71 3 100 10485760 0.001453939
109 32 3 100 2097152 0.001458763
186 19 3 100 10240 0.001467427
21 284 3 100 2097152 0.001468694
198 203 3 100 10485760 0.001472559
18 229 3 100 10240 0.001473117
58 26 3 100 20000000 0.001475288
99 183 3 100 1048576 0.001476707
5 51 3 100 204800 0.001477877
22 271 3 100 10240 0.001483612
279 226 3 100 20000000 0.001487947
275 42 3 100 204800 0.001488181
127 73 3 100 1048576 0.001489634
271 297 3 100 1024 0.001493543
46 2 3 100 20000000 0.001497813
111 315 3 100 204800 0.001499710
16 36 3 100 512000 0.001501038
138 21 3 100 512000 0.001501528
183 263 3 100 512000 0.001503466
267 275 3 100 10240 0.001503727
106 203 3 100 20000000 0.001503794
1 279 3 100 204800 0.001506642
317 37 3 100 204800 0.001506691
8 275 3 100 51200 0.001514033
132 294 3 100 204800 0.001514636
231 315 3 100 20000000 0.001516142
85 226 3 100 5242880 0.001519065
157 297 3 100 5242880 0.001519144
2 309 3 100 51200 0.001520044
57 236 3 100 20480 0.001526900
140 126 3 100 5242880 0.001533319
161 169 3 100 51200 0.001535362
130 89 3 100 5120 0.001536392
193 126 3 100 51200 0.001538051
29 59 3 100 20000000 0.001539820
77 291 3 100 20000000 0.001545102
128 316 3 100 2048 0.001545457
207 298 3 100 512000 0.001547515
24 160 3 100 51200 0.001549856
2 235 3 100 1048576 0.001554003
242 153 3 100 512000 0.001556964
279 51 3 100 10240 0.001557267
250 214 3 100 1048576 0.001557529
195 40 3 100 102400 0.001563320
137 302 3 100 2048 0.001568970
258 160 3 100 1048576 0.001570046
115 305 3 100 1024 0.001573710
192 287 3 100 102400 0.001576650
59 58 3 100 1048576 0.001579068
13 281 3 100 10240 0.001583366
233 136 3 100 10485760 0.001588146
154 76 3 100 1048576 0.001592302
128 226 3 100 2097152 0.001610515
174 294 3 100 2048 0.001615174
242 128 3 100 20000000 0.001618153
315 112 3 100 1024 0.001621180
303 48 3 100 512000 0.001622859
94 51 3 100 512000 0.001624447
208 157 3 100 5242880 0.001626713
18 236 3 100 51200 0.001628084
214 24 3 100 51200 0.001629858
198 148 3 100 20000000 0.001630175
198 290 3 100 2097152 0.001637292
248 193 3 100 2048 0.001638254
240 54 3 100 5120 0.001642109
236 203 3 100 20000000 0.001644075
298 222 3 100 2097152 0.001648427
233 207 3 100 512000 0.001651074
91 51 3 100 20000000 0.001651355
256 163 3 100 2048 0.001655040
47 217 3 100 20480 0.001656503
279 196 3 100 102400 0.001657739
144 200 3 100 5120 0.001657752
301 167 3 100 10240 0.001659002
214 224 3 100 51200 0.001664446
163 228 3 100 2048 0.001670050
307 31 3 100 5120 0.001681013
34 121 3 100 20000000 0.001685588
122 160 3 100 204800 0.001686124
82 164 3 100 2097152 0.001688066
257 101 3 100 512000 0.001688768
256 58 3 100 1024 0.001689985
284 33 3 100 102400 0.001692792
85 281 3 100 10240 0.001693059
276 67 3 100 1048576 0.001696328
103 131 3 100 20000000 0.001704929
51 41 3 100 10240 0.001708717
124 295 3 100 512000 0.001711704
9 136 3 100 10485760 0.001714698
96 317 3 100 5242880 0.001716395
121 309 3 100 204800 0.001717964
300 231 3 100 102400 0.001720705
66 249 3 100 20480 0.001725913
197 2 3 100 20000000 0.001729234
185 147 3 100 2048 0.001729360
50 141 3 100 10485760 0.001734977
294 125 3 100 10240 0.001736862
297 266 3 100 204800 0.001739788
16 248 3 100 20480 0.001750553
290 26 3 100 10240 0.001750736
293 4 3 100 102400 0.001751034
270 137 3 100 2097152 0.001754193
280 154 3 100 20480 0.001754318
298 149 3 100 51200 0.001755511
14 224 3 100 20000000 0.001756413
268 48 3 100 10240 0.001756938
57 167 3 100 20480 0.001757246
225 273 3 100 2097152 0.001762064
59 131 3 100 10485760 0.001767016
117 243 3 100 512000 0.001767239
177 314 3 100 1048576 0.001775889
186 242 3 100 512000 0.001777056
27 189 3 100 51200 0.001783020
95 23 3 100 102400 0.001786882
189 298 3 100 512000 0.001791835
277 117 3 100 204800 0.001795256
58 35 3 100 10485760 0.001804560
193 152 3 100 10485760 0.001809080
253 297 3 100 5242880 0.001811562
87 69 3 100 20000000 0.001815457
226 8 3 100 51200 0.001816401
74 115 3 100 10485760 0.001820035
263 187 3 100 1048576 0.001822691
179 148 3 100 2097152 0.001823495
157 22 3 100 102400 0.001828175
95 183 3 100 204800 0.001831034
239 194 3 100 5120 0.001836912
88 170 3 100 1048576 0.001839615
124 246 3 100 20480 0.001840210
90 195 3 100 204800 0.001840417
224 286 3 100 20480 0.001842932
214 28 3 100 10240 0.001851715
0 279 3 100 5120 0.001857750
16 292 3 100 1048576 0.001859048
200 207 3 100 10485760 0.001860692
187 260 3 100 1048576 0.001862123
62 6 3 100 20000000 0.001862744
233 115 3 100 51200 0.001864105
146 260 3 100 102400 0.001874790
150 214 3 100 20000000 0.001874804
194 278 3 100 204800 0.001875227
232 220 3 100 10485760 0.001878076
127 72 3 100 5242880 0.001881142
76 101 3 100 204800 0.001891470
60 192 3 100 204800 0.001892881
133 124 3 100 204800 0.001893869
151 52 3 100 5242880 0.001894342
186 263 3 100 10240 0.001900344
262 86 3 100 10485760 0.001901678
306 88 3 100 102400 0.001903831
206 57 3 100 2048 0.001904948
241 166 3 100 20000000 0.001906622
59 310 3 100 20000000 0.001907425
41 63 3 100 5242880 0.001908956
51 78 3 100 5242880 0.001909775
314 288 3 100 20000000 0.001910251
132 213 3 100 51200 0.001910801
236 288 3 100 51200 0.001915952
33 20 3 100 20000000 0.001916101
241 211 3 100 204800 0.001916115
272 32 3 100 10485760 0.001922212
126 311 3 100 20000000 0.001926221
124 284 3 100 102400 0.001927767
24 153 3 100 512000 0.001935014
109 154 3 100 2097152 0.001935882
5 186 3 100 10240 0.001939658
283 256 3 100 10485760 0.001940164
68 169 3 100 102400 0.001943274
244 304 3 100 10240 0.001943903
269 64 3 100 5242880 0.001947940
100 146 3 100 10485760 0.001950611
95 271 3 100 204800 0.001951301
85 248 3 100 5120 0.001952762
300 61 3 100 5120 0.001956081
123 287 3 100 1048576 0.001956249
51 208 3 100 102400 0.001960523
1 142 3 100 10485760 0.001962569
1 81 3 100 5242880 0.001967554
31 47 3 100 2097152 0.001968883
246 13 3 100 20000000 0.001969067
70 144 3 100 20000000 0.001970350
260 88 3 100 1048576 0.001971923
97 238 3 100 20000000 0.001975937
21 97 3 100 51200 0.001978470
241 286 3 100 20000000 0.001983772
77 239 3 100 5242880 0.001987198
107 134 3 100 1048576 0.001992814
20 121 3 100 10240 0.001994233
253 191 3 100 204800 0.002002515
195 131 3 100 5242880 0.002009822
256 55 3 100 2097152 0.002011206
202 159 3 100 5242880 0.002011375
208 1 3 100 5242880 0.002012078
220 153 3 100 20000000 0.002013862
293 155 3 100 5242880 0.002014576
224 170 3 100 102400 0.002022060
109 23 3 100 20000000 0.002030724
36 55 3 100 204800 0.002030883
9 150 3 100 204800 0.002032548
67 251 3 100 512000 0.002033582
93 249 3 100 20000000 0.002035244
153 212 3 100 2048 0.002038085
37 114 3 100 1024 0.002038982
81 92 3 100 20000000 0.002041436
225 184 3 100 512000 0.002043984
298 201 3 100 5242880 0.002044746
67 150 3 100 20480 0.002046879
307 214 3 100 20480 0.002050182
313 88 3 100 10240 0.002052613
3 23 3 100 2097152 0.002053040
172 89 3 100 10485760 0.002055856
269 74 3 100 5242880 0.002056769
57 194 3 100 51200 0.002059807
36 240 3 100 20480 0.002061076
87 212 3 100 102400 0.002062613
141 306 3 100 2048 0.002062784
93 35 3 100 51200 0.002063192
16 242 3 100 10485760 0.002071867
149 229 3 100 51200 0.002076735
259 68 3 100 102400 0.002085751
279 71 3 100 51200 0.002086640
180 163 3 100 5242880 0.002087029
11 271 3 100 20000000 0.002092232
184 240 3 100 51200 0.002092612
91 269 3 100 20000000 0.002095024
33 127 3 100 2097152 0.002096377
25 4 3 100 512000 0.002098252
179 125 3 100 10485760 0.002098451
184 55 3 100 204800 0.002098889
43 155 3 100 51200 0.002102254
91 73 3 100 204800 0.002106848
228 180 3 100 10240 0.002108286
137 158 3 100 512000 0.002110158
117 303 3 100 5120 0.002110850
270 38 3 100 2097152 0.002113706
40 275 3 100 5242880 0.002114715
130 117 3 100 512000 0.002117793
257 2 3 100 5242880 0.002117890
315 169 3 100 20000000 0.002118133
128 226 3 100 204800 0.002118788
12 157 3 100 51200 0.002125432
284 122 3 100 2048 0.002132619
220 237 3 100 20000000 0.002133039
86 260 3 100 5242880 0.002136362
45 120 3 100 2097152 0.002137666
137 188 3 100 10485760 0.002139462
157 89 3 100 10485760 0.002144141
273 24 3 100 2048 0.002144388
286 295 3 100 2097152 0.002146980
289 91 3 100 20000000 0.002147391
256 124 3 100 512000 0.002148466
100 180 3 100 20480 0.002150533
176 177 3 100 20000000 0.002151510
108 55 3 100 2097152 0.002154485
13 310 3 100 204800 0.002156781
54 249 3 100 20480 0.002158833
203 188 3 100 2097152 0.002158899
162 197 3 100 102400 0.002159416
219 195 3 100 10485760 0.002171241
135 252 3 100 512000 0.002173581
65 44 3 100 51200 0.002177721
41 158 3 100 2097152 0.002181973
8 298 3 100 204800 0.002185601
78 256 3 100 1048576 0.002185639
74 226 3 100 51200 0.002185943
148 19 3 100 2097152 0.002186430
199 131 3 100 5242880 0.002189085
195 275 3 100 51200 0.002193891
227 255 3 100 1048576 0.002198445
199 172 3 100 10485760 0.002199928
137 46 3 100 2097152 0.002200493
284 222 3 100 5120 0.002201541
37 168 3 100 51200 0.002203031
14 126 3 100 20480 0.002215508
146 92 3 100 20000000 0.002219070
251 55 3 100 10485760 0.002219732
118 22 3 100 5242880 0.002223073
310 29 3 100 10485760 0.002223265
27 278 3 100 5242880 0.002223797
293 188 3 100 1048576 0.002226977
16 49 3 100 2097152 0.002233343
244 102 3 100 512000 0.002239477
266 312 3 100 2097152 0.002241727
96 298 3 100 10240 0.002242724
201 5 3 100 51200 0.002242843
212 217 3 100 1048576 0.002250249
276 227 3 100 1024 0.002256538
37 142 3 100 102400 0.002258033
165 38 3 100 2097152 0.002258748
166 187 3 100 102400 0.002261054
185 281 3 100 51200 0.002265781
155 149 3 100 204800 0.002268863
114 232 3 100 5120 0.002275159
5 136 3 100 5242880 0.002275201
0 15 3 100 5120 0.002276712
52 194 3 100 512000 0.002280998
235 48 3 100 20000000 0.002283479
133 40 3 100 204800 0.002284951
1 79 3 100 20480 0.002285491
149 240 3 100 20000000 0.002285697
156 259 3 100 1048576 0.002287461
278 35 3 100 1048576 0.002288204
23 291 3 100 51200 0.002289007
315 66 3 100 102400 0.002290120
131 223 3 100 1024 0.002290252
49 226 3 100 2097152 0.002290741
35 170 3 100 10485760 0.002292441
258 300 3 100 5120 0.002292443
257 32 3 100 1048576 0.002294023
259 59 3 100 20480 0.002294115
278 84 3 100 512000 0.002294711
71 52 3 100 20000000 0.002297287
167 190 3 100 512000 0.002297524
50 122 3 100 51200 0.002298144
247 35 3 100 10485760 0.002302407
128 262 3 100 5120 0.002304398
73 155 3 100 5120 0.002307222
132 166 3 100 10240 0.002307748
109 252 3 100 5120 0.002308171
177 86 3 100 1048576 0.002309721
272 219 3 100 10485760 0.002309816
120 37 3 100 20000000 0.002310968
100 128 3 100 2097152 0.002311746
205 305 3 100 20000000 0.002312086
44 86 3 100 2097152 0.002316135
162 254 3 100 102400 0.002317507
287 293 3 100 2097152 0.002320886
309 176 3 100 20000000 0.002326688
45 101 3 100 10240 0.002332169
168 228 3 100 20480 0.002335971
12 290 3 100 20000000 0.002336107
13 276 3 100 5242880 0.002338725
231 8 3 100 1024 0.002339247
75 240 3 100 51200 0.002343484
188 13 3 100 1048576 0.002346897
237 40 3 100 512000 0.002347570
203 68 3 100 512000 0.002347985
10 134 3 100 20000000 0.002350825
292 35 3 100 20000000 0.002355199
167 70 3 100 1048576 0.002358682
189 317 3 100 10485760 0.002359700
50 146 3 100 51200 0.002359798
283 205 3 100 5120 0.002361316
48 271 3 100 20000000 0.002364950
45 243 3 100 2097152 0.002368340
8 70 3 100 512000 0.002374876
205 228 3 100 1048576 0.002377385
178 41 3 100 2048 0.002377865
266 71 3 100 10485760 0.002380478
