1933
20 138 3 100 20000 0.000000014
119 23 3 100 500000 0.000000066
152 127 3 100 500000 0.000000092
103 105 3 100 1000 0.000000222
41 39 3 100 100000 0.000000408
89 5 3 100 10000 0.000000421
137 43 3 100 1000 0.000000551
99 27 3 100 100000 0.000000609
59 96 3 100 100000 0.000000656
157 23 3 100 10000 0.000000704
20 132 3 100 10000 0.000000705
99 29 3 100 20000 0.000000856
131 39 3 100 20000 0.000000884
62 12 3 100 200000 0.000000957
51 113 3 100 100000 0.000001020
63 8 3 100 1000 0.000001042
118 153 3 100 500000 0.000001085
120 70 3 100 200000 0.000001126
82 77 3 100 500000 0.000001174
72 63 3 100 5000 0.000001339
37 132 3 100 500000 0.000001341
113 155 3 100 1000 0.000001428
55 52 3 100 200000 0.000001531
53 129 3 100 20000 0.000001786
114 40 3 100 2000 0.000001874
28 33 3 100 50000 0.000001937
92 152 3 100 5000 0.000001983
36 75 3 100 500000 0.000002086
76 101 3 100 100000 0.000002242
93 103 3 100 1000 0.000002342
86 60 3 100 50000 0.000002365
117 157 3 100 50000 0.000002420
39 34 3 100 1000 0.000002494
151 98 3 100 500000 0.000002584
138 87 3 100 500000 0.000003168
91 15 3 100 500000 0.000003199
70 103 3 100 100000 0.000003269
85 40 3 100 1000 0.000003283
134 76 3 100 1000 0.000003287
58 147 3 100 10000 0.000003306
137 158 3 100 5000 0.000003327
88 81 3 100 2000 0.000003368
158 99 3 100 1000 0.000003376
36 138 3 100 500000 0.000003408
152 128 3 100 5000 0.000003440
124 140 3 100 5000 0.000003726
2 87 3 100 1000 0.000003846
30 46 3 100 5000 0.000003857
27 94 3 100 5000 0.000004067
128 136 3 100 500000 0.000004152
7 26 3 100 1000000 0.000004409
53 28 3 100 10000 0.000004440
35 100 3 100 1000 0.000004603
147 86 3 100 50000 0.000004623
29 80 3 100 100000 0.000004644
106 29 3 100 200000 0.000004823
16 126 3 100 500000 0.000005082
147 7 3 100 20000 0.000005268
144 33 3 100 100000 0.000005412
111 128 3 100 1000 0.000005486
37 41 3 100 5000 0.000005500
113 35 3 100 500000 0.000005509
60 66 3 100 10000 0.000005516
132 106 3 100 500000 0.000005549
70 110 3 100 10000 0.000005825
14 107 3 100 5000 0.000005907
154 112 3 100 200000 0.000005988
98 9 3 100 50000 0.000005991
105 155 3 100 1000000 0.000006018
7 29 3 100 500000 0.000006196
75 109 3 100 500000 0.000006283
94 134 3 100 500000 0.000006401
68 127 3 100 1000 0.000006521
104 65 3 100 100000 0.000006522
120 101 3 100 20000 0.000006524
116 62 3 100 1000 0.000006558
74 15 3 100 5000000 0.000006572
45 7 3 100 20000 0.000006678
81 15 3 100 2000000 0.000006747
94 49 3 100 500000 0.000006765
99 140 3 100 5000 0.000006785
101 42 3 100 1000 0.000006788
63 141 3 100 20000 0.000006951
14 4 3 100 200000 0.000006966
56 96 3 100 10000 0.000007376
18 113 3 100 5000 0.000007420
65 58 3 100 10000 0.000007421
150 74 3 100 10000 0.000007476
62 59 3 100 1000 0.000007546
16 54 3 100 10000 0.000007569
118 48 3 100 1000 0.000007595
124 156 3 100 10000 0.000007616
14 89 3 100 5000 0.000007629
32 92 3 100 1000 0.000007638
9 78 3 100 500000 0.000007643
155 61 3 100 200000 0.000007662
57 139 3 100 20000 0.000007705
13 15 3 100 5000 0.000007773
143 31 3 100 100000 0.000007887
119 153 3 100 20000 0.000007973
127 138 3 100 1000000 0.000008012
151 106 3 100 2000 0.000008120
113 19 3 100 200000 0.000008220
31 113 3 100 20000 0.000008239
154 147 3 100 200000 0.000008256
14 10 3 100 200000 0.000008509
142 1 3 100 100000 0.000008556
81 71 3 100 1000 0.000008650
119 56 3 100 10000 0.000008793
71 107 3 100 50000 0.000008861
104 100 3 100 5000 0.000009096
17 72 3 100 2000000 0.000009216
50 80 3 100 1000000 0.000009238
120 3 3 100 200000 0.000009294
94 14 3 100 5000 0.000009541
110 1 3 100 100000 0.000009569
62 55 3 100 20000 0.000009575
134 55 3 100 200000 0.000009613
84 4 3 100 2000000 0.000009722
55 130 3 100 20000 0.000009847
103 23 3 100 200000 0.000010093
48 93 3 100 200000 0.000010113
124 108 3 100 5000 0.000010135
120 23 3 100 50000 0.000010175
64 145 3 100 500000 0.000010286
33 159 3 100 10000 0.000010301
6 148 3 100 50000 0.000010450
29 39 3 100 100000 0.000010455
55 33 3 100 20000 0.000010557
135 23 3 100 5000 0.000010611
79 19 3 100 20000 0.000010652
128 17 3 100 2000 0.000010752
49 6 3 100 50000 0.000010860
2 116 3 100 1000 0.000010916
68 64 3 100 100000 0.000010991
137 2 3 100 1000 0.000011077
31 131 3 100 1000 0.000011248
66 83 3 100 500000 0.000011260
16 71 3 100 500000 0.000011273
27 60 3 100 500000 0.000011356
66 105 3 100 10000 0.000011414
77 6 3 100 500000 0.000011593
139 152 3 100 5000 0.000011744
38 20 3 100 1000 0.000011840
143 134 3 100 20000 0.000011862
78 71 3 100 1000 0.000011863
59 18 3 100 2000 0.000012102
110 54 3 100 500000 0.000012502
66 143 3 100 1000000 0.000012511
0 6 3 100 200000 0.000012641
27 94 3 100 50000 0.000012653
48 130 3 100 20000 0.000012864
78 52 3 100 2000000 0.000012883
87 44 3 100 200000 0.000012981
158 78 3 100 20000 0.000013014
34 82 3 100 100000 0.000013075
48 9 3 100 1000 0.000013373
154 67 3 100 200000 0.000013501
57 58 3 100 5000 0.000013615
26 67 3 100 50000 0.000013846
133 109 3 100 500000 0.000013909
144 127 3 100 20000 0.000013913
93 102 3 100 1000 0.000013968
69 102 3 100 1000000 0.000014023
13 149 3 100 1000000 0.000014526
24 116 3 100 500000 0.000014526
40 94 3 100 1000000 0.000014597
58 82 3 100 5000 0.000014597
49 148 3 100 50000 0.000014685
75 82 3 100 500000 0.000014743
13 147 3 100 10000 0.000014771
143 53 3 100 100000 0.000014781
13 90 3 100 5000 0.000014844
38 140 3 100 1000000 0.000014850
135 100 3 100 1000 0.000014852
78 83 3 100 10000 0.000014975
128 116 3 100 100000 0.000014989
154 42 3 100 20000 0.000015029
106 149 3 100 50000 0.000015061
23 25 3 100 20000 0.000015082
62 158 3 100 100000 0.000015364
95 70 3 100 20000 0.000015458
43 134 3 100 20000 0.000015725
82 10 3 100 5000 0.000015966
47 103 3 100 10000 0.000016112
0 35 3 100 200000 0.000016122
133 46 3 100 50000 0.000016171
143 135 3 100 2000000 0.000016215
144 156 3 100 5000 0.000016371
64 138 3 100 10000 0.000016394
138 22 3 100 200000 0.000016426
19 154 3 100 5000 0.000016436
85 68 3 100 50000 0.000016539
10 50 3 100 10000 0.000016553
129 8 3 100 2000 0.000016581
50 136 3 100 10000 0.000016866
142 55 3 100 50000 0.000016985
94 92 3 100 200000 0.000017096
116 41 3 100 1000 0.000017117
11 79 3 100 5000 0.000017236
24 98 3 100 500000 0.000017280
10 84 3 100 100000 0.000017452
19 147 3 100 50000 0.000017623
127 34 3 100 1000000 0.000017868
19 68 3 100 50000 0.000017882
51 54 3 100 5000 0.000018069
55 14 3 100 50000 0.000018120
150 50 3 100 5000 0.000018166
146 25 3 100 500000 0.000018185
20 113 3 100 200000 0.000018208
121 86 3 100 1000000 0.000018211
31 72 3 100 100000 0.000018212
156 65 3 100 2000 0.000018219
76 59 3 100 20000 0.000018286
48 121 3 100 20000 0.000018392
29 23 3 100 500000 0.000018423
18 109 3 100 10000 0.000018425
73 60 3 100 5000 0.000018520
155 49 3 100 20000 0.000018672
24 97 3 100 50000 0.000018677
57 70 3 100 2000 0.000018880
45 74 3 100 100000 0.000018904
128 159 3 100 20000 0.000018925
69 110 3 100 1000 0.000019015
156 15 3 100 10000 0.000019172
149 139 3 100 100000 0.000019184
147 27 3 100 10000 0.000019216
108 140 3 100 10000 0.000019335
110 26 3 100 5000 0.000019343
71 108 3 100 2000 0.000019459
76 24 3 100 1000 0.000019471
63 43 3 100 1000 0.000019500
79 14 3 100 20000 0.000019512
29 24 3 100 200000 0.000019636
8 10 3 100 500000 0.000019707
153 74 3 100 2000 0.000019835
75 147 3 100 1000 0.000019850
35 21 3 100 10000 0.000019893
135 121 3 100 50000 0.000019929
11 6 3 100 1000 0.000019988
69 56 3 100 20000 0.000020302
147 100 3 100 2000 0.000020332
48 131 3 100 1000 0.000020391
119 98 3 100 1000000 0.000020431
135 102 3 100 5000 0.000020556
144 49 3 100 1000 0.000020624
53 65 3 100 200000 0.000020718
53 86 3 100 200000 0.000020893
144 30 3 100 200000 0.000020925
13 107 3 100 50000 0.000020969
20 140 3 100 1000 0.000021029
39 117 3 100 1000 0.000021045
94 118 3 100 20000 0.000021064
159 27 3 100 1000 0.000021100
22 38 3 100 20000 0.000021302
95 89 3 100 20000 0.000021312
109 2 3 100 1000 0.000021507
149 19 3 100 200000 0.000021539
101 15 3 100 2000000 0.000021551
56 138 3 100 1000 0.000021602
30 86 3 100 10000 0.000021667
34 15 3 100 20000 0.000021699
22 128 3 100 1000000 0.000021770
99 52 3 100 100000 0.000021783
28 6 3 100 1000 0.000021790
3 78 3 100 5000 0.000022081
131 138 3 100 10000 0.000022095
131 129 3 100 10000 0.000022104
61 127 3 100 50000 0.000022207
98 3 3 100 500000 0.000022247
43 147 3 100 1000 0.000022252
50 67 3 100 100000 0.000022287
115 132 3 100 5000 0.000022364
70 50 3 100 20000 0.000022395
5 23 3 100 1000000 0.000022406
6 107 3 100 100000 0.000022420
47 145 3 100 50000 0.000022454
8 63 3 100 100000 0.000022629
86 91 3 100 1000000 0.000022700
7 39 3 100 5000 0.000023006
154 121 3 100 200000 0.000023043
86 90 3 100 1000000 0.000023055
87 157 3 100 200000 0.000023211
45 62 3 100 500000 0.000023362
125 132 3 100 50000 0.000023460
15 153 3 100 500000 0.000023534
42 44 3 100 200000 0.000023623
112 36 3 100 2000 0.000023631
40 21 3 100 200000 0.000023674
128 38 3 100 1000 0.000023716
144 157 3 100 5000000 0.000023804
105 70 3 100 10000 0.000023826
39 51 3 100 500000 0.000023835
1 25 3 100 10000 0.000023957
30 36 3 100 50000 0.000024148
156 15 3 100 5000 0.000024184
4 18 3 100 20000 0.000024333
91 107 3 100 1000000 0.000024340
95 77 3 100 100000 0.000024362
143 154 3 100 1000000 0.000024407
137 92 3 100 500000 0.000024460
118 1 3 100 50000 0.000024464
157 87 3 100 1000 0.000024493
111 77 3 100 100000 0.000024644
131 4 3 100 100000 0.000024647
40 154 3 100 5000000 0.000024693
130 55 3 100 2000000 0.000024693
137 98 3 100 5000 0.000024699
21 70 3 100 200000 0.000024727
133 40 3 100 50000 0.000024877
77 52 3 100 20000 0.000024904
50 63 3 100 5000 0.000024933
97 149 3 100 50000 0.000024944
142 104 3 100 20000 0.000024987
124 95 3 100 10000 0.000025085
126 86 3 100 20000 0.000025118
132 14 3 100 500000 0.000025142
20 124 3 100 1000 0.000025239
29 33 3 100 50000 0.000025414
3 145 3 100 1000000 0.000025496
138 156 3 100 500000 0.000025540
134 123 3 100 2000 0.000025548
102 132 3 100 20000 0.000025587
35 84 3 100 500000 0.000025751
121 117 3 100 500000 0.000025821
118 1 3 100 10000 0.000026017
116 146 3 100 1000 0.000026025
139 91 3 100 1000 0.000026154
120 143 3 100 1000000 0.000026225
16 70 3 100 50000 0.000026242
87 150 3 100 500000 0.000026341
38 108 3 100 1000 0.000026484
68 96 3 100 1000 0.000026557
3 124 3 100 500000 0.000026606
112 64 3 100 2000 0.000026723
22 25 3 100 500000 0.000026770
109 61 3 100 1000000 0.000026770
119 133 3 100 5000 0.000026775
2 67 3 100 2000000 0.000026785
135 111 3 100 200000 0.000026856
145 90 3 100 1000 0.000027134
40 75 3 100 10000 0.000027159
28 60 3 100 50000 0.000027287
78 16 3 100 10000 0.000027441
28 67 3 100 1000 0.000027484
76 33 3 100 50000 0.000027499
51 143 3 100 100000 0.000027654
44 20 3 100 5000 0.000027921
130 111 3 100 10000 0.000028028
47 73 3 100 1000 0.000028034
8 143 3 100 500000 0.000028038
125 124 3 100 10000 0.000028161
123 70 3 100 20000 0.000028168
40 75 3 100 10000 0.000028193
116 46 3 100 20000 0.000028279
4 124 3 100 5000 0.000028378
117 136 3 100 20000 0.000028466
39 79 3 100 20000 0.000028534
135 34 3 100 20000 0.000028587
84 91 3 100 20000 0.000028594
106 136 3 100 5000 0.000028694
111 112 3 100 10000 0.000028742
46 83 3 100 1000000 0.000028825
118 80 3 100 20000 0.000028867
132 10 3 100 200000 0.000028971
105 75 3 100 20000 0.000029029
145 7 3 100 10000 0.000029138
112 145 3 100 500000 0.000029203
24 75 3 100 1000 0.000029276
50 76 3 100 200000 0.000029326
70 1 3 100 200000 0.000029351
31 134 3 100 100000 0.000029357
69 148 3 100 100000 0.000029367
51 157 3 100 200000 0.000029483
23 7 3 100 1000 0.000029757
59 143 3 100 5000 0.000029875
79 94 3 100 2000 0.000029882
31 101 3 100 2000000 0.000029933
117 123 3 100 100000 0.000030015
36 9 3 100 100000 0.000030069
0 139 3 100 1000 0.000030115
4 146 3 100 50000 0.000030136
88 22 3 100 500000 0.000030206
148 100 3 100 2000 0.000030241
131 158 3 100 5000 0.000030257
118 109 3 100 100000 0.000030264
130 70 3 100 50000 0.000030298
144 85 3 100 10000 0.000030428
18 156 3 100 1000000 0.000030449
30 36 3 100 200000 0.000030495
49 149 3 100 20000 0.000030522
31 52 3 100 10000 0.000030631
137 25 3 100 1000000 0.000030637
104 48 3 100 200000 0.000030664
38 77 3 100 1000 0.000030695
32 62 3 100 20000 0.000030701
105 154 3 100 200000 0.000030803
10 31 3 100 200000 0.000030945
53 49 3 100 2000 0.000031289
135 101 3 100 100000 0.000031323
17 75 3 100 5000 0.000031368
124 115 3 100 2000 0.000031427
1 93 3 100 2000 0.000031443
120 70 3 100 5000 0.000031527
147 151 3 100 100000 0.000031567
74 32 3 100 200000 0.000031577
18 53 3 100 100000 0.000031744
92 17 3 100 1000 0.000031935
55 78 3 100 200000 0.000031963
71 44 3 100 50000 0.000031966
136 59 3 100 2000 0.000031971
104 106 3 100 1000 0.000032077
60 119 3 100 1000 0.000032085
157 74 3 100 100000 0.000032121
90 138 3 100 5000 0.000032195
70 16 3 100 50000 0.000032206
87 75 3 100 1000 0.000032233
159 157 3 100 5000 0.000032301
42 31 3 100 2000000 0.000032432
69 95 3 100 10000 0.000032462
127 45 3 100 50000 0.000032690
155 46 3 100 10000 0.000032705
6 80 3 100 1000000 0.000032742
59 85 3 100 10000 0.000032779
155 2 3 100 500000 0.000032836
51 12 3 100 100000 0.000032873
155 25 3 100 20000 0.000032985
122 48 3 100 20000 0.000033000
9 57 3 100 1000 0.000033053
129 24 3 100 20000 0.000033053
124 147 3 100 100000 0.000033169
128 47 3 100 2000000 0.000033205
86 144 3 100 1000000 0.000033331
74 37 3 100 200000 0.000033342
94 31 3 100 100000 0.000033568
31 35 3 100 200000 0.000033571
4 121 3 100 500000 0.000033586
77 100 3 100 5000 0.000033732
17 3 3 100 200000 0.000033819
64 35 3 100 200000 0.000033855
118 137 3 100 20000 0.000033889
22 134 3 100 1000000 0.000033962
135 157 3 100 5000000 0.000034028
38 159 3 100 20000 0.000034070
99 77 3 100 20000 0.000034115
22 36 3 100 20000 0.000034153
77 61 3 100 20000 0.000034427
141 139 3 100 1000 0.000034427
8 158 3 100 200000 0.000034501
7 87 3 100 5000 0.000034511
157 10 3 100 1000000 0.000034529
153 152 3 100 200000 0.000034553
78 61 3 100 1000 0.000034571
140 146 3 100 50000 0.000034689
37 111 3 100 1000 0.000034710
116 144 3 100 100000 0.000034723
145 136 3 100 500000 0.000034967
73 89 3 100 500000 0.000035101
16 48 3 100 1000 0.000035251
26 95 3 100 1000 0.000035264
10 79 3 100 100000 0.000035371
99 133 3 100 5000 0.000035434
17 11 3 100 2000000 0.000035496
38 127 3 100 50000 0.000035526
18 20 3 100 2000 0.000035554
6 80 3 100 5000 0.000035574
78 111 3 100 1000 0.000035688
9 84 3 100 5000 0.000035713
19 44 3 100 20000 0.000035730
38 131 3 100 50000 0.000035732
122 61 3 100 500000 0.000035760
152 147 3 100 10000 0.000035802
113 129 3 100 100000 0.000035813
77 127 3 100 100000 0.000035910
85 14 3 100 200000 0.000035952
4 24 3 100 100000 0.000036204
133 90 3 100 1000000 0.000036230
90 60 3 100 1000 0.000036292
29 143 3 100 50000 0.000036356
142 1 3 100 5000 0.000036380
67 51 3 100 20000 0.000036468
130 62 3 100 1000 0.000036542
76 113 3 100 1000 0.000036580
9 71 3 100 10000 0.000036604
47 140 3 100 5000 0.000036730
77 3 3 100 2000000 0.000036823
126 103 3 100 500000 0.000036861
1 68 3 100 200000 0.000036883
0 7 3 100 1000 0.000036907
97 120 3 100 500000 0.000036956
149 124 3 100 1000 0.000036961
94 125 3 100 50000 0.000037000
32 20 3 100 10000 0.000037041
130 121 3 100 100000 0.000037074
12 113 3 100 100000 0.000037134
41 95 3 100 20000 0.000037244
128 32 3 100 200000 0.000037312
13 154 3 100 500000 0.000037410
45 76 3 100 20000 0.000037677
136 21 3 100 1000 0.000037772
126 41 3 100 10000 0.000037778
31 30 3 100 1000 0.000037806
18 19 3 100 2000 0.000037920
89 18 3 100 10000 0.000037965
55 0 3 100 200000 0.000038210
41 35 3 100 20000 0.000038236
108 81 3 100 20000 0.000038328
125 145 3 100 1000 0.000038396
136 158 3 100 1000000 0.000038467
109 159 3 100 5000 0.000038557
26 6 3 100 100000 0.000038565
122 51 3 100 500000 0.000038631
114 37 3 100 200000 0.000038684
91 121 3 100 50000 0.000038738
137 152 3 100 50000 0.000038852
67 101 3 100 1000000 0.000038892
109 82 3 100 10000 0.000039061
54 122 3 100 2000 0.000039098
130 22 3 100 5000 0.000039161
94 121 3 100 50000 0.000039423
35 134 3 100 1000 0.000039495
118 70 3 100 5000000 0.000039529
40 109 3 100 2000 0.000039630
125 41 3 100 1000 0.000039687
49 158 3 100 200000 0.000039727
98 135 3 100 2000 0.000039771
138 106 3 100 5000 0.000039916
82 37 3 100 1000 0.000040032
81 133 3 100 20000 0.000040149
0 154 3 100 1000 0.000040189
127 144 3 100 20000 0.000040247
10 75 3 100 50000 0.000040264
71 35 3 100 2000 0.000040302
154 136 3 100 5000 0.000040344
44 141 3 100 5000 0.000040413
58 133 3 100 5000 0.000040492
102 24 3 100 20000 0.000040531
141 115 3 100 1000 0.000041041
52 82 3 100 5000 0.000041166
110 111 3 100 100000 0.000041211
93 84 3 100 100000 0.000041274
137 128 3 100 1000000 0.000041409
4 105 3 100 20000 0.000041625
32 86 3 100 5000 0.000041644
6 76 3 100 20000 0.000041817
93 121 3 100 1000000 0.000041900
52 22 3 100 100000 0.000041922
138 79 3 100 1000000 0.000041970
92 141 3 100 10000 0.000042007
91 76 3 100 1000 0.000042068
51 59 3 100 1000 0.000042257
34 87 3 100 2000000 0.000042343
126 74 3 100 200000 0.000042439
90 140 3 100 500000 0.000042477
65 110 3 100 2000 0.000042525
63 84 3 100 50000 0.000042630
10 97 3 100 100000 0.000042903
0 139 3 100 20000 0.000042936
67 125 3 100 1000000 0.000043161
135 62 3 100 1000 0.000043234
15 144 3 100 200000 0.000043248
34 44 3 100 1000 0.000043435
75 87 3 100 500000 0.000043562
82 91 3 100 10000 0.000043567
140 9 3 100 20000 0.000043920
88 85 3 100 20000 0.000043946
25 135 3 100 20000 0.000044086
150 76 3 100 50000 0.000044178
82 76 3 100 5000 0.000044189
28 134 3 100 1000 0.000044260
18 152 3 100 20000 0.000044428
50 125 3 100 10000 0.000044451
104 150 3 100 1000 0.000044508
41 71 3 100 5000 0.000044526
90 92 3 100 1000 0.000044543
2 129 3 100 1000000 0.000044572
101 26 3 100 20000 0.000044603
46 48 3 100 200000 0.000044650
57 28 3 100 1000 0.000044670
94 41 3 100 500000 0.000044757
18 73 3 100 200000 0.000044839
139 34 3 100 20000 0.000044908
58 15 3 100 50000 0.000044921
156 45 3 100 20000 0.000044949
28 114 3 100 200000 0.000045073
52 9 3 100 1000000 0.000045197
9 137 3 100 10000 0.000045429
145 99 3 100 2000 0.000045454
17 32 3 100 100000 0.000045485
14 51 3 100 500000 0.000045538
97 135 3 100 5000 0.000045558
49 62 3 100 1000 0.000045655
90 153 3 100 20000 0.000045680
13 69 3 100 20000 0.000045711
9 66 3 100 2000 0.000045776
118 52 3 100 20000 0.000045807
5 42 3 100 20000 0.000045809
95 101 3 100 50000 0.000045914
56 30 3 100 2000 0.000045993
95 143 3 100 100000 0.000046005
92 117 3 100 1000000 0.000046013
41 47 3 100 20000 0.000046018
13 86 3 100 100000 0.000046076
131 137 3 100 500000 0.000046077
147 114 3 100 100000 0.000046086
133 83 3 100 500000 0.000046127
107 80 3 100 1000000 0.000046129
92 159 3 100 50000 0.000046167
142 158 3 100 100000 0.000046203
97 38 3 100 1000 0.000046247
73 109 3 100 2000 0.000046778
107 64 3 100 5000 0.000046814
114 91 3 100 1000 0.000046871
40 114 3 100 1000 0.000046902
100 67 3 100 20000 0.000046906
138 33 3 100 5000 0.000046920
90 52 3 100 2000 0.000046944
99 35 3 100 20000 0.000046965
7 67 3 100 20000 0.000046975
145 78 3 100 200000 0.000046994
134 147 3 100 500000 0.000047198
155 89 3 100 5000 0.000047321
22 39 3 100 1000 0.000047334
78 14 3 100 10000 0.000047431
84 88 3 100 1000000 0.000047439
52 45 3 100 1000000 0.000047581
130 158 3 100 10000 0.000047749
88 63 3 100 100000 0.000047765
105 76 3 100 500000 0.000047905
157 76 3 100 100000 0.000047925
25 42 3 100 5000 0.000048029
52 101 3 100 200000 0.000048040
149 83 3 100 50000 0.000048195
100 44 3 100 500000 0.000048209
79 146 3 100 100000 0.000048275
64 20 3 100 20000 0.000048342
87 146 3 100 10000 0.000048406
134 76 3 100 1000 0.000048440
94 23 3 100 5000 0.000048466
15 109 3 100 100000 0.000048533
141 51 3 100 500000 0.000048533
21 87 3 100 1000000 0.000048607
73 52 3 100 500000 0.000048636
131 127 3 100 200000 0.000048686
138 51 3 100 500000 0.000048768
19 71 3 100 2000 0.000048793
51 120 3 100 1000 0.000048865
55 11 3 100 20000 0.000048911
97 104 3 100 2000000 0.000049017
62 123 3 100 100000 0.000049030
62 136 3 100 50000 0.000049227
62 135 3 100 200000 0.000049374
80 102 3 100 1000 0.000049388
15 87 3 100 1000 0.000049418
23 75 3 100 10000 0.000049465
141 82 3 100 100000 0.000049704
50 70 3 100 5000 0.000049766
79 130 3 100 1000 0.000049794
29 105 3 100 10000 0.000050096
111 7 3 100 20000 0.000050139
83 33 3 100 2000 0.000050182
0 71 3 100 500000 0.000050327
121 123 3 100 1000 0.000050366
0 40 3 100 100000 0.000050408
7 13 3 100 1000 0.000050559
52 74 3 100 500000 0.000050595
153 144 3 100 5000 0.000050641
52 145 3 100 100000 0.000050711
147 50 3 100 200000 0.000050728
144 54 3 100 1000 0.000050753
131 72 3 100 10000 0.000050760
69 150 3 100 100000 0.000050802
103 77 3 100 500000 0.000051006
16 125 3 100 50000 0.000051030
1 18 3 100 100000 0.000051141
90 20 3 100 20000 0.000051220
121 56 3 100 100000 0.000051233
24 101 3 100 5000 0.000051237
132 19 3 100 1000000 0.000051260
76 30 3 100 2000000 0.000051320
140 10 3 100 500000 0.000051365
38 74 3 100 20000 0.000051443
155 49 3 100 1000 0.000051449
137 5 3 100 1000 0.000051602
145 8 3 100 5000 0.000051673
42 60 3 100 200000 0.000051895
106 3 3 100 20000 0.000051983
41 143 3 100 1000 0.000052082
70 137 3 100 2000 0.000052121
45 40 3 100 20000 0.000052136
42 141 3 100 50000 0.000052225
106 37 3 100 1000 0.000052300
159 109 3 100 10000 0.000052525
44 157 3 100 50000 0.000052569
146 33 3 100 5000 0.000052649
133 110 3 100 500000 0.000052715
90 101 3 100 20000 0.000052741
145 60 3 100 10000 0.000052799
69 6 3 100 20000 0.000052827
112 140 3 100 20000 0.000052828
12 129 3 100 20000 0.000052878
127 136 3 100 10000 0.000052901
106 68 3 100 200000 0.000053022
146 99 3 100 200000 0.000053110
88 27 3 100 200000 0.000053112
46 131 3 100 20000 0.000053197
35 130 3 100 10000 0.000053251
156 51 3 100 100000 0.000053335
138 134 3 100 1000000 0.000053349
128 59 3 100 1000 0.000053406
65 97 3 100 1000 0.000053450
1 62 3 100 2000 0.000053467
144 72 3 100 5000 0.000053537
128 55 3 100 10000 0.000053590
48 81 3 100 2000 0.000053590
88 112 3 100 200000 0.000053724
98 63 3 100 5000 0.000053766
5 102 3 100 1000000 0.000053945
126 101 3 100 5000 0.000053962
28 27 3 100 20000 0.000053996
124 69 3 100 500000 0.000054026
33 80 3 100 2000 0.000054165
144 76 3 100 20000 0.000054407
16 121 3 100 100000 0.000054436
121 80 3 100 20000 0.000054471
94 41 3 100 500000 0.000054522
158 115 3 100 1000000 0.000054543
154 99 3 100 20000 0.000054601
158 86 3 100 1000 0.000054748
31 44 3 100 1000 0.000054839
140 137 3 100 10000 0.000054860
33 113 3 100 100000 0.000055041
74 100 3 100 20000 0.000055190
106 73 3 100 100000 0.000055197
53 103 3 100 500000 0.000055317
56 135 3 100 1000 0.000055542
0 39 3 100 5000 0.000055562
101 145 3 100 100000 0.000055674
156 125 3 100 1000 0.000055771
86 126 3 100 50000 0.000055788
36 158 3 100 1000 0.000055978
58 44 3 100 100000 0.000056020
84 99 3 100 5000 0.000056088
54 155 3 100 10000 0.000056166
15 125 3 100 1000 0.000056170
5 0 3 100 2000000 0.000056175
139 95 3 100 2000 0.000056410
84 152 3 100 5000 0.000056416
23 62 3 100 50000 0.000056446
83 21 3 100 50000 0.000056525
154 111 3 100 1000 0.000056544
113 148 3 100 20000 0.000056567
102 123 3 100 10000 0.000056604
70 117 3 100 1000 0.000057009
28 157 3 100 1000 0.000057099
80 72 3 100 200000 0.000057142
106 15 3 100 100000 0.000057159
69 21 3 100 1000 0.000057166
7 70 3 100 1000 0.000057386
21 0 3 100 5000 0.000057390
133 61 3 100 50000 0.000057558
14 61 3 100 1000 0.000057573
95 76 3 100 100000 0.000057644
105 80 3 100 200000 0.000057741
4 25 3 100 1000 0.000057808
61 86 3 100 5000 0.000057809
57 157 3 100 200000 0.000058047
76 33 3 100 20000 0.000058120
101 97 3 100 200000 0.000058153
86 9 3 100 1000 0.000058180
127 138 3 100 5000 0.000058186
128 127 3 100 5000000 0.000058216
34 112 3 100 20000 0.000058674
109 29 3 100 10000 0.000058773
117 138 3 100 500000 0.000058798
35 46 3 100 1000000 0.000058832
62 73 3 100 1000 0.000058883
144 1 3 100 1000 0.000059258
127 78 3 100 10000 0.000059348
1 142 3 100 5000 0.000059380
111 34 3 100 200000 0.000059588
19 125 3 100 1000000 0.000059702
27 91 3 100 1000 0.000059863
121 137 3 100 1000 0.000059869
18 116 3 100 1000 0.000059883
66 146 3 100 20000 0.000059907
5 116 3 100 5000 0.000059993
42 141 3 100 1000 0.000060032
83 19 3 100 1000 0.000060236
138 37 3 100 100000 0.000060316
50 139 3 100 10000 0.000060326
45 52 3 100 10000 0.000060341
32 19 3 100 20000 0.000060358
125 121 3 100 500000 0.000060520
133 140 3 100 1000000 0.000060541
116 72 3 100 1000000 0.000060845
122 91 3 100 2000 0.000061061
83 113 3 100 500000 0.000061062
148 84 3 100 200000 0.000061124
44 43 3 100 50000 0.000061223
103 116 3 100 1000000 0.000061246
126 92 3 100 200000 0.000061257
76 22 3 100 200000 0.000061342
75 11 3 100 1000 0.000061364
86 56 3 100 1000 0.000061462
106 138 3 100 1000 0.000061493
24 12 3 100 1000000 0.000061579
80 22 3 100 50000 0.000061753
125 85 3 100 5000 0.000061774
21 150 3 100 50000 0.000061784
135 82 3 100 100000 0.000061817
36 41 3 100 2000 0.000061836
80 51 3 100 5000 0.000061852
32 130 3 100 2000 0.000061858
67 83 3 100 10000 0.000062037
83 84 3 100 1000 0.000062258
45 81 3 100 200000 0.000062263
146 1 3 100 10000 0.000062267
7 33 3 100 100000 0.000062415
122 20 3 100 100000 0.000062459
59 54 3 100 1000000 0.000062482
139 121 3 100 1000 0.000062484
76 80 3 100 10000 0.000062681
112 74 3 100 100000 0.000062714
16 4 3 100 1000 0.000062800
17 26 3 100 500000 0.000062803
146 152 3 100 500000 0.000062825
58 126 3 100 1000 0.000062926
153 148 3 100 2000 0.000062938
127 77 3 100 1000 0.000063076
71 158 3 100 1000 0.000063167
18 67 3 100 200000 0.000063177
38 61 3 100 50000 0.000063265
155 14 3 100 1000000 0.000063420
131 28 3 100 1000 0.000063452
153 74 3 100 500000 0.000063595
136 73 3 100 1000 0.000063632
29 108 3 100 500000 0.000063661
55 138 3 100 5000000 0.000063847
27 31 3 100 1000000 0.000063864
116 155 3 100 5000000 0.000063870
35 124 3 100 2000 0.000064014
124 97 3 100 2000 0.000064070
133 115 3 100 20000 0.000064174
78 44 3 100 1000 0.000064205
1 14 3 100 5000 0.000064238
31 58 3 100 20000 0.000064264
144 101 3 100 200000 0.000064282
53 22 3 100 20000 0.000064292
147 136 3 100 1000 0.000064500
37 115 3 100 500000 0.000064620
114 59 3 100 1000 0.000064633
1 80 3 100 20000 0.000064642
118 123 3 100 2000 0.000064786
92 28 3 100 20000 0.000065026
96 48 3 100 10000 0.000065064
89 41 3 100 200000 0.000065087
139 8 3 100 20000 0.000065145
65 63 3 100 200000 0.000065395
156 110 3 100 5000 0.000065411
1 145 3 100 500000 0.000065491
53 35 3 100 20000 0.000065534
95 86 3 100 2000000 0.000065789
38 21 3 100 20000 0.000065836
74 68 3 100 100000 0.000065865
16 62 3 100 10000 0.000065905
13 42 3 100 500000 0.000065907
128 8 3 100 10000 0.000065937
7 113 3 100 50000 0.000066179
22 67 3 100 10000 0.000066184
112 50 3 100 200000 0.000066291
65 39 3 100 10000 0.000066456
8 60 3 100 500000 0.000066728
43 18 3 100 20000 0.000066731
23 46 3 100 2000 0.000066788
63 24 3 100 500000 0.000066816
103 13 3 100 500000 0.000066842
115 57 3 100 20000 0.000066976
92 150 3 100 50000 0.000067014
76 97 3 100 200000 0.000067088
51 1 3 100 1000000 0.000067119
125 142 3 100 1000000 0.000067311
142 53 3 100 1000 0.000067462
19 104 3 100 10000 0.000067570
113 9 3 100 50000 0.000067617
23 97 3 100 100000 0.000067808
119 14 3 100 1000000 0.000067810
146 11 3 100 1000 0.000067848
81 117 3 100 2000000 0.000068148
58 97 3 100 200000 0.000068158
109 72 3 100 1000 0.000068403
71 2 3 100 20000 0.000068679
134 97 3 100 1000 0.000068913
73 145 3 100 10000 0.000068923
81 24 3 100 20000 0.000069247
142 89 3 100 1000 0.000069450
86 84 3 100 1000000 0.000069518
149 45 3 100 10000 0.000069586
25 123 3 100 1000000 0.000069607
134 85 3 100 10000 0.000069626
101 33 3 100 20000 0.000069865
2 76 3 100 500000 0.000069905
20 155 3 100 200000 0.000070067
93 5 3 100 10000 0.000070073
1 127 3 100 10000 0.000070174
34 93 3 100 10000 0.000070336
114 10 3 100 100000 0.000070348
126 115 3 100 20000 0.000070377
133 8 3 100 2000000 0.000070444
77 33 3 100 10000 0.000070492
41 114 3 100 5000 0.000070566
102 98 3 100 1000 0.000070582
138 40 3 100 10000 0.000070627
70 125 3 100 20000 0.000070775
91 8 3 100 20000 0.000070951
125 5 3 100 20000 0.000071004
54 120 3 100 200000 0.000071167
11 156 3 100 500000 0.000071184
23 149 3 100 1000 0.000071222
14 144 3 100 1000000 0.000071291
140 142 3 100 10000 0.000071325
71 98 3 100 1000000 0.000071369
38 134 3 100 50000 0.000071378
74 19 3 100 100000 0.000071693
10 157 3 100 50000 0.000071791
100 92 3 100 500000 0.000071906
107 113 3 100 500000 0.000071989
44 43 3 100 100000 0.000071992
104 117 3 100 100000 0.000072060
11 106 3 100 500000 0.000072121
40 90 3 100 100000 0.000072189
127 34 3 100 10000 0.000072258
86 33 3 100 10000 0.000072306
115 88 3 100 20000 0.000072370
120 116 3 100 1000000 0.000072402
135 28 3 100 100000 0.000072451
85 147 3 100 500000 0.000072544
126 5 3 100 1000 0.000072895
58 106 3 100 20000 0.000072914
73 137 3 100 2000 0.000073012
7 2 3 100 1000 0.000073095
94 54 3 100 500000 0.000073276
17 120 3 100 20000 0.000073380
0 26 3 100 1000 0.000073429
3 136 3 100 200000 0.000073896
25 86 3 100 500000 0.000073941
4 27 3 100 5000 0.000073952
158 10 3 100 20000 0.000073958
79 3 3 100 5000 0.000074043
26 83 3 100 1000000 0.000074102
66 43 3 100 1000 0.000074235
34 104 3 100 200000 0.000074457
150 77 3 100 1000000 0.000074468
112 84 3 100 10000 0.000074567
6 18 3 100 1000 0.000074600
0 88 3 100 100000 0.000074690
145 77 3 100 5000 0.000074718
30 23 3 100 200000 0.000074721
86 82 3 100 1000 0.000074727
33 151 3 100 1000 0.000074761
5 142 3 100 100000 0.000074774
89 23 3 100 10000 0.000074902
159 102 3 100 10000 0.000074921
118 123 3 100 5000 0.000074935
21 38 3 100 20000 0.000075151
99 130 3 100 200000 0.000075330
18 50 3 100 20000 0.000075334
3 121 3 100 1000000 0.000075599
153 73 3 100 20000 0.000075728
122 157 3 100 1000 0.000075953
110 39 3 100 1000 0.000076025
157 91 3 100 20000 0.000076029
149 153 3 100 1000 0.000076037
28 133 3 100 10000 0.000076046
144 7 3 100 500000 0.000076143
126 64 3 100 1000000 0.000076208
125 155 3 100 2000 0.000076364
36 159 3 100 500000 0.000076464
100 29 3 100 1000 0.000076553
4 114 3 100 1000 0.000076567
155 55 3 100 1000000 0.000076666
97 117 3 100 1000 0.000076695
16 121 3 100 50000 0.000076701
86 36 3 100 200000 0.000076707
131 11 3 100 500000 0.000076781
99 29 3 100 200000 0.000076882
158 133 3 100 20000 0.000076905
26 16 3 100 100000 0.000077203
108 133 3 100 1000 0.000077318
58 47 3 100 200000 0.000077333
113 138 3 100 20000 0.000077334
153 19 3 100 500000 0.000077408
109 95 3 100 20000 0.000077418
143 73 3 100 20000 0.000077556
30 107 3 100 20000 0.000077723
3 135 3 100 500000 0.000077835
101 105 3 100 20000 0.000078164
156 113 3 100 200000 0.000078187
10 0 3 100 10000 0.000078247
136 28 3 100 10000 0.000078298
95 70 3 100 5000 0.000078470
131 8 3 100 5000 0.000078504
24 73 3 100 200000 0.000078522
17 13 3 100 5000 0.000078542
66 126 3 100 1000 0.000078676
2 50 3 100 2000 0.000078686
36 112 3 100 1000 0.000078707
144 86 3 100 1000000 0.000078816
23 65 3 100 20000 0.000078885
101 80 3 100 1000 0.000078975
14 65 3 100 200000 0.000079044
4 118 3 100 5000 0.000079079
141 41 3 100 200000 0.000079160
61 125 3 100 20000 0.000079170
145 28 3 100 10000 0.000079179
40 14 3 100 1000 0.000079263
135 89 3 100 2000 0.000079277
111 139 3 100 5000 0.000079334
46 127 3 100 1000 0.000079377
114 92 3 100 10000 0.000079389
78 2 3 100 2000 0.000079456
118 88 3 100 200000 0.000079473
29 73 3 100 100000 0.000079484
156 18 3 100 1000 0.000079538
145 51 3 100 1000000 0.000079652
62 110 3 100 500000 0.000079671
123 130 3 100 5000 0.000079723
98 79 3 100 1000 0.000079734
30 79 3 100 200000 0.000079845
71 126 3 100 20000 0.000080094
127 2 3 100 100000 0.000080107
75 117 3 100 1000 0.000080349
32 89 3 100 200000 0.000080412
115 154 3 100 1000 0.000080524
96 136 3 100 100000 0.000080549
90 67 3 100 1000 0.000080657
138 30 3 100 2000 0.000080727
141 29 3 100 200000 0.000080794
22 20 3 100 500000 0.000080806
43 88 3 100 1000 0.000080856
80 159 3 100 5000 0.000080872
66 70 3 100 20000 0.000080943
10 148 3 100 100000 0.000081171
19 41 3 100 10000 0.000081314
14 155 3 100 1000000 0.000081320
60 120 3 100 200000 0.000081410
153 33 3 100 100000 0.000081442
133 132 3 100 1000 0.000081669
24 90 3 100 5000 0.000081763
25 19 3 100 1000 0.000081770
81 100 3 100 1000 0.000081812
16 140 3 100 10000 0.000081921
79 98 3 100 1000000 0.000081952
121 63 3 100 5000 0.000081987
151 32 3 100 1000 0.000082154
12 114 3 100 500000 0.000082292
41 125 3 100 5000 0.000082294
106 26 3 100 100000 0.000082339
49 28 3 100 2000 0.000082343
11 98 3 100 20000 0.000082744
123 147 3 100 1000 0.000082835
129 121 3 100 10000 0.000082919
120 66 3 100 2000 0.000083004
5 48 3 100 5000 0.000083038
67 100 3 100 10000 0.000083048
151 4 3 100 1000 0.000083076
152 145 3 100 20000 0.000083232
137 78 3 100 10000 0.000083259
21 85 3 100 50000 0.000083359
52 85 3 100 5000 0.000083395
70 152 3 100 10000 0.000083405
33 79 3 100 20000 0.000083534
33 94 3 100 500000 0.000084009
124 38 3 100 20000 0.000084017
41 18 3 100 20000 0.000084102
124 107 3 100 20000 0.000084138
36 60 3 100 1000000 0.000084321
24 64 3 100 100000 0.000084376
79 9 3 100 50000 0.000084396
76 34 3 100 100000 0.000084425
84 71 3 100 1000 0.000084436
135 6 3 100 200000 0.000084512
68 122 3 100 50000 0.000084527
39 139 3 100 20000 0.000084562
3 54 3 100 1000000 0.000084653
57 4 3 100 5000 0.000084716
29 147 3 100 20000 0.000084853
26 77 3 100 100000 0.000084937
33 23 3 100 100000 0.000084998
39 48 3 100 5000 0.000085024
18 38 3 100 1000000 0.000085081
58 57 3 100 10000 0.000085283
20 79 3 100 50000 0.000085398
27 23 3 100 100000 0.000085406
99 155 3 100 2000 0.000085416
153 65 3 100 1000 0.000085431
65 39 3 100 200000 0.000085441
57 152 3 100 1000 0.000085580
98 150 3 100 10000 0.000085729
118 35 3 100 500000 0.000085765
146 79 3 100 1000 0.000085857
10 113 3 100 20000 0.000085992
108 106 3 100 50000 0.000086036
94 52 3 100 5000 0.000086194
136 84 3 100 5000 0.000086194
60 52 3 100 10000 0.000086194
11 1 3 100 500000 0.000086210
109 124 3 100 1000 0.000086226
31 90 3 100 1000 0.000086469
26 11 3 100 1000000 0.000086475
9 67 3 100 1000 0.000086477
80 126 3 100 5000000 0.000086564
98 11 3 100 5000 0.000086565
6 144 3 100 5000000 0.000086628
45 102 3 100 1000 0.000086697
131 25 3 100 1000 0.000086736
42 16 3 100 10000 0.000086754
135 89 3 100 100000 0.000086810
153 44 3 100 1000000 0.000086897
144 121 3 100 200000 0.000086898
145 6 3 100 200000 0.000086921
29 123 3 100 5000 0.000086937
117 110 3 100 20000 0.000086963
125 137 3 100 2000 0.000086993
6 54 3 100 20000 0.000087571
148 116 3 100 20000 0.000087650
44 154 3 100 10000 0.000087796
121 87 3 100 1000 0.000088296
112 60 3 100 1000 0.000088355
29 142 3 100 10000 0.000088356
71 113 3 100 20000 0.000088481
148 28 3 100 10000 0.000088488
127 122 3 100 5000 0.000088498
34 13 3 100 200000 0.000088535
96 91 3 100 20000 0.000088551
28 7 3 100 1000 0.000088823
116 43 3 100 5000 0.000088899
128 37 3 100 1000 0.000088925
152 148 3 100 20000 0.000088930
10 121 3 100 200000 0.000088971
154 114 3 100 10000 0.000089017
119 126 3 100 20000 0.000089076
66 19 3 100 10000 0.000089148
99 133 3 100 2000000 0.000089198
155 30 3 100 1000 0.000089261
140 12 3 100 2000 0.000089280
6 89 3 100 500000 0.000089332
137 40 3 100 1000 0.000089454
71 7 3 100 200000 0.000089550
49 107 3 100 2000 0.000089551
70 29 3 100 10000 0.000089582
93 79 3 100 5000 0.000089630
103 84 3 100 50000 0.000089891
65 27 3 100 1000 0.000090160
90 47 3 100 10000 0.000090392
38 129 3 100 50000 0.000090508
134 106 3 100 1000000 0.000090681
98 133 3 100 50000 0.000090824
158 137 3 100 1000 0.000090952
26 126 3 100 1000 0.000090973
130 15 3 100 1000 0.000091061
126 20 3 100 5000 0.000091157
54 55 3 100 200000 0.000091236
132 24 3 100 1000 0.000091333
72 115 3 100 5000 0.000091590
110 9 3 100 1000 0.000091662
105 55 3 100 5000 0.000091712
120 143 3 100 1000 0.000091749
111 76 3 100 100000 0.000091792
40 93 3 100 20000 0.000091838
119 132 3 100 5000 0.000091868
123 108 3 100 20000 0.000092080
69 36 3 100 10000 0.000092172
81 111 3 100 100000 0.000092209
134 58 3 100 200000 0.000092273
102 156 3 100 1000 0.000092284
119 153 3 100 20000 0.000092292
85 90 3 100 1000000 0.000092328
110 64 3 100 50000 0.000092354
45 143 3 100 1000 0.000092434
108 89 3 100 5000 0.000092437
23 119 3 100 1000000 0.000092506
71 8 3 100 5000 0.000092638
117 11 3 100 100000 0.000092696
47 156 3 100 1000 0.000092721
94 5 3 100 500000 0.000092722
60 144 3 100 500000 0.000092815
21 116 3 100 1000000 0.000093075
77 107 3 100 10000 0.000093123
141 21 3 100 20000 0.000093253
142 147 3 100 500000 0.000093281
154 135 3 100 100000 0.000093718
64 13 3 100 1000 0.000093725
33 118 3 100 50000 0.000093765
95 76 3 100 2000 0.000093857
81 74 3 100 5000 0.000093945
68 107 3 100 50000 0.000093999
100 11 3 100 1000 0.000094146
154 136 3 100 100000 0.000094237
26 137 3 100 1000 0.000094289
132 98 3 100 2000 0.000094588
99 104 3 100 5000 0.000094688
0 117 3 100 50000 0.000095084
99 127 3 100 1000000 0.000095187
20 23 3 100 5000 0.000095356
108 84 3 100 10000 0.000095411
116 36 3 100 200000 0.000095454
61 90 3 100 2000 0.000095523
156 114 3 100 1000 0.000095652
136 52 3 100 50000 0.000095763
113 93 3 100 10000 0.000095830
45 31 3 100 5000 0.000095863
98 34 3 100 10000 0.000095933
19 73 3 100 100000 0.000095975
100 43 3 100 10000 0.000095992
36 114 3 100 5000 0.000096009
120 29 3 100 500000 0.000096068
148 43 3 100 5000 0.000096153
147 119 3 100 50000 0.000096239
106 143 3 100 500000 0.000096288
15 117 3 100 200000 0.000096307
90 47 3 100 20000 0.000096345
140 77 3 100 200000 0.000096456
2 138 3 100 1000000 0.000096502
38 120 3 100 1000 0.000096643
88 105 3 100 20000 0.000096813
57 12 3 100 5000 0.000096866
149 97 3 100 10000 0.000096885
28 102 3 100 20000 0.000096902
16 69 3 100 10000 0.000096960
64 19 3 100 10000 0.000096999
14 41 3 100 1000000 0.000097022
13 159 3 100 50000 0.000097136
69 52 3 100 20000 0.000097379
57 112 3 100 5000 0.000097427
126 24 3 100 1000 0.000097427
147 119 3 100 1000 0.000097448
83 12 3 100 2000 0.000097603
55 17 3 100 2000000 0.000097641
37 106 3 100 1000 0.000097659
142 22 3 100 1000 0.000097673
9 88 3 100 200000 0.000097727
74 23 3 100 20000 0.000097981
63 58 3 100 5000 0.000097986
93 25 3 100 2000000 0.000098014
27 152 3 100 2000000 0.000098126
28 113 3 100 1000 0.000098318
30 145 3 100 50000 0.000098432
76 17 3 100 50000 0.000098435
14 6 3 100 1000000 0.000098440
76 42 3 100 20000 0.000098541
81 100 3 100 200000 0.000098633
27 85 3 100 5000 0.000098769
118 58 3 100 20000 0.000099108
12 121 3 100 20000 0.000099161
141 130 3 100 100000 0.000099259
28 155 3 100 1000 0.000099362
45 24 3 100 1000 0.000099394
36 120 3 100 1000000 0.000099397
131 99 3 100 100000 0.000099457
91 146 3 100 100000 0.000099543
53 1 3 100 5000 0.000099565
117 123 3 100 200000 0.000099640
108 158 3 100 50000 0.000099718
144 123 3 100 2000 0.000099755
86 93 3 100 1000000 0.000099930
122 10 3 100 500000 0.000100063
90 119 3 100 5000 0.000100131
24 35 3 100 100000 0.000100193
16 49 3 100 10000 0.000100207
112 49 3 100 10000 0.000100330
27 144 3 100 5000 0.000100437
57 14 3 100 1000 0.000100463
58 118 3 100 1000000 0.000100520
140 42 3 100 20000 0.000100629
1 117 3 100 1000 0.000100657
155 96 3 100 100000 0.000100762
143 66 3 100 20000 0.000100885
28 159 3 100 100000 0.000101034
93 76 3 100 2000000 0.000101220
97 46 3 100 200000 0.000101274
141 140 3 100 10000 0.000101418
34 16 3 100 10000 0.000101450
148 147 3 100 1000 0.000101465
32 37 3 100 5000 0.000101590
158 18 3 100 1000 0.000101683
123 128 3 100 10000 0.000101724
26 138 3 100 20000 0.000101780
103 121 3 100 200000 0.000101874
107 94 3 100 200000 0.000102036
147 119 3 100 20000 0.000102053
36 146 3 100 2000000 0.000102069
3 51 3 100 200000 0.000102096
82 7 3 100 1000000 0.000102127
71 43 3 100 200000 0.000102196
19 140 3 100 1000 0.000102315
9 155 3 100 2000000 0.000102391
1 143 3 100 50000 0.000102520
69 24 3 100 20000 0.000102685
38 95 3 100 5000 0.000102706
88 139 3 100 10000 0.000102712
43 141 3 100 100000 0.000102746
148 27 3 100 10000 0.000102811
157 112 3 100 200000 0.000102855
95 61 3 100 500000 0.000102883
53 68 3 100 1000000 0.000102894
38 17 3 100 10000 0.000102909
110 58 3 100 1000000 0.000102957
59 30 3 100 200000 0.000103033
17 29 3 100 500000 0.000103061
56 0 3 100 200000 0.000103256
15 133 3 100 1000000 0.000103392
138 37 3 100 200000 0.000103400
19 64 3 100 10000 0.000103458
152 36 3 100 200000 0.000103464
146 53 3 100 10000 0.000103465
153 114 3 100 10000 0.000103541
32 50 3 100 2000 0.000103552
158 4 3 100 20000 0.000103575
137 90 3 100 100000 0.000103743
105 74 3 100 100000 0.000103839
132 63 3 100 50000 0.000103845
130 137 3 100 200000 0.000103880
9 147 3 100 2000 0.000103914
49 105 3 100 20000 0.000104085
101 134 3 100 200000 0.000104100
156 0 3 100 1000000 0.000104185
142 45 3 100 2000 0.000104359
9 111 3 100 1000 0.000104477
22 136 3 100 10000 0.000104511
157 49 3 100 1000 0.000104723
102 40 3 100 20000 0.000105062
80 139 3 100 200000 0.000105098
43 33 3 100 20000 0.000105235
54 152 3 100 500000 0.000105369
130 59 3 100 10000 0.000105547
55 73 3 100 20000 0.000105557
117 150 3 100 500000 0.000105588
32 19 3 100 2000 0.000105608
86 101 3 100 50000 0.000105727
125 90 3 100 10000 0.000105775
122 80 3 100 20000 0.000105813
153 60 3 100 20000 0.000105931
146 70 3 100 50000 0.000106116
29 146 3 100 5000 0.000106177
37 60 3 100 10000 0.000106299
54 114 3 100 20000 0.000106428
127 74 3 100 50000 0.000106491
23 40 3 100 1000 0.000106534
18 15 3 100 2000 0.000106797
115 112 3 100 2000 0.000107011
137 128 3 100 5000 0.000107082
119 157 3 100 2000 0.000107148
15 137 3 100 200000 0.000107294
53 146 3 100 1000 0.000107348
37 57 3 100 1000 0.000107354
77 120 3 100 1000000 0.000107358
144 137 3 100 500000 0.000107406
128 18 3 100 50000 0.000107447
103 115 3 100 1000 0.000107469
119 61 3 100 100000 0.000107603
112 157 3 100 100000 0.000107753
137 65 3 100 500000 0.000107875
115 71 3 100 5000 0.000108006
139 69 3 100 1000000 0.000108120
83 101 3 100 20000 0.000108175
3 95 3 100 20000 0.000108406
93 82 3 100 5000 0.000108475
92 25 3 100 1000000 0.000108499
142 152 3 100 50000 0.000108506
80 1 3 100 1000000 0.000108583
150 88 3 100 5000000 0.000108665
131 151 3 100 5000 0.000108704
80 138 3 100 10000 0.000108883
50 88 3 100 1000000 0.000108906
40 7 3 100 1000 0.000109013
7 38 3 100 50000 0.000109050
133 1 3 100 10000 0.000109059
14 96 3 100 10000 0.000109067
22 124 3 100 500000 0.000109230
17 18 3 100 50000 0.000109406
110 115 3 100 100000 0.000109446
62 27 3 100 1000000 0.000109481
97 45 3 100 10000 0.000109560
60 4 3 100 5000 0.000109569
39 12 3 100 500000 0.000109580
99 123 3 100 10000 0.000109629
99 22 3 100 1000000 0.000109663
22 17 3 100 5000 0.000109683
149 15 3 100 1000 0.000109719
36 72 3 100 200000 0.000109744
151 111 3 100 2000000 0.000109867
128 64 3 100 500000 0.000109930
97 115 3 100 5000 0.000110300
114 11 3 100 1000 0.000110368
115 92 3 100 100000 0.000110570
11 27 3 100 200000 0.000110614
58 106 3 100 50000 0.000110761
86 82 3 100 1000 0.000110811
104 34 3 100 1000000 0.000110823
104 12 3 100 50000 0.000110877
28 83 3 100 10000 0.000110884
4 113 3 100 500000 0.000110896
31 10 3 100 20000 0.000110992
139 51 3 100 200000 0.000111240
61 125 3 100 2000 0.000111312
18 145 3 100 1000000 0.000111352
48 76 3 100 50000 0.000111448
91 30 3 100 1000000 0.000111542
34 98 3 100 5000 0.000111567
151 35 3 100 100000 0.000111675
96 142 3 100 2000 0.000111689
107 154 3 100 2000 0.000111838
54 144 3 100 1000 0.000111993
139 112 3 100 500000 0.000112088
133 80 3 100 1000 0.000112168
140 13 3 100 100000 0.000112398
87 145 3 100 1000 0.000112405
41 113 3 100 5000000 0.000112474
71 126 3 100 50000 0.000112531
58 62 3 100 5000 0.000112546
152 71 3 100 20000 0.000112726
70 158 3 100 2000 0.000112728
102 126 3 100 500000 0.000112913
86 111 3 100 200000 0.000112935
136 140 3 100 20000 0.000112961
96 32 3 100 200000 0.000112961
8 45 3 100 500000 0.000113055
106 143 3 100 10000 0.000113097
29 143 3 100 2000000 0.000113124
75 40 3 100 20000 0.000113204
75 109 3 100 5000 0.000113213
8 85 3 100 200000 0.000113366
68 92 3 100 200000 0.000113382
11 132 3 100 20000 0.000113675
152 156 3 100 1000 0.000113736
102 125 3 100 10000 0.000113878
118 41 3 100 1000 0.000114000
71 29 3 100 5000 0.000114020
83 109 3 100 2000 0.000114154
131 155 3 100 200000 0.000114359
51 40 3 100 20000 0.000114368
76 38 3 100 1000000 0.000114424
131 53 3 100 100000 0.000114522
109 49 3 100 10000 0.000114550
39 31 3 100 200000 0.000114578
125 114 3 100 500000 0.000114626
101 144 3 100 5000 0.000114752
79 107 3 100 5000 0.000114792
15 151 3 100 5000 0.000115042
144 105 3 100 1000000 0.000115099
81 115 3 100 5000 0.000115107
74 94 3 100 20000 0.000115151
93 22 3 100 2000 0.000115157
64 152 3 100 10000 0.000115158
46 129 3 100 20000 0.000115373
6 94 3 100 5000 0.000115532
109 24 3 100 2000 0.000115615
130 88 3 100 500000 0.000115674
134 2 3 100 100000 0.000115740
49 120 3 100 500000 0.000115801
148 77 3 100 50000 0.000115802
144 133 3 100 5000 0.000115813
81 51 3 100 1000 0.000116069
145 39 3 100 2000 0.000116085
72 22 3 100 20000 0.000116151
67 51 3 100 50000 0.000116375
12 70 3 100 200000 0.000116429
110 4 3 100 10000 0.000116478
116 46 3 100 100000 0.000116736
16 47 3 100 2000 0.000117039
83 47 3 100 5000 0.000117149
78 133 3 100 20000 0.000117352
3 30 3 100 5000 0.000117439
69 81 3 100 1000 0.000117472
58 20 3 100 1000000 0.000117513
156 68 3 100 2000 0.000117723
104 149 3 100 20000 0.000117904
110 1 3 100 100000 0.000118038
69 29 3 100 1000 0.000118039
93 104 3 100 200000 0.000118100
20 29 3 100 20000 0.000118175
3 5 3 100 50000 0.000118259
21 61 3 100 50000 0.000118321
79 81 3 100 5000 0.000118329
151 116 3 100 500000 0.000118338
36 107 3 100 1000000 0.000118406
18 119 3 100 100000 0.000118519
26 39 3 100 500000 0.000118582
31 19 3 100 500000 0.000118622
62 61 3 100 2000 0.000118690
142 116 3 100 200000 0.000118741
92 25 3 100 200000 0.000118749
46 149 3 100 10000 0.000118786
102 71 3 100 1000 0.000118857
91 42 3 100 2000000 0.000118930
38 26 3 100 200000 0.000119270
79 95 3 100 1000 0.000119334
46 126 3 100 50000 0.000119429
150 156 3 100 2000000 0.000119496
141 85 3 100 50000 0.000119537
1 109 3 100 500000 0.000119553
44 10 3 100 500000 0.000119720
20 39 3 100 20000 0.000119724
8 63 3 100 5000 0.000119941
44 11 3 100 1000000 0.000120077
48 130 3 100 50000 0.000120220
59 62 3 100 100000 0.000120429
139 83 3 100 500000 0.000120431
53 60 3 100 1000 0.000120489
125 73 3 100 20000 0.000120572
40 112 3 100 1000 0.000120605
73 74 3 100 5000 0.000120887
159 147 3 100 50000 0.000121066
138 105 3 100 1000000 0.000121369
40 93 3 100 10000 0.000121468
3 56 3 100 1000 0.000121500
121 80 3 100 10000 0.000121500
21 105 3 100 1000 0.000121617
152 19 3 100 100000 0.000121661
39 102 3 100 200000 0.000121696
106 73 3 100 100000 0.000121960
102 96 3 100 20000 0.000121979
53 78 3 100 2000 0.000122048
148 105 3 100 5000 0.000122149
28 75 3 100 20000 0.000122159
111 95 3 100 1000000 0.000122220
111 142 3 100 1000 0.000122359
27 141 3 100 5000 0.000122383
112 39 3 100 50000 0.000122406
106 97 3 100 10000 0.000122557
90 144 3 100 1000 0.000122617
6 139 3 100 200000 0.000122678
156 100 3 100 50000 0.000122683
118 86 3 100 500000 0.000122798
130 49 3 100 1000 0.000122831
111 146 3 100 50000 0.000122888
63 145 3 100 20000 0.000123091
95 153 3 100 20000 0.000123170
129 82 3 100 2000 0.000123191
69 27 3 100 100000 0.000123246
114 26 3 100 200000 0.000123326
113 150 3 100 200000 0.000123347
74 148 3 100 1000 0.000123448
126 140 3 100 1000 0.000123568
63 19 3 100 100000 0.000123682
55 107 3 100 10000 0.000123715
71 93 3 100 50000 0.000123727
11 31 3 100 20000 0.000123776
17 38 3 100 1000 0.000123779
87 156 3 100 5000 0.000123834
25 101 3 100 1000000 0.000123858
100 159 3 100 5000 0.000123867
22 73 3 100 5000000 0.000123975
32 126 3 100 20000 0.000123976
142 9 3 100 1000 0.000124275
83 38 3 100 1000 0.000124468
146 30 3 100 5000 0.000124480
88 147 3 100 100000 0.000124584
14 19 3 100 50000 0.000124624
98 91 3 100 200000 0.000124640
73 131 3 100 2000000 0.000124742
66 126 3 100 50000 0.000124918
30 39 3 100 2000 0.000125058
103 56 3 100 1000 0.000125119
102 117 3 100 20000 0.000125299
27 59 3 100 10000 0.000125398
69 62 3 100 20000 0.000125471
12 61 3 100 5000 0.000125559
77 4 3 100 50000 0.000125591
116 42 3 100 200000 0.000125596
148 40 3 100 2000000 0.000125610
65 113 3 100 10000 0.000125652
77 55 3 100 1000 0.000125763
153 8 3 100 10000 0.000125837
138 70 3 100 2000 0.000125849
1 56 3 100 5000000 0.000125871
159 54 3 100 200000 0.000125874
150 32 3 100 500000 0.000125913
5 148 3 100 200000 0.000125971
82 142 3 100 200000 0.000126023
123 44 3 100 20000 0.000126124
67 140 3 100 1000 0.000126150
127 140 3 100 10000 0.000126237
76 113 3 100 500000 0.000126287
77 101 3 100 20000 0.000126536
12 73 3 100 5000 0.000126558
13 151 3 100 50000 0.000126561
70 76 3 100 1000000 0.000126602
146 29 3 100 1000 0.000126604
104 45 3 100 100000 0.000126702
150 140 3 100 1000000 0.000126712
150 143 3 100 500000 0.000126722
5 80 3 100 1000 0.000126750
98 103 3 100 1000 0.000126873
13 109 3 100 1000 0.000126901
153 37 3 100 50000 0.000126930
89 123 3 100 200000 0.000127177
27 152 3 100 1000 0.000127376
76 25 3 100 1000 0.000127411
34 154 3 100 500000 0.000127508
113 118 3 100 20000 0.000127609
66 27 3 100 1000 0.000127614
75 33 3 100 500000 0.000127670
66 101 3 100 10000 0.000127698
123 132 3 100 20000 0.000127714
1 126 3 100 1000 0.000127716
63 139 3 100 50000 0.000127759
107 49 3 100 5000 0.000127833
95 35 3 100 200000 0.000127941
62 90 3 100 5000 0.000127954
112 80 3 100 1000000 0.000128024
97 43 3 100 50000 0.000128048
134 13 3 100 10000 0.000128135
63 80 3 100 1000 0.000128174
2 0 3 100 50000 0.000128185
1 28 3 100 2000 0.000128314
138 33 3 100 2000 0.000128429
134 138 3 100 50000 0.000128656
142 94 3 100 500000 0.000128683
130 34 3 100 5000 0.000128711
113 93 3 100 20000 0.000128785
10 43 3 100 100000 0.000128809
96 143 3 100 200000 0.000128968
76 98 3 100 10000 0.000129040
104 32 3 100 1000 0.000129066
50 74 3 100 1000 0.000129140
24 10 3 100 10000 0.000129157
136 36 3 100 100000 0.000129183
130 112 3 100 50000 0.000129210
31 146 3 100 20000 0.000129248
155 144 3 100 500000 0.000129284
65 33 3 100 1000 0.000129548
82 118 3 100 1000 0.000129586
110 149 3 100 1000 0.000129975
98 33 3 100 5000 0.000130021
97 22 3 100 1000 0.000130185
107 19 3 100 2000 0.000130253
98 129 3 100 2000 0.000130296
112 80 3 100 5000 0.000130313
1 108 3 100 50000 0.000130475
103 74 3 100 50000 0.000130556
149 148 3 100 1000000 0.000130767
116 152 3 100 50000 0.000130796
63 36 3 100 200000 0.000131051
152 148 3 100 10000 0.000131263
7 149 3 100 50000 0.000131349
96 85 3 100 100000 0.000131474
80 2 3 100 1000000 0.000131560
80 96 3 100 500000 0.000131579
148 87 3 100 5000 0.000131611
115 58 3 100 20000 0.000131613
12 138 3 100 1000 0.000131630
156 125 3 100 20000 0.000131660
128 31 3 100 2000000 0.000131763
26 125 3 100 100000 0.000131768
144 80 3 100 50000 0.000131810
155 28 3 100 100000 0.000131816
152 87 3 100 50000 0.000131934
33 10 3 100 20000 0.000131985
99 126 3 100 1000 0.000132009
144 147 3 100 100000 0.000132044
152 116 3 100 20000 0.000132069
75 70 3 100 1000 0.000132123
150 72 3 100 500000 0.000132238
49 15 3 100 200000 0.000132298
111 21 3 100 10000 0.000132434
114 70 3 100 500000 0.000132457
34 149 3 100 100000 0.000132534
107 131 3 100 1000 0.000132619
127 143 3 100 20000 0.000132812
141 38 3 100 2000 0.000132889
10 158 3 100 10000 0.000132945
154 110 3 100 100000 0.000132998
151 108 3 100 100000 0.000133069
41 81 3 100 100000 0.000133088
107 71 3 100 50000 0.000133133
99 130 3 100 1000 0.000133179
79 13 3 100 2000 0.000133198
112 111 3 100 5000 0.000133416
18 69 3 100 20000 0.000133428
133 70 3 100 1000000 0.000133553
134 56 3 100 2000 0.000133561
64 7 3 100 100000 0.000133564
12 98 3 100 100000 0.000133656
16 70 3 100 200000 0.000133666
28 25 3 100 200000 0.000133683
54 129 3 100 5000 0.000133863
116 98 3 100 1000 0.000134032
17 77 3 100 1000 0.000134033
68 152 3 100 100000 0.000134114
87 127 3 100 1000 0.000134165
89 42 3 100 100000 0.000134172
62 95 3 100 1000000 0.000134220
116 133 3 100 500000 0.000134239
32 148 3 100 20000 0.000134255
29 157 3 100 100000 0.000134266
81 27 3 100 2000 0.000134290
6 135 3 100 1000 0.000134400
158 11 3 100 5000 0.000134572
13 12 3 100 5000 0.000134576
96 57 3 100 200000 0.000134589
118 13 3 100 2000 0.000134596
141 13 3 100 20000 0.000134825
107 149 3 100 500000 0.000134860
4 25 3 100 1000 0.000134909
107 119 3 100 200000 0.000134930
120 137 3 100 500000 0.000134978
94 2 3 100 20000 0.000135048
117 147 3 100 1000 0.000135138
43 14 3 100 500000 0.000135174
28 141 3 100 200000 0.000135189
68 63 3 100 100000 0.000135214
137 7 3 100 1000000 0.000135274
105 33 3 100 2000000 0.000135325
20 130 3 100 200000 0.000135350
69 84 3 100 50000 0.000135419
45 157 3 100 20000 0.000135424
155 119 3 100 100000 0.000135436
59 101 3 100 1000000 0.000135506
48 76 3 100 20000 0.000135507
150 151 3 100 10000 0.000135562
48 84 3 100 100000 0.000135715
38 85 3 100 1000 0.000135736
93 95 3 100 500000 0.000135759
102 22 3 100 500000 0.000135846
98 9 3 100 10000 0.000135955
76 35 3 100 5000 0.000135993
114 139 3 100 50000 0.000136244
103 27 3 100 1000 0.000136358
24 148 3 100 10000 0.000136360
127 99 3 100 500000 0.000136376
53 79 3 100 100000 0.000136406
155 116 3 100 1000000 0.000136412
83 62 3 100 100000 0.000136432
1 152 3 100 5000000 0.000136494
2 28 3 100 1000000 0.000136495
81 119 3 100 10000 0.000136516
65 142 3 100 50000 0.000136536
115 29 3 100 20000 0.000136580
9 137 3 100 100000 0.000136672
3 15 3 100 5000 0.000136749
94 44 3 100 100000 0.000136807
94 64 3 100 100000 0.000136912
117 122 3 100 200000 0.000136919
30 20 3 100 5000 0.000136978
107 39 3 100 1000000 0.000137015
159 85 3 100 1000 0.000137017
97 109 3 100 20000 0.000137232
17 142 3 100 200000 0.000137568
5 128 3 100 1000000 0.000137624
70 34 3 100 10000 0.000137656
75 21 3 100 10000 0.000137662
156 17 3 100 50000 0.000138072
24 75 3 100 10000 0.000138106
81 91 3 100 1000000 0.000138110
156 123 3 100 1000 0.000138113
28 115 3 100 500000 0.000138189
7 10 3 100 10000 0.000138310
44 67 3 100 100000 0.000138345
47 100 3 100 10000 0.000138476
21 97 3 100 10000 0.000138537
147 36 3 100 500000 0.000138561
103 35 3 100 500000 0.000138581
61 15 3 100 20000 0.000138595
146 131 3 100 1000 0.000138691
15 22 3 100 5000 0.000138695
78 66 3 100 2000 0.000138776
77 128 3 100 200000 0.000138810
73 24 3 100 1000 0.000138836
130 125 3 100 2000 0.000138907
112 84 3 100 500000 0.000138937
88 41 3 100 20000 0.000138985
8 27 3 100 10000 0.000139127
96 84 3 100 10000 0.000139135
129 140 3 100 20000 0.000139336
52 139 3 100 20000 0.000139396
91 32 3 100 1000 0.000139410
141 114 3 100 5000 0.000139415
36 154 3 100 1000 0.000139445
127 20 3 100 20000 0.000139464
13 116 3 100 10000 0.000139490
8 120 3 100 5000 0.000139616
66 84 3 100 20000 0.000139695
0 96 3 100 1000 0.000139898
90 24 3 100 1000 0.000139908
152 84 3 100 20000 0.000139919
100 95 3 100 500000 0.000140234
150 97 3 100 20000 0.000140307
132 142 3 100 200000 0.000140365
155 109 3 100 100000 0.000140421
91 111 3 100 5000 0.000140422
37 85 3 100 200000 0.000140456
78 68 3 100 200000 0.000140458
151 108 3 100 50000 0.000140577
68 156 3 100 1000 0.000140648
58 23 3 100 50000 0.000140789
159 106 3 100 2000 0.000140983
81 78 3 100 20000 0.000140994
22 111 3 100 2000000 0.000140995
70 29 3 100 2000 0.000141034
38 86 3 100 500000 0.000141119
95 75 3 100 5000 0.000141144
89 13 3 100 1000 0.000141230
71 112 3 100 50000 0.000141247
49 143 3 100 10000 0.000141360
140 118 3 100 500000 0.000141397
130 89 3 100 10000 0.000141467
126 134 3 100 200000 0.000141831
62 57 3 100 5000 0.000141833
18 20 3 100 50000 0.000141865
141 33 3 100 1000000 0.000141885
74 23 3 100 200000 0.000141886
31 74 3 100 1000 0.000141914
141 64 3 100 1000 0.000141928
20 123 3 100 2000000 0.000142004
78 7 3 100 10000 0.000142015
114 96 3 100 10000 0.000142102
31 83 3 100 2000 0.000142175
123 3 3 100 100000 0.000142196
67 53 3 100 20000 0.000142249
113 157 3 100 100000 0.000142252
37 73 3 100 1000000 0.000142290
104 155 3 100 500000 0.000142345
46 120 3 100 5000 0.000142362
133 146 3 100 1000000 0.000142425
46 27 3 100 20000 0.000142463
23 150 3 100 5000 0.000142531
100 102 3 100 20000 0.000142737
136 96 3 100 50000 0.000142857
127 156 3 100 500000 0.000142858
126 67 3 100 100000 0.000142908
116 107 3 100 500000 0.000142937
129 76 3 100 2000 0.000142956
36 123 3 100 500000 0.000143010
65 6 3 100 1000 0.000143033
102 30 3 100 2000000 0.000143189
149 0 3 100 200000 0.000143295
60 148 3 100 200000 0.000143396
54 42 3 100 10000 0.000143397
38 118 3 100 2000000 0.000143504
84 135 3 100 10000 0.000143566
92 88 3 100 500000 0.000143794
11 135 3 100 2000000 0.000143809
126 99 3 100 10000 0.000144000
135 113 3 100 100000 0.000144078
89 48 3 100 20000 0.000144081
25 93 3 100 1000 0.000144090
0 158 3 100 500000 0.000144198
43 77 3 100 2000 0.000144221
29 155 3 100 1000000 0.000144349
133 9 3 100 20000 0.000144508
115 53 3 100 50000 0.000144655
93 40 3 100 1000 0.000144733
24 51 3 100 1000 0.000144761
28 116 3 100 10000 0.000144808
83 140 3 100 20000 0.000144994
90 138 3 100 20000 0.000145129
59 72 3 100 10000 0.000145459
20 141 3 100 1000 0.000145466
120 113 3 100 1000000 0.000145579
77 102 3 100 1000 0.000145637
1 141 3 100 500000 0.000145828
1 29 3 100 100000 0.000145971
154 69 3 100 10000 0.000146081
15 118 3 100 50000 0.000146122
83 98 3 100 1000 0.000146132
138 156 3 100 100000 0.000146241
148 110 3 100 200000 0.000146288
63 101 3 100 1000000 0.000146507
67 17 3 100 500000 0.000146517
133 67 3 100 10000 0.000146612
14 62 3 100 1000 0.000146624
112 91 3 100 200000 0.000146638
66 152 3 100 1000 0.000146675
159 42 3 100 20000 0.000146708
19 103 3 100 500000 0.000146989
5 14 3 100 1000000 0.000147011
132 27 3 100 200000 0.000147013
131 20 3 100 20000 0.000147197
128 98 3 100 200000 0.000147305
150 54 3 100 100000 0.000147387
134 100 3 100 2000000 0.000147437
139 109 3 100 20000 0.000147516
126 72 3 100 20000 0.000147522
158 3 3 100 2000 0.000147539
92 124 3 100 50000 0.000147595
156 91 3 100 10000 0.000147610
80 26 3 100 5000 0.000147677
60 50 3 100 10000 0.000147731
95 99 3 100 200000 0.000147864
145 134 3 100 10000 0.000147962
151 90 3 100 5000 0.000147987
139 97 3 100 200000 0.000148045
5 47 3 100 1000 0.000148045
20 153 3 100 20000 0.000148087
123 25 3 100 10000 0.000148109
158 78 3 100 500000 0.000148174
51 121 3 100 20000 0.000148247
107 157 3 100 500000 0.000148273
153 126 3 100 200000 0.000148300
105 45 3 100 20000 0.000148338
146 140 3 100 10000 0.000148382
41 140 3 100 50000 0.000148409
98 136 3 100 100000 0.000148627
76 63 3 100 50000 0.000148813
140 128 3 100 1000 0.000148844
12 16 3 100 20000 0.000148844
83 134 3 100 5000 0.000148889
5 60 3 100 20000 0.000148918
78 134 3 100 1000 0.000148967
53 75 3 100 10000 0.000149023
43 57 3 100 10000 0.000149049
99 65 3 100 100000 0.000149114
17 158 3 100 5000 0.000149121
82 31 3 100 1000 0.000149153
126 134 3 100 500000 0.000149197
130 153 3 100 1000000 0.000149297
121 68 3 100 2000 0.000149350
158 156 3 100 2000 0.000149442
74 91 3 100 500000 0.000149487
111 88 3 100 5000 0.000149530
126 91 3 100 500000 0.000149556
39 98 3 100 10000 0.000149584
0 49 3 100 200000 0.000149761
154 25 3 100 5000 0.000149932
142 109 3 100 500000 0.000149952
96 118 3 100 500000 0.000150051
37 35 3 100 200000 0.000150216
146 72 3 100 50000 0.000150274
100 98 3 100 100000 0.000150294
25 67 3 100 50000 0.000150309
0 58 3 100 200000 0.000150342
