940
154 11 3 100 512000 0.000004726
112 52 3 100 2048 0.000006028
61 122 3 100 20000000 0.000012096
81 51 3 100 2048 0.000014404
115 96 3 100 2097152 0.000020225
124 111 3 100 51200 0.000021096
9 17 3 100 20000000 0.000023193
88 101 3 100 20000000 0.000025995
120 12 3 100 10485760 0.000029523
59 54 3 100 2097152 0.000036752
144 131 3 100 5242880 0.000037351
63 24 3 100 5242880 0.000037408
123 135 3 100 20000000 0.000038307
134 115 3 100 102400 0.000039264
11 138 3 100 10485760 0.000039385
1 97 3 100 5120 0.000041212
140 63 3 100 51200 0.000041300
62 141 3 100 5242880 0.000046444
116 122 3 100 20000000 0.000047698
124 154 3 100 10485760 0.000051317
148 36 3 100 2048 0.000054615
75 25 3 100 512000 0.000064350
146 116 3 100 1024 0.000065727
84 7 3 100 10240 0.000066638
12 0 3 100 20000000 0.000068760
127 68 3 100 102400 0.000070992
67 97 3 100 1048576 0.000073853
83 75 3 100 102400 0.000076067
114 137 3 100 512000 0.000077667
135 110 3 100 204800 0.000078843
149 100 3 100 51200 0.000079906
25 98 3 100 512000 0.000082643
107 137 3 100 10240 0.000086325
145 68 3 100 102400 0.000090998
122 20 3 100 2097152 0.000097851
81 10 3 100 102400 0.000099444
149 61 3 100 512000 0.000101355
113 147 3 100 102400 0.000101974
47 98 3 100 51200 0.000104299
32 77 3 100 20000000 0.000106335
83 75 3 100 102400 0.000107967
18 26 3 100 102400 0.000109722
31 94 3 100 10240 0.000113157
48 159 3 100 5242880 0.000117696
21 27 3 100 1048576 0.000117926
36 64 3 100 51200 0.000120773
147 92 3 100 51200 0.000122403
17 0 3 100 102400 0.000123807
58 94 3 100 20480 0.000125427
123 145 3 100 512000 0.000138094
62 115 3 100 20000000 0.000138982
74 100 3 100 5120 0.000141961
156 22 3 100 1048576 0.000142220
156 51 3 100 51200 0.000145278
149 127 3 100 2097152 0.000147078
71 80 3 100 10240 0.000149221
128 71 3 100 10485760 0.000150736
96 156 3 100 102400 0.000151917
123 19 3 100 5242880 0.000156319
89 141 3 100 2097152 0.000161447
70 37 3 100 51200 0.000165307
73 72 3 100 204800 0.000172921
3 94 3 100 102400 0.000173483
67 143 3 100 10485760 0.000173810
149 3 3 100 20000000 0.000175233
134 29 3 100 1024 0.000175741
71 113 3 100 2097152 0.000176256
66 83 3 100 10485760 0.000176637
17 67 3 100 10240 0.000177398
30 107 3 100 51200 0.000182183
12 116 3 100 51200 0.000186549
57 94 3 100 2097152 0.000188089
154 38 3 100 10240 0.000189288
25 1 3 100 20000000 0.000189551
53 2 3 100 1048576 0.000192592
143 15 3 100 20000000 0.000202714
76 41 3 100 10485760 0.000207331
14 149 3 100 1048576 0.000207702
41 139 3 100 20480 0.000211614
4 149 3 100 204800 0.000213812
40 145 3 100 2097152 0.000214077
30 4 3 100 5242880 0.000214847
63 33 3 100 1048576 0.000215622
125 149 3 100 2097152 0.000216102
49 25 3 100 10485760 0.000217533
145 140 3 100 1048576 0.000218475
61 27 3 100 512000 0.000224466
86 22 3 100 10485760 0.000225130
27 40 3 100 5242880 0.000225684
70 50 3 100 10240 0.000225831
141 89 3 100 20000000 0.000228327
120 59 3 100 2048 0.000232754
30 89 3 100 20480 0.000235293
69 92 3 100 5120 0.000235595
20 78 3 100 10485760 0.000235741
111 139 3 100 204800 0.000237659
89 33 3 100 204800 0.000238218
107 133 3 100 512000 0.000238328
28 15 3 100 20480 0.000239743
81 101 3 100 20000000 0.000241319
38 112 3 100 102400 0.000242237
130 102 3 100 1048576 0.000249390
125 158 3 100 51200 0.000250346
55 75 3 100 5242880 0.000251313
133 75 3 100 204800 0.000251995
30 10 3 100 5242880 0.000262464
141 30 3 100 10485760 0.000263111
79 137 3 100 1024 0.000264813
13 135 3 100 10240 0.000267129
94 61 3 100 20480 0.000269129
6 27 3 100 20000000 0.000270862
41 68 3 100 10485760 0.000273280
21 80 3 100 204800 0.000280058
22 137 3 100 5242880 0.000280484
123 139 3 100 1048576 0.000282082
37 72 3 100 20000000 0.000284258
70 19 3 100 10240 0.000289244
8 32 3 100 5120 0.000290802
123 80 3 100 1024 0.000294870
120 55 3 100 512000 0.000295338
99 101 3 100 10485760 0.000299476
103 126 3 100 20000000 0.000299567
147 42 3 100 2048 0.000300129
41 42 3 100 10485760 0.000301599
44 73 3 100 204800 0.000304554
4 35 3 100 512000 0.000308449
138 125 3 100 51200 0.000309412
98 122 3 100 1048576 0.000314577
15 25 3 100 2048 0.000316415
85 135 3 100 102400 0.000326095
64 109 3 100 20000000 0.000326255
153 19 3 100 512000 0.000328552
127 16 3 100 10240 0.000330715
97 43 3 100 1048576 0.000334807
134 27 3 100 2097152 0.000336352
100 62 3 100 2048 0.000337855
132 128 3 100 10240 0.000339486
128 29 3 100 20000000 0.000341516
96 157 3 100 5242880 0.000342709
62 116 3 100 204800 0.000343140
131 21 3 100 5120 0.000344376
4 12 3 100 20000000 0.000344880
126 83 3 100 20000000 0.000347309
136 156 3 100 204800 0.000347353
58 60 3 100 20000000 0.000350272
112 114 3 100 1048576 0.000350521
126 105 3 100 204800 0.000352055
14 66 3 100 20480 0.000353080
103 129 3 100 512000 0.000354648
91 144 3 100 2048 0.000355179
125 18 3 100 5120 0.000358502
75 134 3 100 1024 0.000360975
23 77 3 100 204800 0.000365358
151 71 3 100 5120 0.000365887
141 150 3 100 5242880 0.000366477
148 156 3 100 2097152 0.000371291
115 18 3 100 20480 0.000373264
80 148 3 100 5242880 0.000378240
2 92 3 100 1048576 0.000378633
123 36 3 100 5242880 0.000383598
59 5 3 100 2048 0.000384271
126 143 3 100 20000000 0.000385884
138 115 3 100 2097152 0.000388590
0 6 3 100 5242880 0.000389901
58 94 3 100 1048576 0.000390270
92 77 3 100 512000 0.000392539
136 90 3 100 20000000 0.000393718
109 107 3 100 204800 0.000396804
54 79 3 100 10485760 0.000397301
151 52 3 100 20000000 0.000397352
17 109 3 100 1048576 0.000400278
134 62 3 100 512000 0.000404982
16 2 3 100 2097152 0.000405644
6 129 3 100 2097152 0.000406346
15 67 3 100 10240 0.000408045
4 40 3 100 10485760 0.000408280
55 29 3 100 512000 0.000409393
54 93 3 100 5242880 0.000410272
111 58 3 100 51200 0.000419934
125 39 3 100 5242880 0.000422525
18 104 3 100 20000000 0.000423427
84 112 3 100 1024 0.000424180
128 139 3 100 10240 0.000426713
121 45 3 100 5120 0.000428467
94 12 3 100 51200 0.000435494
103 28 3 100 102400 0.000436521
55 57 3 100 20000000 0.000439317
118 65 3 100 10485760 0.000441363
17 38 3 100 1048576 0.000445627
54 75 3 100 102400 0.000446376
28 149 3 100 20000000 0.000448051
113 82 3 100 51200 0.000450226
84 93 3 100 102400 0.000450784
65 7 3 100 20480 0.000451969
131 90 3 100 10240 0.000453437
127 76 3 100 512000 0.000454142
28 147 3 100 204800 0.000455590
32 30 3 100 10485760 0.000456965
28 90 3 100 51200 0.000457851
98 44 3 100 512000 0.000458494
83 109 3 100 10240 0.000460717
35 70 3 100 1048576 0.000461709
151 83 3 100 204800 0.000461898
152 41 3 100 512000 0.000462114
142 74 3 100 1048576 0.000465398
121 38 3 100 51200 0.000467177
6 41 3 100 1048576 0.000469745
85 71 3 100 51200 0.000470365
31 29 3 100 10485760 0.000470383
27 66 3 100 5242880 0.000471741
120 158 3 100 2097152 0.000473890
96 86 3 100 512000 0.000478624
129 96 3 100 2048 0.000480121
127 64 3 100 20000000 0.000484737
93 48 3 100 10485760 0.000488113
144 94 3 100 512000 0.000490860
108 101 3 100 51200 0.000491074
108 55 3 100 1048576 0.000492228
66 21 3 100 20000000 0.000497097
0 35 3 100 5242880 0.000497268
116 52 3 100 204800 0.000502364
33 69 3 100 2097152 0.000505881
42 154 3 100 51200 0.000506943
24 21 3 100 51200 0.000509004
108 88 3 100 5242880 0.000509943
88 134 3 100 204800 0.000511025
72 10 3 100 512000 0.000513313
155 107 3 100 20480 0.000515876
85 47 3 100 512000 0.000516392
117 4 3 100 51200 0.000516742
75 158 3 100 10240 0.000517929
48 84 3 100 20000000 0.000518794
80 11 3 100 102400 0.000532755
8 140 3 100 10240 0.000537302
145 124 3 100 10485760 0.000537654
31 79 3 100 5120 0.000538744
59 32 3 100 10485760 0.000539354
81 64 3 100 1024 0.000540660
79 61 3 100 5242880 0.000541696
42 147 3 100 1048576 0.000543550
31 79 3 100 1048576 0.000548687
150 18 3 100 1024 0.000549857
42 68 3 100 1048576 0.000551563
63 143 3 100 1048576 0.000553139
66 158 3 100 2048 0.000561735
139 126 3 100 1048576 0.000566016
125 27 3 100 5120 0.000568076
15 17 3 100 20000000 0.000572122
40 25 3 100 20000000 0.000573629
150 67 3 100 20480 0.000576583
111 70 3 100 20480 0.000582342
135 50 3 100 512000 0.000589919
148 54 3 100 2097152 0.000592985
66 113 3 100 2097152 0.000594264
3 18 3 100 2097152 0.000597453
50 43 3 100 10240 0.000601145
153 14 3 100 512000 0.000601828
116 82 3 100 10485760 0.000606926
36 80 3 100 5120 0.000609100
139 29 3 100 51200 0.000611941
60 28 3 100 2097152 0.000612350
74 21 3 100 102400 0.000613584
10 27 3 100 51200 0.000616314
4 16 3 100 204800 0.000617919
60 3 3 100 102400 0.000622334
152 132 3 100 10485760 0.000624840
155 81 3 100 51200 0.000624954
59 141 3 100 20480 0.000627142
53 12 3 100 20000000 0.000635112
19 105 3 100 1024 0.000636342
12 142 3 100 2097152 0.000642429
28 107 3 100 1048576 0.000646779
41 145 3 100 20000000 0.000647129
54 51 3 100 10240 0.000651637
159 19 3 100 1048576 0.000655374
148 105 3 100 2097152 0.000655723
155 95 3 100 5120 0.000655948
40 54 3 100 51200 0.000662661
95 159 3 100 5242880 0.000666901
106 63 3 100 5242880 0.000667541
3 62 3 100 10240 0.000669199
79 0 3 100 2097152 0.000673292
107 149 3 100 512000 0.000674210
47 11 3 100 102400 0.000675384
147 59 3 100 204800 0.000675650
34 22 3 100 51200 0.000678948
77 23 3 100 20000000 0.000679661
159 33 3 100 51200 0.000679954
49 25 3 100 512000 0.000682721
83 114 3 100 2048 0.000685020
80 44 3 100 10485760 0.000690738
40 61 3 100 10240 0.000695026
10 114 3 100 10240 0.000696957
118 125 3 100 512000 0.000697705
78 85 3 100 10485760 0.000698510
75 41 3 100 20480 0.000698633
85 143 3 100 5120 0.000703446
57 138 3 100 204800 0.000707629
134 84 3 100 1048576 0.000711824
147 24 3 100 1024 0.000712203
88 147 3 100 2048 0.000712337
16 26 3 100 20000000 0.000714789
95 24 3 100 204800 0.000715247
59 84 3 100 10485760 0.000720133
40 0 3 100 204800 0.000724852
87 44 3 100 10485760 0.000728628
156 159 3 100 51200 0.000731940
35 48 3 100 5120 0.000739580
73 153 3 100 2048 0.000742172
43 84 3 100 204800 0.000745374
144 148 3 100 1024 0.000746771
15 40 3 100 204800 0.000748441
98 139 3 100 102400 0.000749640
96 125 3 100 5242880 0.000751067
93 131 3 100 512000 0.000751733
5 2 3 100 5242880 0.000753648
78 73 3 100 20000000 0.000755094
68 147 3 100 204800 0.000757318
1 154 3 100 51200 0.000760022
136 76 3 100 20000000 0.000760917
44 31 3 100 1024 0.000762529
45 70 3 100 10485760 0.000762669
46 114 3 100 1048576 0.000766153
16 29 3 100 20000000 0.000769910
9 18 3 100 512000 0.000773712
10 118 3 100 51200 0.000774441
77 115 3 100 20000000 0.000775631
32 10 3 100 102400 0.000775959
1 117 3 100 1048576 0.000777002
79 106 3 100 20480 0.000778475
94 120 3 100 51200 0.000783367
71 151 3 100 2048 0.000784485
94 27 3 100 204800 0.000786506
102 74 3 100 20000000 0.000786635
116 136 3 100 2097152 0.000790056
102 145 3 100 2097152 0.000790194
110 34 3 100 2097152 0.000793469
74 84 3 100 10485760 0.000794263
159 80 3 100 20000000 0.000795558
5 137 3 100 5242880 0.000800151
67 18 3 100 204800 0.000801028
114 76 3 100 20000000 0.000801133
157 85 3 100 1024 0.000801614
135 1 3 100 5242880 0.000804480
101 122 3 100 2097152 0.000805371
7 78 3 100 51200 0.000806385
108 15 3 100 20000000 0.000807726
112 12 3 100 51200 0.000814929
131 144 3 100 20000000 0.000815985
97 37 3 100 10485760 0.000822995
8 155 3 100 204800 0.000824009
76 35 3 100 20000000 0.000824926
112 59 3 100 1048576 0.000832223
14 61 3 100 51200 0.000834486
108 120 3 100 1024 0.000835062
121 64 3 100 10485760 0.000836800
62 80 3 100 204800 0.000843062
122 8 3 100 5120 0.000844533
2 11 3 100 2097152 0.000844701
76 123 3 100 20000000 0.000845410
151 16 3 100 102400 0.000846396
66 113 3 100 204800 0.000848401
3 142 3 100 20480 0.000851584
70 126 3 100 512000 0.000855765
82 98 3 100 102400 0.000860157
123 101 3 100 20000000 0.000860345
114 118 3 100 20000000 0.000860722
90 20 3 100 51200 0.000861205
105 79 3 100 5242880 0.000861906
41 119 3 100 5242880 0.000868177
148 55 3 100 5120 0.000878980
96 4 3 100 102400 0.000887286
14 76 3 100 512000 0.000888103
135 16 3 100 1048576 0.000892546
12 48 3 100 51200 0.000897317
9 124 3 100 20480 0.000898470
36 47 3 100 20480 0.000902493
156 126 3 100 20000000 0.000907499
34 118 3 100 1048576 0.000908018
139 93 3 100 1048576 0.000911345
7 145 3 100 20000000 0.000911722
8 138 3 100 5242880 0.000914981
65 79 3 100 20000000 0.000915621
148 31 3 100 1048576 0.000919449
47 97 3 100 204800 0.000920208
115 143 3 100 20480 0.000921466
153 94 3 100 10240 0.000921664
24 158 3 100 102400 0.000925718
46 141 3 100 10485760 0.000927955
0 139 3 100 5120 0.000928875
97 146 3 100 20000000 0.000929000
116 92 3 100 512000 0.000931015
55 101 3 100 20000000 0.000931686
81 73 3 100 102400 0.000938567
103 65 3 100 5242880 0.000938579
82 127 3 100 102400 0.000939203
66 131 3 100 5120 0.000941206
25 27 3 100 10485760 0.000942269
103 86 3 100 10485760 0.000944001
7 124 3 100 10485760 0.000945950
69 62 3 100 204800 0.000946934
54 93 3 100 1048576 0.000947960
18 60 3 100 20000000 0.000952516
9 146 3 100 1048576 0.000952717
68 106 3 100 51200 0.000955400
121 101 3 100 2048 0.000955694
110 45 3 100 20000000 0.000956819
147 33 3 100 1048576 0.000959815
50 97 3 100 2097152 0.000960561
4 119 3 100 1048576 0.000964246
37 75 3 100 20480 0.000967514
127 126 3 100 1048576 0.000972536
97 4 3 100 512000 0.000973498
143 32 3 100 5242880 0.000973970
63 105 3 100 102400 0.000976922
128 6 3 100 20000000 0.000984534
159 83 3 100 102400 0.000986349
32 94 3 100 2048 0.000989733
123 144 3 100 51200 0.000996283
78 35 3 100 5242880 0.000999540
87 31 3 100 20000000 0.001000325
3 14 3 100 20480 0.001001412
43 102 3 100 10485760 0.001006869
115 85 3 100 102400 0.001011030
106 20 3 100 1048576 0.001013799
3 80 3 100 204800 0.001013883
92 103 3 100 51200 0.001016786
20 57 3 100 1024 0.001019491
122 141 3 100 512000 0.001026801
143 37 3 100 5242880 0.001028385
108 34 3 100 10485760 0.001036008
25 132 3 100 512000 0.001036672
3 145 3 100 20000000 0.001040059
37 3 3 100 5242880 0.001043108
92 15 3 100 10240 0.001045749
6 135 3 100 20000000 0.001046116
15 77 3 100 2097152 0.001047939
23 77 3 100 51200 0.001051127
71 79 3 100 512000 0.001055079
127 27 3 100 10240 0.001055708
127 101 3 100 102400 0.001058303
9 121 3 100 10485760 0.001059127
50 149 3 100 10240 0.001065877
151 61 3 100 2048 0.001066309
71 94 3 100 10485760 0.001069731
56 27 3 100 2097152 0.001077242
65 46 3 100 20000000 0.001080883
155 13 3 100 10240 0.001083587
37 11 3 100 20000000 0.001094840
71 23 3 100 2097152 0.001100247
151 111 3 100 5120 0.001100771
20 84 3 100 51200 0.001101515
136 34 3 100 102400 0.001101872
42 44 3 100 512000 0.001102038
148 109 3 100 102400 0.001104664
159 19 3 100 20000000 0.001107668
46 82 3 100 20000000 0.001108960
152 42 3 100 204800 0.001112456
91 20 3 100 2048 0.001117158
141 156 3 100 2097152 0.001120864
73 85 3 100 2048 0.001123125
20 71 3 100 102400 0.001129016
80 122 3 100 2097152 0.001131902
17 149 3 100 1048576 0.001133401
49 7 3 100 2048 0.001135351
0 7 3 100 5120 0.001138356
39 21 3 100 20000000 0.001138441
9 24 3 100 2097152 0.001139865
69 20 3 100 204800 0.001142475
44 61 3 100 5242880 0.001142588
61 18 3 100 20000000 0.001143594
26 113 3 100 2097152 0.001145371
19 85 3 100 10485760 0.001146220
110 32 3 100 5242880 0.001147677
72 48 3 100 102400 0.001147729
75 159 3 100 10485760 0.001149823
28 154 3 100 20000000 0.001153866
68 83 3 100 10240 0.001153874
76 26 3 100 5242880 0.001154502
138 2 3 100 512000 0.001155485
66 72 3 100 2097152 0.001156008
53 73 3 100 10485760 0.001157688
73 98 3 100 51200 0.001161071
89 14 3 100 10485760 0.001161651
148 70 3 100 2097152 0.001162238
159 149 3 100 5120 0.001163593
40 120 3 100 51200 0.001171742
27 70 3 100 10485760 0.001171887
70 148 3 100 512000 0.001172830
114 106 3 100 1048576 0.001176606
104 77 3 100 1048576 0.001177228
97 105 3 100 5242880 0.001180908
3 127 3 100 204800 0.001184492
39 106 3 100 2097152 0.001186631
141 35 3 100 10485760 0.001190239
116 25 3 100 10485760 0.001193883
79 134 3 100 20000000 0.001200180
118 90 3 100 10240 0.001202121
136 29 3 100 20480 0.001206054
159 115 3 100 512000 0.001206276
157 78 3 100 5120 0.001210952
149 33 3 100 204800 0.001213744
60 150 3 100 102400 0.001216021
74 134 3 100 5120 0.001218165
75 112 3 100 2048 0.001218996
128 53 3 100 204800 0.001221210
57 39 3 100 20000000 0.001225876
35 125 3 100 1048576 0.001226252
79 134 3 100 1048576 0.001226966
114 62 3 100 51200 0.001231639
130 107 3 100 1048576 0.001231885
124 101 3 100 20000000 0.001235456
100 57 3 100 2097152 0.001238327
138 98 3 100 20000000 0.001238457
0 154 3 100 1024 0.001239582
147 113 3 100 1024 0.001239920
78 157 3 100 1024 0.001241571
110 0 3 100 5242880 0.001243968
109 114 3 100 20000000 0.001245160
90 141 3 100 51200 0.001246502
131 102 3 100 20000000 0.001248506
113 133 3 100 20480 0.001248924
105 75 3 100 102400 0.001251049
92 118 3 100 20480 0.001251087
53 90 3 100 20480 0.001257649
100 105 3 100 102400 0.001258936
62 95 3 100 20000000 0.001261205
103 49 3 100 10240 0.001264627
23 148 3 100 2097152 0.001265912
48 97 3 100 20000000 0.001268515
148 153 3 100 2097152 0.001271267
40 72 3 100 5242880 0.001272378
78 65 3 100 20480 0.001273120
85 114 3 100 20480 0.001273545
146 51 3 100 20000000 0.001277728
69 86 3 100 20480 0.001284460
44 3 3 100 1048576 0.001284836
16 39 3 100 51200 0.001288375
60 13 3 100 5120 0.001289202
61 37 3 100 2048 0.001292195
106 92 3 100 2048 0.001300910
50 65 3 100 512000 0.001302219
9 105 3 100 512000 0.001307060
43 116 3 100 5120 0.001312167
59 152 3 100 1024 0.001314204
98 67 3 100 2097152 0.001314720
144 23 3 100 5242880 0.001315465
96 106 3 100 1048576 0.001315488
67 111 3 100 1024 0.001318936
95 86 3 100 1048576 0.001320797
56 158 3 100 20000000 0.001320980
44 29 3 100 512000 0.001322235
0 139 3 100 204800 0.001324320
41 69 3 100 512000 0.001328036
34 86 3 100 1024 0.001329693
35 121 3 100 2097152 0.001331313
78 155 3 100 1048576 0.001335024
47 38 3 100 512000 0.001336735
53 64 3 100 2097152 0.001338256
101 73 3 100 102400 0.001344404
105 34 3 100 512000 0.001346435
17 10 3 100 102400 0.001348118
25 31 3 100 512000 0.001348231
19 63 3 100 51200 0.001349010
47 128 3 100 20000000 0.001351153
128 17 3 100 10485760 0.001352839
22 50 3 100 102400 0.001357542
5 87 3 100 5120 0.001359588
8 79 3 100 204800 0.001362483
11 60 3 100 10240 0.001367128
112 14 3 100 10240 0.001368875
44 39 3 100 512000 0.001369998
71 118 3 100 1048576 0.001370632
158 36 3 100 5242880 0.001374405
111 28 3 100 1024 0.001377810
78 73 3 100 51200 0.001380078
97 156 3 100 20000000 0.001382831
114 20 3 100 20000000 0.001384864
22 84 3 100 2097152 0.001385270
113 15 3 100 1048576 0.001385531
124 69 3 100 10485760 0.001386470
32 3 3 100 20000000 0.001388337
75 60 3 100 20000000 0.001392158
72 38 3 100 20000000 0.001394482
63 108 3 100 20000000 0.001395330
6 125 3 100 1024 0.001395345
145 12 3 100 2048 0.001396064
98 63 3 100 51200 0.001396335
65 102 3 100 2048 0.001400220
20 137 3 100 102400 0.001401219
131 110 3 100 5120 0.001402494
37 32 3 100 2097152 0.001402920
30 51 3 100 10485760 0.001404575
159 137 3 100 102400 0.001405702
28 69 3 100 204800 0.001409916
2 20 3 100 20000000 0.001411594
158 59 3 100 20000000 0.001411727
20 66 3 100 10240 0.001411917
122 43 3 100 5120 0.001413872
23 113 3 100 512000 0.001414591
61 149 3 100 1048576 0.001415124
36 70 3 100 5242880 0.001415343
28 86 3 100 2097152 0.001421174
154 9 3 100 1048576 0.001422932
43 29 3 100 20000000 0.001423353
127 84 3 100 512000 0.001428339
78 61 3 100 204800 0.001429743
76 31 3 100 51200 0.001431806
89 77 3 100 10240 0.001440690
131 56 3 100 512000 0.001442175
139 112 3 100 1048576 0.001451752
27 61 3 100 51200 0.001453471
31 96 3 100 204800 0.001460791
151 14 3 100 102400 0.001462942
83 90 3 100 2097152 0.001464969
33 123 3 100 512000 0.001469476
156 139 3 100 10485760 0.001479167
99 37 3 100 51200 0.001481508
27 73 3 100 51200 0.001484298
153 146 3 100 2097152 0.001488995
95 36 3 100 20480 0.001494746
60 29 3 100 5242880 0.001498049
45 87 3 100 20000000 0.001499223
133 29 3 100 10485760 0.001499234
157 60 3 100 204800 0.001499395
66 134 3 100 2097152 0.001499739
104 66 3 100 2097152 0.001502388
100 35 3 100 1024 0.001503345
40 59 3 100 20000000 0.001503703
42 71 3 100 20480 0.001504966
13 20 3 100 20000000 0.001505006
47 25 3 100 20000000 0.001505369
23 121 3 100 10485760 0.001506487
135 137 3 100 20480 0.001506777
138 126 3 100 204800 0.001507581
91 147 3 100 51200 0.001509213
29 136 3 100 1024 0.001509358
120 123 3 100 2097152 0.001512280
66 101 3 100 20000000 0.001517506
120 136 3 100 1048576 0.001518341
81 84 3 100 51200 0.001518782
120 135 3 100 5242880 0.001522898
38 64 3 100 20000000 0.001529111
98 76 3 100 10485760 0.001531849
13 17 3 100 2097152 0.001532138
86 81 3 100 2097152 0.001535578
153 130 3 100 1024 0.001535836
66 52 3 100 102400 0.001539041
82 68 3 100 10485760 0.001549240
144 91 3 100 20000000 0.001549895
107 114 3 100 10485760 0.001550112
0 71 3 100 10485760 0.001552283
150 101 3 100 512000 0.001554527
0 40 3 100 5242880 0.001554775
55 93 3 100 5120 0.001555736
93 127 3 100 1024 0.001559235
117 148 3 100 5242880 0.001560106
61 152 3 100 1048576 0.001565463
5 116 3 100 1024 0.001577657
24 60 3 100 2097152 0.001577838
105 155 3 100 204800 0.001578424
156 1 3 100 20000000 0.001586653
41 20 3 100 1048576 0.001588266
35 4 3 100 5120 0.001589304
89 57 3 100 102400 0.001589602
84 8 3 100 2097152 0.001591799
156 138 3 100 102400 0.001595903
91 146 3 100 204800 0.001599705
87 60 3 100 10485760 0.001600634
94 93 3 100 10485760 0.001604844
92 80 3 100 20000000 0.001607742
87 141 3 100 1048576 0.001610816
99 20 3 100 102400 0.001611145
124 58 3 100 102400 0.001615365
106 15 3 100 10485760 0.001618355
11 54 3 100 20000000 0.001621249
43 131 3 100 10485760 0.001621277
90 157 3 100 1048576 0.001621430
43 138 3 100 512000 0.001621717
72 87 3 100 20000000 0.001623359
148 6 3 100 20000000 0.001628829
142 131 3 100 20000000 0.001629247
66 35 3 100 10485760 0.001629739
26 129 3 100 204800 0.001630950
57 125 3 100 2097152 0.001632566
13 30 3 100 20000000 0.001634632
85 125 3 100 20480 0.001635303
56 156 3 100 20480 0.001636011
27 138 3 100 5120 0.001640724
152 68 3 100 5242880 0.001642002
74 130 3 100 102400 0.001642461
43 132 3 100 102400 0.001643018
16 87 3 100 20480 0.001643255
127 152 3 100 10240 0.001643613
48 124 3 100 20000000 0.001645259
73 154 3 100 20000000 0.001652772
72 44 3 100 1024 0.001657033
135 117 3 100 5120 0.001657569
136 130 3 100 204800 0.001657979
48 17 3 100 51200 0.001659233
56 118 3 100 20000000 0.001660972
125 113 3 100 102400 0.001662793
24 50 3 100 10240 0.001675089
51 76 3 100 2097152 0.001679622
83 14 3 100 2048 0.001683157
116 81 3 100 20000000 0.001683762
123 99 3 100 2097152 0.001684186
35 62 3 100 102400 0.001685057
118 125 3 100 20480 0.001689118
152 7 3 100 102400 0.001690021
85 18 3 100 512000 0.001691059
158 95 3 100 512000 0.001692083
24 121 3 100 2097152 0.001693174
117 50 3 100 102400 0.001693823
147 30 3 100 20000000 0.001694549
29 144 3 100 2097152 0.001700821
143 100 3 100 512000 0.001702287
27 98 3 100 5242880 0.001703218
62 121 3 100 2048 0.001704970
155 11 3 100 20000000 0.001707149
0 39 3 100 20480 0.001713744
131 148 3 100 5242880 0.001721766
50 119 3 100 20000000 0.001722344
47 134 3 100 20000000 0.001727203
113 44 3 100 2097152 0.001727886
64 159 3 100 2097152 0.001729397
47 36 3 100 204800 0.001733115
29 109 3 100 10240 0.001734336
155 119 3 100 20000000 0.001734447
101 22 3 100 2097152 0.001741227
49 75 3 100 102400 0.001743231
60 92 3 100 512000 0.001745251
55 67 3 100 1048576 0.001747550
75 114 3 100 51200 0.001752656
92 88 3 100 20000000 0.001754770
10 113 3 100 10485760 0.001755788
66 30 3 100 1024 0.001760353
138 113 3 100 512000 0.001766251
95 128 3 100 2048 0.001766728
80 16 3 100 5242880 0.001769713
45 0 3 100 51200 0.001770128
145 117 3 100 1024 0.001772173
119 15 3 100 1048576 0.001772819
30 61 3 100 5120 0.001775764
38 16 3 100 204800 0.001777398
94 102 3 100 2048 0.001778992
107 131 3 100 204800 0.001781018
95 85 3 100 10485760 0.001781899
125 33 3 100 5120 0.001782964
39 57 3 100 10485760 0.001784513
8 95 3 100 204800 0.001788209
60 128 3 100 20480 0.001789388
111 157 3 100 10485760 0.001790389
127 51 3 100 512000 0.001791400
77 106 3 100 2048 0.001794674
61 154 3 100 204800 0.001796567
102 85 3 100 51200 0.001798305
56 104 3 100 5120 0.001798503
138 7 3 100 10485760 0.001799234
22 31 3 100 5242880 0.001801454
9 25 3 100 2048 0.001806224
38 13 3 100 10240 0.001806818
73 149 3 100 2097152 0.001807771
92 94 3 100 512000 0.001808338
100 40 3 100 204800 0.001808861
74 46 3 100 20000000 0.001814602
120 73 3 100 1024 0.001816188
56 9 3 100 102400 0.001816241
79 129 3 100 1048576 0.001817023
131 95 3 100 204800 0.001817242
53 35 3 100 2097152 0.001826095
130 92 3 100 5242880 0.001829731
141 15 3 100 1048576 0.001832193
99 65 3 100 5242880 0.001834396
42 125 3 100 20000000 0.001841435
101 9 3 100 20000000 0.001842233
58 91 3 100 2048 0.001846417
126 146 3 100 1048576 0.001847776
92 61 3 100 512000 0.001851245
87 141 3 100 5120 0.001851621
44 130 3 100 5242880 0.001851959
75 120 3 100 20000000 0.001857136
116 105 3 100 2048 0.001860795
69 19 3 100 512000 0.001861680
127 101 3 100 20000000 0.001866154
21 29 3 100 204800 0.001866331
117 62 3 100 512000 0.001876445
52 75 3 100 1024 0.001880124
63 73 3 100 2097152 0.001883350
54 42 3 100 51200 0.001883460
90 43 3 100 1048576 0.001888345
51 64 3 100 512000 0.001890685
138 8 3 100 51200 0.001894463
14 18 3 100 1024 0.001899236
147 33 3 100 512000 0.001904290
152 134 3 100 2048 0.001904429
45 150 3 100 1048576 0.001905673
69 130 3 100 20480 0.001907957
149 107 3 100 102400 0.001911772
101 45 3 100 20000000 0.001915794
65 7 3 100 5120 0.001916543
96 6 3 100 1048576 0.001924516
99 137 3 100 51200 0.001926431
115 54 3 100 20000000 0.001927178
134 59 3 100 10485760 0.001927769
101 126 3 100 20480 0.001929943
150 128 3 100 10485760 0.001933089
37 26 3 100 20000000 0.001937101
22 79 3 100 2097152 0.001937963
75 146 3 100 20000000 0.001939581
31 19 3 100 1048576 0.001940615
19 27 3 100 204800 0.001940792
113 126 3 100 2048 0.001940874
104 15 3 100 2097152 0.001953482
19 120 3 100 20480 0.001955888
13 148 3 100 1048576 0.001956937
49 62 3 100 1048576 0.001958552
128 104 3 100 2097152 0.001959807
25 135 3 100 20000000 0.001966128
39 113 3 100 51200 0.001967467
159 115 3 100 102400 0.001968020
58 31 3 100 20000000 0.001969802
92 63 3 100 10240 0.001970217
29 12 3 100 51200 0.001971067
74 124 3 100 20480 0.001974430
55 67 3 100 1048576 0.001979404
151 44 3 100 5120 0.001980336
123 98 3 100 5242880 0.001981468
76 69 3 100 512000 0.001982293
91 127 3 100 20000000 0.001989145
92 98 3 100 20000000 0.001990066
127 125 3 100 20000000 0.001997846
98 125 3 100 102400 0.001998343
125 142 3 100 1048576 0.001998482
133 89 3 100 102400 0.001999917
147 22 3 100 5242880 0.002003670
136 147 3 100 204800 0.002004816
103 109 3 100 512000 0.002005761
79 120 3 100 2048 0.002006243
86 140 3 100 1048576 0.002008130
128 77 3 100 51200 0.002017092
35 121 3 100 1048576 0.002018063
84 94 3 100 204800 0.002026210
16 67 3 100 512000 0.002027695
51 98 3 100 20000000 0.002028178
143 68 3 100 2097152 0.002031538
28 42 3 100 20000000 0.002032821
78 117 3 100 2048 0.002033438
123 20 3 100 512000 0.002039096
148 77 3 100 20480 0.002039397
103 24 3 100 20480 0.002040442
105 120 3 100 5242880 0.002041103
96 148 3 100 1048576 0.002042475
147 80 3 100 102400 0.002044974
82 20 3 100 204800 0.002045601
32 27 3 100 204800 0.002048771
63 147 3 100 512000 0.002048979
44 123 3 100 20000000 0.002057211
34 46 3 100 512000 0.002057271
77 60 3 100 204800 0.002061155
59 37 3 100 20000000 0.002061390
95 38 3 100 2097152 0.002061916
142 24 3 100 10240 0.002063940
8 30 3 100 51200 0.002066831
5 67 3 100 20000000 0.002067093
83 93 3 100 512000 0.002071034
51 97 3 100 1048576 0.002071287
56 24 3 100 51200 0.002075588
135 125 3 100 1048576 0.002082149
136 137 3 100 5242880 0.002083362
42 104 3 100 102400 0.002084114
88 18 3 100 512000 0.002084249
159 30 3 100 5120 0.002085708
22 75 3 100 1048576 0.002088867
8 5 3 100 1048576 0.002092122
77 57 3 100 1024 0.002093694
94 92 3 100 1048576 0.002094379
40 150 3 100 2097152 0.002096301
107 143 3 100 512000 0.002098237
103 82 3 100 20000000 0.002098364
48 73 3 100 20000000 0.002100054
103 98 3 100 51200 0.002100983
113 97 3 100 10485760 0.002102263
114 23 3 100 1048576 0.002102770
63 123 3 100 20480 0.002113232
29 116 3 100 102400 0.002122635
141 152 3 100 1048576 0.002122647
64 6 3 100 2097152 0.002122782
94 129 3 100 512000 0.002123573
3 117 3 100 10240 0.002124707
72 112 3 100 1048576 0.002127067
122 84 3 100 1048576 0.002127295
81 111 3 100 20000000 0.002132707
33 151 3 100 51200 0.002137304
16 13 3 100 5120 0.002138228
47 39 3 100 2048 0.002139650
150 102 3 100 5120 0.002143665
109 96 3 100 5120 0.002152068
60 133 3 100 102400 0.002154340
50 40 3 100 2048 0.002155030
144 101 3 100 20480 0.002156903
63 142 3 100 102400 0.002157011
70 144 3 100 2097152 0.002158629
1 96 3 100 2048 0.002159238
98 70 3 100 51200 0.002162299
44 141 3 100 10240 0.002163991
22 97 3 100 2097152 0.002170281
97 15 3 100 5242880 0.002171047
27 16 3 100 204800 0.002171683
75 72 3 100 10485760 0.002176299
35 140 3 100 102400 0.002179069
121 117 3 100 1048576 0.002179403
147 97 3 100 10485760 0.002180901
2 97 3 100 51200 0.002181232
3 143 3 100 1048576 0.002182192
43 113 3 100 5242880 0.002182886
138 43 3 100 10485760 0.002189296
8 56 3 100 1024 0.002192081
104 40 3 100 204800 0.002192846
79 95 3 100 51200 0.002193230
21 65 3 100 2048 0.002194826
146 77 3 100 10240 0.002195615
92 40 3 100 10485760 0.002197052
125 6 3 100 5120 0.002198895
30 144 3 100 20000000 0.002198905
79 17 3 100 102400 0.002199490
65 96 3 100 204800 0.002205530
143 19 3 100 2097152 0.002211294
158 148 3 100 5120 0.002218772
90 43 3 100 2097152 0.002220522
32 117 3 100 5242880 0.002220666
12 148 3 100 5242880 0.002221538
17 10 3 100 20000000 0.002224369
34 66 3 100 102400 0.002224778
133 52 3 100 1048576 0.002232155
99 69 3 100 10240 0.002241994
44 153 3 100 512000 0.002244824
12 80 3 100 2048 0.002245579
113 106 3 100 204800 0.002248965
24 116 3 100 204800 0.002252431
