1933
20 138 3 100 20000 0.000000023
119 23 3 100 500000 0.000000105
152 127 3 100 500000 0.000000148
103 105 3 100 1000 0.000000355
41 39 3 100 100000 0.000000653
89 5 3 100 10000 0.000000674
137 43 3 100 1000 0.000000881
99 27 3 100 100000 0.000000975
59 96 3 100 100000 0.000001049
157 23 3 100 10000 0.000001126
20 132 3 100 10000 0.000001128
99 29 3 100 20000 0.000001370
131 39 3 100 20000 0.000001415
62 12 3 100 200000 0.000001531
51 113 3 100 100000 0.000001632
63 8 3 100 1000 0.000001667
118 153 3 100 500000 0.000001736
120 70 3 100 200000 0.000001801
82 77 3 100 500000 0.000001879
72 63 3 100 5000 0.000002142
37 132 3 100 500000 0.000002146
113 155 3 100 1000 0.000002285
55 52 3 100 200000 0.000002450
53 129 3 100 20000 0.000002857
114 40 3 100 2000 0.000002999
28 33 3 100 50000 0.000003099
92 152 3 100 5000 0.000003173
36 75 3 100 500000 0.000003338
76 101 3 100 100000 0.000003588
93 103 3 100 1000 0.000003747
86 60 3 100 50000 0.000003783
117 157 3 100 50000 0.000003873
39 34 3 100 1000 0.000003990
151 98 3 100 500000 0.000004135
138 87 3 100 500000 0.000005069
91 15 3 100 500000 0.000005118
70 103 3 100 100000 0.000005230
85 40 3 100 1000 0.000005254
134 76 3 100 1000 0.000005260
58 147 3 100 10000 0.000005290
137 158 3 100 5000 0.000005323
88 81 3 100 2000 0.000005389
158 99 3 100 1000 0.000005402
36 138 3 100 500000 0.000005452
152 128 3 100 5000 0.000005505
124 140 3 100 5000 0.000005962
2 87 3 100 1000 0.000006154
30 46 3 100 5000 0.000006171
27 94 3 100 5000 0.000006506
128 136 3 100 500000 0.000006643
7 26 3 100 1000000 0.000007055
53 28 3 100 10000 0.000007104
35 100 3 100 1000 0.000007364
147 86 3 100 50000 0.000007397
29 80 3 100 100000 0.000007431
106 29 3 100 200000 0.000007716
16 126 3 100 500000 0.000008131
147 7 3 100 20000 0.000008429
144 33 3 100 100000 0.000008659
111 128 3 100 1000 0.000008778
37 41 3 100 5000 0.000008800
113 35 3 100 500000 0.000008815
60 66 3 100 10000 0.000008826
132 106 3 100 500000 0.000008878
70 110 3 100 10000 0.000009320
14 107 3 100 5000 0.000009451
154 112 3 100 200000 0.000009580
98 9 3 100 50000 0.000009585
105 155 3 100 1000000 0.000009628
7 29 3 100 500000 0.000009914
75 109 3 100 500000 0.000010053
94 134 3 100 500000 0.000010241
68 127 3 100 1000 0.000010433
104 65 3 100 100000 0.000010435
120 101 3 100 20000 0.000010439
116 62 3 100 1000 0.000010492
74 15 3 100 5000000 0.000010516
45 7 3 100 20000 0.000010685
81 15 3 100 2000000 0.000010795
94 49 3 100 500000 0.000010823
99 140 3 100 5000 0.000010856
101 42 3 100 1000 0.000010860
63 141 3 100 20000 0.000011122
14 4 3 100 200000 0.000011145
56 96 3 100 10000 0.000011801
18 113 3 100 5000 0.000011872
65 58 3 100 10000 0.000011874
150 74 3 100 10000 0.000011961
62 59 3 100 1000 0.000012074
16 54 3 100 10000 0.000012110
118 48 3 100 1000 0.000012152
124 156 3 100 10000 0.000012186
14 89 3 100 5000 0.000012206
32 92 3 100 1000 0.000012221
9 78 3 100 500000 0.000012229
155 61 3 100 200000 0.000012258
57 139 3 100 20000 0.000012328
13 15 3 100 5000 0.000012436
143 31 3 100 100000 0.000012619
119 153 3 100 20000 0.000012756
127 138 3 100 1000000 0.000012820
151 106 3 100 2000 0.000012993
113 19 3 100 200000 0.000013151
31 113 3 100 20000 0.000013183
154 147 3 100 200000 0.000013210
14 10 3 100 200000 0.000013615
142 1 3 100 100000 0.000013690
81 71 3 100 1000 0.000013840
119 56 3 100 10000 0.000014069
71 107 3 100 50000 0.000014178
104 100 3 100 5000 0.000014554
17 72 3 100 2000000 0.000014746
50 80 3 100 1000000 0.000014781
120 3 3 100 200000 0.000014871
94 14 3 100 5000 0.000015266
110 1 3 100 100000 0.000015310
62 55 3 100 20000 0.000015320
134 55 3 100 200000 0.000015382
84 4 3 100 2000000 0.000015555
55 130 3 100 20000 0.000015756
103 23 3 100 200000 0.000016149
48 93 3 100 200000 0.000016181
124 108 3 100 5000 0.000016216
120 23 3 100 50000 0.000016280
64 145 3 100 500000 0.000016458
33 159 3 100 10000 0.000016482
6 148 3 100 50000 0.000016719
29 39 3 100 100000 0.000016728
55 33 3 100 20000 0.000016891
135 23 3 100 5000 0.000016978
79 19 3 100 20000 0.000017043
128 17 3 100 2000 0.000017203
49 6 3 100 50000 0.000017376
2 116 3 100 1000 0.000017466
68 64 3 100 100000 0.000017586
137 2 3 100 1000 0.000017724
31 131 3 100 1000 0.000017997
66 83 3 100 500000 0.000018016
16 71 3 100 500000 0.000018037
27 60 3 100 500000 0.000018170
66 105 3 100 10000 0.000018263
77 6 3 100 500000 0.000018548
139 152 3 100 5000 0.000018791
38 20 3 100 1000 0.000018944
143 134 3 100 20000 0.000018979
78 71 3 100 1000 0.000018980
59 18 3 100 2000 0.000019363
110 54 3 100 500000 0.000020003
66 143 3 100 1000000 0.000020017
0 6 3 100 200000 0.000020226
27 94 3 100 50000 0.000020245
48 130 3 100 20000 0.000020582
78 52 3 100 2000000 0.000020612
87 44 3 100 200000 0.000020769
158 78 3 100 20000 0.000020823
34 82 3 100 100000 0.000020920
48 9 3 100 1000 0.000021397
154 67 3 100 200000 0.000021602
57 58 3 100 5000 0.000021784
26 67 3 100 50000 0.000022153
133 109 3 100 500000 0.000022254
144 127 3 100 20000 0.000022261
93 102 3 100 1000 0.000022349
69 102 3 100 1000000 0.000022437
13 149 3 100 1000000 0.000023242
24 116 3 100 500000 0.000023242
40 94 3 100 1000000 0.000023355
58 82 3 100 5000 0.000023355
49 148 3 100 50000 0.000023495
75 82 3 100 500000 0.000023589
13 147 3 100 10000 0.000023633
143 53 3 100 100000 0.000023649
13 90 3 100 5000 0.000023751
38 140 3 100 1000000 0.000023760
135 100 3 100 1000 0.000023763
78 83 3 100 10000 0.000023961
128 116 3 100 100000 0.000023982
154 42 3 100 20000 0.000024046
106 149 3 100 50000 0.000024098
23 25 3 100 20000 0.000024131
62 158 3 100 100000 0.000024583
95 70 3 100 20000 0.000024733
43 134 3 100 20000 0.000025160
82 10 3 100 5000 0.000025546
47 103 3 100 10000 0.000025779
0 35 3 100 200000 0.000025795
133 46 3 100 50000 0.000025873
143 135 3 100 2000000 0.000025945
144 156 3 100 5000 0.000026193
64 138 3 100 10000 0.000026231
138 22 3 100 200000 0.000026281
19 154 3 100 5000 0.000026297
85 68 3 100 50000 0.000026462
10 50 3 100 10000 0.000026485
129 8 3 100 2000 0.000026529
50 136 3 100 10000 0.000026986
142 55 3 100 50000 0.000027176
94 92 3 100 200000 0.000027354
116 41 3 100 1000 0.000027388
11 79 3 100 5000 0.000027578
24 98 3 100 500000 0.000027647
10 84 3 100 100000 0.000027924
19 147 3 100 50000 0.000028196
127 34 3 100 1000000 0.000028589
19 68 3 100 50000 0.000028612
51 54 3 100 5000 0.000028910
55 14 3 100 50000 0.000028991
150 50 3 100 5000 0.000029065
146 25 3 100 500000 0.000029096
20 113 3 100 200000 0.000029133
121 86 3 100 1000000 0.000029138
31 72 3 100 100000 0.000029140
156 65 3 100 2000 0.000029151
76 59 3 100 20000 0.000029257
48 121 3 100 20000 0.000029428
29 23 3 100 500000 0.000029477
18 109 3 100 10000 0.000029480
73 60 3 100 5000 0.000029632
155 49 3 100 20000 0.000029875
24 97 3 100 50000 0.000029884
57 70 3 100 2000 0.000030208
45 74 3 100 100000 0.000030247
128 159 3 100 20000 0.000030280
69 110 3 100 1000 0.000030425
156 15 3 100 10000 0.000030675
149 139 3 100 100000 0.000030694
147 27 3 100 10000 0.000030745
108 140 3 100 10000 0.000030936
110 26 3 100 5000 0.000030949
71 108 3 100 2000 0.000031135
76 24 3 100 1000 0.000031153
63 43 3 100 1000 0.000031201
79 14 3 100 20000 0.000031219
29 24 3 100 200000 0.000031417
8 10 3 100 500000 0.000031531
153 74 3 100 2000 0.000031737
75 147 3 100 1000 0.000031760
35 21 3 100 10000 0.000031829
135 121 3 100 50000 0.000031887
11 6 3 100 1000 0.000031981
69 56 3 100 20000 0.000032483
147 100 3 100 2000 0.000032530
48 131 3 100 1000 0.000032625
119 98 3 100 1000000 0.000032690
135 102 3 100 5000 0.000032890
144 49 3 100 1000 0.000032998
53 65 3 100 200000 0.000033148
53 86 3 100 200000 0.000033429
144 30 3 100 200000 0.000033479
13 107 3 100 50000 0.000033551
20 140 3 100 1000 0.000033646
39 117 3 100 1000 0.000033672
94 118 3 100 20000 0.000033702
159 27 3 100 1000 0.000033760
22 38 3 100 20000 0.000034084
95 89 3 100 20000 0.000034099
109 2 3 100 1000 0.000034412
149 19 3 100 200000 0.000034462
101 15 3 100 2000000 0.000034481
56 138 3 100 1000 0.000034564
30 86 3 100 10000 0.000034668
34 15 3 100 20000 0.000034718
22 128 3 100 1000000 0.000034831
99 52 3 100 100000 0.000034853
28 6 3 100 1000 0.000034864
3 78 3 100 5000 0.000035330
131 138 3 100 10000 0.000035352
131 129 3 100 10000 0.000035366
61 127 3 100 50000 0.000035531
98 3 3 100 500000 0.000035595
43 147 3 100 1000 0.000035603
50 67 3 100 100000 0.000035659
115 132 3 100 5000 0.000035783
70 50 3 100 20000 0.000035832
5 23 3 100 1000000 0.000035850
6 107 3 100 100000 0.000035872
47 145 3 100 50000 0.000035927
8 63 3 100 100000 0.000036207
86 91 3 100 1000000 0.000036321
7 39 3 100 5000 0.000036809
154 121 3 100 200000 0.000036869
86 90 3 100 1000000 0.000036888
87 157 3 100 200000 0.000037137
45 62 3 100 500000 0.000037379
125 132 3 100 50000 0.000037536
15 153 3 100 500000 0.000037655
42 44 3 100 200000 0.000037797
112 36 3 100 2000 0.000037810
40 21 3 100 200000 0.000037878
128 38 3 100 1000 0.000037946
144 157 3 100 5000000 0.000038086
105 70 3 100 10000 0.000038122
39 51 3 100 500000 0.000038136
1 25 3 100 10000 0.000038332
30 36 3 100 50000 0.000038637
156 15 3 100 5000 0.000038695
4 18 3 100 20000 0.000038933
91 107 3 100 1000000 0.000038945
95 77 3 100 100000 0.000038980
143 154 3 100 1000000 0.000039051
137 92 3 100 500000 0.000039136
118 1 3 100 50000 0.000039142
157 87 3 100 1000 0.000039189
111 77 3 100 100000 0.000039431
131 4 3 100 100000 0.000039436
40 154 3 100 5000000 0.000039508
130 55 3 100 2000000 0.000039509
137 98 3 100 5000 0.000039518
21 70 3 100 200000 0.000039563
133 40 3 100 50000 0.000039804
77 52 3 100 20000 0.000039846
50 63 3 100 5000 0.000039893
97 149 3 100 50000 0.000039911
142 104 3 100 20000 0.000039979
124 95 3 100 10000 0.000040136
126 86 3 100 20000 0.000040190
132 14 3 100 500000 0.000040228
20 124 3 100 1000 0.000040382
29 33 3 100 50000 0.000040662
3 145 3 100 1000000 0.000040794
138 156 3 100 500000 0.000040864
134 123 3 100 2000 0.000040877
102 132 3 100 20000 0.000040939
35 84 3 100 500000 0.000041202
121 117 3 100 500000 0.000041313
118 1 3 100 10000 0.000041628
116 146 3 100 1000 0.000041639
139 91 3 100 1000 0.000041846
120 143 3 100 1000000 0.000041960
16 70 3 100 50000 0.000041987
87 150 3 100 500000 0.000042146
38 108 3 100 1000 0.000042374
68 96 3 100 1000 0.000042491
3 124 3 100 500000 0.000042569
112 64 3 100 2000 0.000042756
22 25 3 100 500000 0.000042831
109 61 3 100 1000000 0.000042832
119 133 3 100 5000 0.000042840
2 67 3 100 2000000 0.000042855
135 111 3 100 200000 0.000042970
145 90 3 100 1000 0.000043414
40 75 3 100 10000 0.000043454
28 60 3 100 50000 0.000043659
78 16 3 100 10000 0.000043906
28 67 3 100 1000 0.000043974
76 33 3 100 50000 0.000043998
51 143 3 100 100000 0.000044246
44 20 3 100 5000 0.000044674
130 111 3 100 10000 0.000044846
47 73 3 100 1000 0.000044855
8 143 3 100 500000 0.000044861
125 124 3 100 10000 0.000045058
123 70 3 100 20000 0.000045070
40 75 3 100 10000 0.000045109
116 46 3 100 20000 0.000045247
4 124 3 100 5000 0.000045404
117 136 3 100 20000 0.000045545
39 79 3 100 20000 0.000045655
135 34 3 100 20000 0.000045739
84 91 3 100 20000 0.000045751
106 136 3 100 5000 0.000045910
111 112 3 100 10000 0.000045986
46 83 3 100 1000000 0.000046119
118 80 3 100 20000 0.000046187
132 10 3 100 200000 0.000046354
105 75 3 100 20000 0.000046447
145 7 3 100 10000 0.000046620
112 145 3 100 500000 0.000046724
24 75 3 100 1000 0.000046841
50 76 3 100 200000 0.000046922
70 1 3 100 200000 0.000046962
31 134 3 100 100000 0.000046971
69 148 3 100 100000 0.000046987
51 157 3 100 200000 0.000047173
23 7 3 100 1000 0.000047611
59 143 3 100 5000 0.000047800
79 94 3 100 2000 0.000047810
31 101 3 100 2000000 0.000047892
117 123 3 100 100000 0.000048024
36 9 3 100 100000 0.000048111
0 139 3 100 1000 0.000048185
4 146 3 100 50000 0.000048218
88 22 3 100 500000 0.000048329
148 100 3 100 2000 0.000048385
131 158 3 100 5000 0.000048411
118 109 3 100 100000 0.000048422
130 70 3 100 50000 0.000048477
144 85 3 100 10000 0.000048685
18 156 3 100 1000000 0.000048719
30 36 3 100 200000 0.000048791
49 149 3 100 20000 0.000048835
31 52 3 100 10000 0.000049009
137 25 3 100 1000000 0.000049019
104 48 3 100 200000 0.000049063
38 77 3 100 1000 0.000049112
32 62 3 100 20000 0.000049121
105 154 3 100 200000 0.000049285
10 31 3 100 200000 0.000049513
53 49 3 100 2000 0.000050062
135 101 3 100 100000 0.000050117
17 75 3 100 5000 0.000050189
124 115 3 100 2000 0.000050284
1 93 3 100 2000 0.000050309
120 70 3 100 5000 0.000050444
147 151 3 100 100000 0.000050507
74 32 3 100 200000 0.000050524
18 53 3 100 100000 0.000050791
92 17 3 100 1000 0.000051096
55 78 3 100 200000 0.000051141
71 44 3 100 50000 0.000051146
136 59 3 100 2000 0.000051153
104 106 3 100 1000 0.000051324
60 119 3 100 1000 0.000051337
157 74 3 100 100000 0.000051393
90 138 3 100 5000 0.000051512
70 16 3 100 50000 0.000051530
87 75 3 100 1000 0.000051573
159 157 3 100 5000 0.000051681
42 31 3 100 2000000 0.000051891
69 95 3 100 10000 0.000051939
127 45 3 100 50000 0.000052305
155 46 3 100 10000 0.000052327
6 80 3 100 1000000 0.000052388
59 85 3 100 10000 0.000052446
155 2 3 100 500000 0.000052538
51 12 3 100 100000 0.000052596
155 25 3 100 20000 0.000052777
122 48 3 100 20000 0.000052800
9 57 3 100 1000 0.000052885
129 24 3 100 20000 0.000052885
124 147 3 100 100000 0.000053071
128 47 3 100 2000000 0.000053127
86 144 3 100 1000000 0.000053330
74 37 3 100 200000 0.000053347
94 31 3 100 100000 0.000053708
31 35 3 100 200000 0.000053714
4 121 3 100 500000 0.000053738
77 100 3 100 5000 0.000053971
17 3 3 100 200000 0.000054110
64 35 3 100 200000 0.000054168
118 137 3 100 20000 0.000054222
22 134 3 100 1000000 0.000054339
135 157 3 100 5000000 0.000054445
38 159 3 100 20000 0.000054513
99 77 3 100 20000 0.000054583
22 36 3 100 20000 0.000054645
77 61 3 100 20000 0.000055084
141 139 3 100 1000 0.000055084
8 158 3 100 200000 0.000055202
7 87 3 100 5000 0.000055218
157 10 3 100 1000000 0.000055246
153 152 3 100 200000 0.000055285
78 61 3 100 1000 0.000055314
140 146 3 100 50000 0.000055502
37 111 3 100 1000 0.000055536
116 144 3 100 100000 0.000055556
145 136 3 100 500000 0.000055947
73 89 3 100 500000 0.000056161
16 48 3 100 1000 0.000056402
26 95 3 100 1000 0.000056422
10 79 3 100 100000 0.000056594
99 133 3 100 5000 0.000056694
17 11 3 100 2000000 0.000056794
38 127 3 100 50000 0.000056842
18 20 3 100 2000 0.000056886
6 80 3 100 5000 0.000056918
78 111 3 100 1000 0.000057102
9 84 3 100 5000 0.000057140
19 44 3 100 20000 0.000057167
38 131 3 100 50000 0.000057171
122 61 3 100 500000 0.000057216
152 147 3 100 10000 0.000057283
113 129 3 100 100000 0.000057300
77 127 3 100 100000 0.000057456
85 14 3 100 200000 0.000057524
4 24 3 100 100000 0.000057926
133 90 3 100 1000000 0.000057968
90 60 3 100 1000 0.000058068
29 143 3 100 50000 0.000058170
142 1 3 100 5000 0.000058208
67 51 3 100 20000 0.000058349
130 62 3 100 1000 0.000058468
76 113 3 100 1000 0.000058528
9 71 3 100 10000 0.000058567
47 140 3 100 5000 0.000058768
77 3 3 100 2000000 0.000058916
126 103 3 100 500000 0.000058978
1 68 3 100 200000 0.000059012
0 7 3 100 1000 0.000059051
97 120 3 100 500000 0.000059130
149 124 3 100 1000 0.000059138
94 125 3 100 50000 0.000059200
32 20 3 100 10000 0.000059265
130 121 3 100 100000 0.000059318
12 113 3 100 100000 0.000059415
41 95 3 100 20000 0.000059591
128 32 3 100 200000 0.000059699
13 154 3 100 500000 0.000059856
45 76 3 100 20000 0.000060283
136 21 3 100 1000 0.000060435
126 41 3 100 10000 0.000060445
31 30 3 100 1000 0.000060490
18 19 3 100 2000 0.000060672
89 18 3 100 10000 0.000060744
55 0 3 100 200000 0.000061136
41 35 3 100 20000 0.000061177
108 81 3 100 20000 0.000061325
125 145 3 100 1000 0.000061433
136 158 3 100 1000000 0.000061547
109 159 3 100 5000 0.000061691
26 6 3 100 100000 0.000061703
122 51 3 100 500000 0.000061810
114 37 3 100 200000 0.000061894
91 121 3 100 50000 0.000061980
137 152 3 100 50000 0.000062164
67 101 3 100 1000000 0.000062226
109 82 3 100 10000 0.000062498
54 122 3 100 2000 0.000062557
130 22 3 100 5000 0.000062658
94 121 3 100 50000 0.000063077
35 134 3 100 1000 0.000063191
118 70 3 100 5000000 0.000063247
40 109 3 100 2000 0.000063408
125 41 3 100 1000 0.000063500
49 158 3 100 200000 0.000063564
98 135 3 100 2000 0.000063633
138 106 3 100 5000 0.000063865
82 37 3 100 1000 0.000064051
81 133 3 100 20000 0.000064238
0 154 3 100 1000 0.000064302
127 144 3 100 20000 0.000064396
10 75 3 100 50000 0.000064422
71 35 3 100 2000 0.000064483
154 136 3 100 5000 0.000064550
44 141 3 100 5000 0.000064661
58 133 3 100 5000 0.000064787
102 24 3 100 20000 0.000064850
141 115 3 100 1000 0.000065666
52 82 3 100 5000 0.000065866
110 111 3 100 100000 0.000065938
93 84 3 100 100000 0.000066038
137 128 3 100 1000000 0.000066255
4 105 3 100 20000 0.000066599
32 86 3 100 5000 0.000066630
6 76 3 100 20000 0.000066908
93 121 3 100 1000000 0.000067041
52 22 3 100 100000 0.000067075
138 79 3 100 1000000 0.000067152
92 141 3 100 10000 0.000067211
91 76 3 100 1000 0.000067308
51 59 3 100 1000 0.000067611
34 87 3 100 2000000 0.000067748
126 74 3 100 200000 0.000067903
90 140 3 100 500000 0.000067963
65 110 3 100 2000 0.000068039
63 84 3 100 50000 0.000068209
10 97 3 100 100000 0.000068645
0 139 3 100 20000 0.000068698
67 125 3 100 1000000 0.000069058
135 62 3 100 1000 0.000069175
15 144 3 100 200000 0.000069196
34 44 3 100 1000 0.000069495
75 87 3 100 500000 0.000069699
82 91 3 100 10000 0.000069708
140 9 3 100 20000 0.000070272
88 85 3 100 20000 0.000070313
25 135 3 100 20000 0.000070538
150 76 3 100 50000 0.000070684
82 76 3 100 5000 0.000070703
28 134 3 100 1000 0.000070815
18 152 3 100 20000 0.000071084
50 125 3 100 10000 0.000071121
104 150 3 100 1000 0.000071212
41 71 3 100 5000 0.000071241
90 92 3 100 1000 0.000071269
2 129 3 100 1000000 0.000071315
101 26 3 100 20000 0.000071364
46 48 3 100 200000 0.000071440
57 28 3 100 1000 0.000071473
94 41 3 100 500000 0.000071611
18 73 3 100 200000 0.000071742
139 34 3 100 20000 0.000071852
58 15 3 100 50000 0.000071873
156 45 3 100 20000 0.000071918
28 114 3 100 200000 0.000072117
52 9 3 100 1000000 0.000072314
9 137 3 100 10000 0.000072687
145 99 3 100 2000 0.000072726
17 32 3 100 100000 0.000072775
14 51 3 100 500000 0.000072861
97 135 3 100 5000 0.000072893
49 62 3 100 1000 0.000073048
90 153 3 100 20000 0.000073088
13 69 3 100 20000 0.000073138
9 66 3 100 2000 0.000073242
118 52 3 100 20000 0.000073291
5 42 3 100 20000 0.000073295
95 101 3 100 50000 0.000073462
56 30 3 100 2000 0.000073589
95 143 3 100 100000 0.000073608
92 117 3 100 1000000 0.000073620
41 47 3 100 20000 0.000073629
13 86 3 100 100000 0.000073722
131 137 3 100 500000 0.000073723
147 114 3 100 100000 0.000073738
133 83 3 100 500000 0.000073804
107 80 3 100 1000000 0.000073807
92 159 3 100 50000 0.000073867
142 158 3 100 100000 0.000073924
97 38 3 100 1000 0.000073995
73 109 3 100 2000 0.000074844
107 64 3 100 5000 0.000074903
114 91 3 100 1000 0.000074994
40 114 3 100 1000 0.000075043
100 67 3 100 20000 0.000075049
138 33 3 100 5000 0.000075071
90 52 3 100 2000 0.000075111
99 35 3 100 20000 0.000075144
7 67 3 100 20000 0.000075160
145 78 3 100 200000 0.000075190
134 147 3 100 500000 0.000075517
155 89 3 100 5000 0.000075713
22 39 3 100 1000 0.000075734
78 14 3 100 10000 0.000075889
84 88 3 100 1000000 0.000075903
52 45 3 100 1000000 0.000076130
130 158 3 100 10000 0.000076398
88 63 3 100 100000 0.000076424
105 76 3 100 500000 0.000076648
157 76 3 100 100000 0.000076680
25 42 3 100 5000 0.000076847
52 101 3 100 200000 0.000076864
149 83 3 100 50000 0.000077112
100 44 3 100 500000 0.000077134
79 146 3 100 100000 0.000077240
64 20 3 100 20000 0.000077347
87 146 3 100 10000 0.000077449
134 76 3 100 1000 0.000077504
94 23 3 100 5000 0.000077545
15 109 3 100 100000 0.000077653
141 51 3 100 500000 0.000077653
21 87 3 100 1000000 0.000077771
73 52 3 100 500000 0.000077817
131 127 3 100 200000 0.000077898
138 51 3 100 500000 0.000078029
19 71 3 100 2000 0.000078069
51 120 3 100 1000 0.000078184
55 11 3 100 20000 0.000078257
97 104 3 100 2000000 0.000078427
62 123 3 100 100000 0.000078448
62 136 3 100 50000 0.000078763
62 135 3 100 200000 0.000078999
80 102 3 100 1000 0.000079021
15 87 3 100 1000 0.000079069
23 75 3 100 10000 0.000079144
141 82 3 100 100000 0.000079527
50 70 3 100 5000 0.000079626
79 130 3 100 1000 0.000079670
29 105 3 100 10000 0.000080154
111 7 3 100 20000 0.000080223
83 33 3 100 2000 0.000080292
0 71 3 100 500000 0.000080523
121 123 3 100 1000 0.000080586
0 40 3 100 100000 0.000080653
7 13 3 100 1000 0.000080894
52 74 3 100 500000 0.000080952
153 144 3 100 5000 0.000081025
52 145 3 100 100000 0.000081137
147 50 3 100 200000 0.000081165
144 54 3 100 1000 0.000081205
131 72 3 100 10000 0.000081217
69 150 3 100 100000 0.000081283
103 77 3 100 500000 0.000081610
16 125 3 100 50000 0.000081647
1 18 3 100 100000 0.000081826
90 20 3 100 20000 0.000081952
121 56 3 100 100000 0.000081973
24 101 3 100 5000 0.000081980
132 19 3 100 1000000 0.000082015
76 30 3 100 2000000 0.000082111
140 10 3 100 500000 0.000082184
38 74 3 100 20000 0.000082308
155 49 3 100 1000 0.000082318
137 5 3 100 1000 0.000082564
145 8 3 100 5000 0.000082677
42 60 3 100 200000 0.000083032
106 3 3 100 20000 0.000083173
41 143 3 100 1000 0.000083332
70 137 3 100 2000 0.000083393
45 40 3 100 20000 0.000083417
42 141 3 100 50000 0.000083560
106 37 3 100 1000 0.000083680
159 109 3 100 10000 0.000084039
44 157 3 100 50000 0.000084110
146 33 3 100 5000 0.000084238
133 110 3 100 500000 0.000084345
90 101 3 100 20000 0.000084386
145 60 3 100 10000 0.000084478
69 6 3 100 20000 0.000084523
112 140 3 100 20000 0.000084525
12 129 3 100 20000 0.000084604
127 136 3 100 10000 0.000084641
106 68 3 100 200000 0.000084836
146 99 3 100 200000 0.000084976
88 27 3 100 200000 0.000084980
46 131 3 100 20000 0.000085115
35 130 3 100 10000 0.000085201
156 51 3 100 100000 0.000085336
138 134 3 100 1000000 0.000085358
128 59 3 100 1000 0.000085449
65 97 3 100 1000 0.000085520
1 62 3 100 2000 0.000085548
144 72 3 100 5000 0.000085659
128 55 3 100 10000 0.000085744
48 81 3 100 2000 0.000085745
88 112 3 100 200000 0.000085958
98 63 3 100 5000 0.000086025
5 102 3 100 1000000 0.000086313
126 101 3 100 5000 0.000086340
28 27 3 100 20000 0.000086393
124 69 3 100 500000 0.000086442
33 80 3 100 2000 0.000086664
144 76 3 100 20000 0.000087052
16 121 3 100 100000 0.000087097
121 80 3 100 20000 0.000087154
94 41 3 100 500000 0.000087235
158 115 3 100 1000000 0.000087268
154 99 3 100 20000 0.000087362
158 86 3 100 1000 0.000087597
31 44 3 100 1000 0.000087742
140 137 3 100 10000 0.000087776
33 113 3 100 100000 0.000088066
74 100 3 100 20000 0.000088305
106 73 3 100 100000 0.000088315
53 103 3 100 500000 0.000088507
56 135 3 100 1000 0.000088868
0 39 3 100 5000 0.000088899
101 145 3 100 100000 0.000089079
156 125 3 100 1000 0.000089234
86 126 3 100 50000 0.000089261
36 158 3 100 1000 0.000089564
58 44 3 100 100000 0.000089633
84 99 3 100 5000 0.000089742
54 155 3 100 10000 0.000089865
15 125 3 100 1000 0.000089872
5 0 3 100 2000000 0.000089879
139 95 3 100 2000 0.000090256
84 152 3 100 5000 0.000090265
23 62 3 100 50000 0.000090314
83 21 3 100 50000 0.000090439
154 111 3 100 1000 0.000090471
113 148 3 100 20000 0.000090507
102 123 3 100 10000 0.000090567
70 117 3 100 1000 0.000091215
28 157 3 100 1000 0.000091359
80 72 3 100 200000 0.000091427
106 15 3 100 100000 0.000091454
69 21 3 100 1000 0.000091466
7 70 3 100 1000 0.000091818
21 0 3 100 5000 0.000091824
133 61 3 100 50000 0.000092093
14 61 3 100 1000 0.000092116
95 76 3 100 100000 0.000092230
105 80 3 100 200000 0.000092385
4 25 3 100 1000 0.000092493
61 86 3 100 5000 0.000092494
57 157 3 100 200000 0.000092875
76 33 3 100 20000 0.000092992
101 97 3 100 200000 0.000093045
86 9 3 100 1000 0.000093089
127 138 3 100 5000 0.000093097
128 127 3 100 5000000 0.000093146
34 112 3 100 20000 0.000093878
109 29 3 100 10000 0.000094037
117 138 3 100 500000 0.000094077
35 46 3 100 1000000 0.000094131
62 73 3 100 1000 0.000094213
144 1 3 100 1000 0.000094813
127 78 3 100 10000 0.000094957
1 142 3 100 5000 0.000095009
111 34 3 100 200000 0.000095340
19 125 3 100 1000000 0.000095523
27 91 3 100 1000 0.000095781
121 137 3 100 1000 0.000095790
18 116 3 100 1000 0.000095813
66 146 3 100 20000 0.000095852
5 116 3 100 5000 0.000095990
42 141 3 100 1000 0.000096051
83 19 3 100 1000 0.000096378
138 37 3 100 100000 0.000096506
50 139 3 100 10000 0.000096521
45 52 3 100 10000 0.000096546
32 19 3 100 20000 0.000096573
125 121 3 100 500000 0.000096831
133 140 3 100 1000000 0.000096865
116 72 3 100 1000000 0.000097352
122 91 3 100 2000 0.000097697
83 113 3 100 500000 0.000097700
148 84 3 100 200000 0.000097799
44 43 3 100 50000 0.000097956
103 116 3 100 1000000 0.000097994
126 92 3 100 200000 0.000098011
76 22 3 100 200000 0.000098147
75 11 3 100 1000 0.000098183
86 56 3 100 1000 0.000098339
106 138 3 100 1000 0.000098389
24 12 3 100 1000000 0.000098527
80 22 3 100 50000 0.000098804
125 85 3 100 5000 0.000098839
21 150 3 100 50000 0.000098855
135 82 3 100 100000 0.000098908
36 41 3 100 2000 0.000098938
80 51 3 100 5000 0.000098963
32 130 3 100 2000 0.000098974
67 83 3 100 10000 0.000099259
83 84 3 100 1000 0.000099613
45 81 3 100 200000 0.000099621
146 1 3 100 10000 0.000099626
7 33 3 100 100000 0.000099864
122 20 3 100 100000 0.000099934
59 54 3 100 1000000 0.000099971
139 121 3 100 1000 0.000099974
76 80 3 100 10000 0.000100289
112 74 3 100 100000 0.000100343
16 4 3 100 1000 0.000100480
17 26 3 100 500000 0.000100485
146 152 3 100 500000 0.000100519
58 126 3 100 1000 0.000100681
153 148 3 100 2000 0.000100701
127 77 3 100 1000 0.000100922
71 158 3 100 1000 0.000101067
18 67 3 100 200000 0.000101084
38 61 3 100 50000 0.000101225
155 14 3 100 1000000 0.000101472
131 28 3 100 1000 0.000101524
153 74 3 100 500000 0.000101752
136 73 3 100 1000 0.000101811
29 108 3 100 500000 0.000101858
55 138 3 100 5000000 0.000102155
27 31 3 100 1000000 0.000102182
116 155 3 100 5000000 0.000102192
35 124 3 100 2000 0.000102422
124 97 3 100 2000 0.000102512
133 115 3 100 20000 0.000102678
78 44 3 100 1000 0.000102728
1 14 3 100 5000 0.000102781
31 58 3 100 20000 0.000102822
144 101 3 100 200000 0.000102851
53 22 3 100 20000 0.000102866
147 136 3 100 1000 0.000103200
37 115 3 100 500000 0.000103393
114 59 3 100 1000 0.000103413
1 80 3 100 20000 0.000103428
118 123 3 100 2000 0.000103658
92 28 3 100 20000 0.000104042
96 48 3 100 10000 0.000104102
89 41 3 100 200000 0.000104140
139 8 3 100 20000 0.000104232
65 63 3 100 200000 0.000104633
156 110 3 100 5000 0.000104658
1 145 3 100 500000 0.000104786
53 35 3 100 20000 0.000104854
95 86 3 100 2000000 0.000105262
38 21 3 100 20000 0.000105337
74 68 3 100 100000 0.000105384
16 62 3 100 10000 0.000105447
13 42 3 100 500000 0.000105451
128 8 3 100 10000 0.000105500
7 113 3 100 50000 0.000105887
22 67 3 100 10000 0.000105894
112 50 3 100 200000 0.000106065
65 39 3 100 10000 0.000106330
8 60 3 100 500000 0.000106764
43 18 3 100 20000 0.000106770
23 46 3 100 2000 0.000106861
63 24 3 100 500000 0.000106906
103 13 3 100 500000 0.000106947
115 57 3 100 20000 0.000107162
92 150 3 100 50000 0.000107222
76 97 3 100 200000 0.000107340
51 1 3 100 1000000 0.000107391
125 142 3 100 1000000 0.000107698
142 53 3 100 1000 0.000107939
19 104 3 100 10000 0.000108112
113 9 3 100 50000 0.000108187
23 97 3 100 100000 0.000108492
119 14 3 100 1000000 0.000108496
146 11 3 100 1000 0.000108558
81 117 3 100 2000000 0.000109036
58 97 3 100 200000 0.000109053
109 72 3 100 1000 0.000109444
71 2 3 100 20000 0.000109886
134 97 3 100 1000 0.000110261
73 145 3 100 10000 0.000110276
81 24 3 100 20000 0.000110795
142 89 3 100 1000 0.000111120
86 84 3 100 1000000 0.000111228
149 45 3 100 10000 0.000111337
25 123 3 100 1000000 0.000111371
134 85 3 100 10000 0.000111402
101 33 3 100 20000 0.000111784
2 76 3 100 500000 0.000111848
20 155 3 100 200000 0.000112107
93 5 3 100 10000 0.000112116
1 127 3 100 10000 0.000112278
34 93 3 100 10000 0.000112538
114 10 3 100 100000 0.000112557
126 115 3 100 20000 0.000112603
133 8 3 100 2000000 0.000112711
77 33 3 100 10000 0.000112788
41 114 3 100 5000 0.000112905
102 98 3 100 1000 0.000112931
138 40 3 100 10000 0.000113004
70 125 3 100 20000 0.000113240
91 8 3 100 20000 0.000113522
125 5 3 100 20000 0.000113607
54 120 3 100 200000 0.000113867
11 156 3 100 500000 0.000113894
23 149 3 100 1000 0.000113955
14 144 3 100 1000000 0.000114066
140 142 3 100 10000 0.000114120
71 98 3 100 1000000 0.000114190
38 134 3 100 50000 0.000114205
74 19 3 100 100000 0.000114709
10 157 3 100 50000 0.000114865
100 92 3 100 500000 0.000115049
107 113 3 100 500000 0.000115182
44 43 3 100 100000 0.000115188
104 117 3 100 100000 0.000115297
11 106 3 100 500000 0.000115393
40 90 3 100 100000 0.000115502
127 34 3 100 10000 0.000115613
86 33 3 100 10000 0.000115689
115 88 3 100 20000 0.000115792
120 116 3 100 1000000 0.000115844
135 28 3 100 100000 0.000115922
85 147 3 100 500000 0.000116070
126 5 3 100 1000 0.000116632
58 106 3 100 20000 0.000116663
73 137 3 100 2000 0.000116820
7 2 3 100 1000 0.000116952
94 54 3 100 500000 0.000117242
17 120 3 100 20000 0.000117408
0 26 3 100 1000 0.000117487
3 136 3 100 200000 0.000118233
25 86 3 100 500000 0.000118306
4 27 3 100 5000 0.000118324
158 10 3 100 20000 0.000118332
79 3 3 100 5000 0.000118469
26 83 3 100 1000000 0.000118564
66 43 3 100 1000 0.000118777
34 104 3 100 200000 0.000119132
150 77 3 100 1000000 0.000119148
112 84 3 100 10000 0.000119307
6 18 3 100 1000 0.000119360
0 88 3 100 100000 0.000119504
145 77 3 100 5000 0.000119549
30 23 3 100 200000 0.000119553
86 82 3 100 1000 0.000119563
33 151 3 100 1000 0.000119617
5 142 3 100 100000 0.000119638
89 23 3 100 10000 0.000119843
159 102 3 100 10000 0.000119874
118 123 3 100 5000 0.000119896
21 38 3 100 20000 0.000120242
99 130 3 100 200000 0.000120528
18 50 3 100 20000 0.000120535
3 121 3 100 1000000 0.000120958
153 73 3 100 20000 0.000121164
122 157 3 100 1000 0.000121525
110 39 3 100 1000 0.000121640
157 91 3 100 20000 0.000121646
149 153 3 100 1000 0.000121658
28 133 3 100 10000 0.000121674
144 7 3 100 500000 0.000121829
126 64 3 100 1000000 0.000121933
125 155 3 100 2000 0.000122182
36 159 3 100 500000 0.000122343
100 29 3 100 1000 0.000122485
4 114 3 100 1000 0.000122507
155 55 3 100 1000000 0.000122665
97 117 3 100 1000 0.000122712
16 121 3 100 50000 0.000122722
86 36 3 100 200000 0.000122732
131 11 3 100 500000 0.000122850
99 29 3 100 200000 0.000123012
158 133 3 100 20000 0.000123048
26 16 3 100 100000 0.000123525
108 133 3 100 1000 0.000123709
58 47 3 100 200000 0.000123732
113 138 3 100 20000 0.000123735
153 19 3 100 500000 0.000123853
109 95 3 100 20000 0.000123869
143 73 3 100 20000 0.000124089
30 107 3 100 20000 0.000124357
3 135 3 100 500000 0.000124536
101 105 3 100 20000 0.000125062
156 113 3 100 200000 0.000125100
10 0 3 100 10000 0.000125196
136 28 3 100 10000 0.000125277
95 70 3 100 5000 0.000125552
131 8 3 100 5000 0.000125606
24 73 3 100 200000 0.000125635
17 13 3 100 5000 0.000125668
66 126 3 100 1000 0.000125881
2 50 3 100 2000 0.000125898
36 112 3 100 1000 0.000125931
144 86 3 100 1000000 0.000126105
23 65 3 100 20000 0.000126215
101 80 3 100 1000 0.000126359
14 65 3 100 200000 0.000126470
4 118 3 100 5000 0.000126527
141 41 3 100 200000 0.000126656
61 125 3 100 20000 0.000126671
145 28 3 100 10000 0.000126687
40 14 3 100 1000 0.000126821
135 89 3 100 2000 0.000126844
111 139 3 100 5000 0.000126934
46 127 3 100 1000 0.000127003
114 92 3 100 10000 0.000127022
78 2 3 100 2000 0.000127130
118 88 3 100 200000 0.000127157
29 73 3 100 100000 0.000127174
156 18 3 100 1000 0.000127262
145 51 3 100 1000000 0.000127442
62 110 3 100 500000 0.000127474
123 130 3 100 5000 0.000127557
98 79 3 100 1000 0.000127574
30 79 3 100 200000 0.000127753
71 126 3 100 20000 0.000128151
127 2 3 100 100000 0.000128171
75 117 3 100 1000 0.000128559
32 89 3 100 200000 0.000128659
115 154 3 100 1000 0.000128839
96 136 3 100 100000 0.000128878
90 67 3 100 1000 0.000129051
138 30 3 100 2000 0.000129163
141 29 3 100 200000 0.000129271
22 20 3 100 500000 0.000129290
43 88 3 100 1000 0.000129370
80 159 3 100 5000 0.000129396
66 70 3 100 20000 0.000129509
10 148 3 100 100000 0.000129874
19 41 3 100 10000 0.000130102
14 155 3 100 1000000 0.000130111
60 120 3 100 200000 0.000130257
153 33 3 100 100000 0.000130307
133 132 3 100 1000 0.000130670
24 90 3 100 5000 0.000130821
25 19 3 100 1000 0.000130832
81 100 3 100 1000 0.000130900
16 140 3 100 10000 0.000131074
79 98 3 100 1000000 0.000131124
121 63 3 100 5000 0.000131180
151 32 3 100 1000 0.000131446
12 114 3 100 500000 0.000131668
41 125 3 100 5000 0.000131671
106 26 3 100 100000 0.000131743
49 28 3 100 2000 0.000131749
11 98 3 100 20000 0.000132391
123 147 3 100 1000 0.000132537
129 121 3 100 10000 0.000132670
120 66 3 100 2000 0.000132806
5 48 3 100 5000 0.000132860
67 100 3 100 10000 0.000132877
151 4 3 100 1000 0.000132922
152 145 3 100 20000 0.000133172
137 78 3 100 10000 0.000133215
21 85 3 100 50000 0.000133375
52 85 3 100 5000 0.000133432
70 152 3 100 10000 0.000133448
33 79 3 100 20000 0.000133654
33 94 3 100 500000 0.000134414
124 38 3 100 20000 0.000134427
41 18 3 100 20000 0.000134563
124 107 3 100 20000 0.000134622
36 60 3 100 1000000 0.000134914
24 64 3 100 100000 0.000135002
79 9 3 100 50000 0.000135034
76 34 3 100 100000 0.000135080
84 71 3 100 1000 0.000135098
135 6 3 100 200000 0.000135219
68 122 3 100 50000 0.000135243
39 139 3 100 20000 0.000135299
3 54 3 100 1000000 0.000135445
57 4 3 100 5000 0.000135546
29 147 3 100 20000 0.000135766
26 77 3 100 100000 0.000135900
33 23 3 100 100000 0.000135997
39 48 3 100 5000 0.000136038
18 38 3 100 1000000 0.000136129
58 57 3 100 10000 0.000136453
20 79 3 100 50000 0.000136637
27 23 3 100 100000 0.000136650
99 155 3 100 2000 0.000136666
153 65 3 100 1000 0.000136690
65 39 3 100 200000 0.000136706
57 152 3 100 1000 0.000136927
98 150 3 100 10000 0.000137166
118 35 3 100 500000 0.000137224
146 79 3 100 1000 0.000137372
10 113 3 100 20000 0.000137587
108 106 3 100 50000 0.000137658
94 52 3 100 5000 0.000137910
136 84 3 100 5000 0.000137910
60 52 3 100 10000 0.000137910
11 1 3 100 500000 0.000137936
109 124 3 100 1000 0.000137962
31 90 3 100 1000 0.000138351
26 11 3 100 1000000 0.000138360
9 67 3 100 1000 0.000138364
80 126 3 100 5000000 0.000138503
98 11 3 100 5000 0.000138505
6 144 3 100 5000000 0.000138605
45 102 3 100 1000 0.000138715
131 25 3 100 1000 0.000138778
42 16 3 100 10000 0.000138806
135 89 3 100 100000 0.000138896
153 44 3 100 1000000 0.000139035
144 121 3 100 200000 0.000139038
145 6 3 100 200000 0.000139073
29 123 3 100 5000 0.000139099
117 110 3 100 20000 0.000139141
125 137 3 100 2000 0.000139190
6 54 3 100 20000 0.000140114
148 116 3 100 20000 0.000140241
44 154 3 100 10000 0.000140473
121 87 3 100 1000 0.000141273
112 60 3 100 1000 0.000141368
29 142 3 100 10000 0.000141370
71 113 3 100 20000 0.000141569
148 28 3 100 10000 0.000141581
127 122 3 100 5000 0.000141598
34 13 3 100 200000 0.000141656
96 91 3 100 20000 0.000141682
28 7 3 100 1000 0.000142116
116 43 3 100 5000 0.000142239
128 37 3 100 1000 0.000142281
152 148 3 100 20000 0.000142288
10 121 3 100 200000 0.000142354
154 114 3 100 10000 0.000142427
119 126 3 100 20000 0.000142522
66 19 3 100 10000 0.000142637
99 133 3 100 2000000 0.000142717
155 30 3 100 1000 0.000142817
140 12 3 100 2000 0.000142848
6 89 3 100 500000 0.000142931
137 40 3 100 1000 0.000143127
71 7 3 100 200000 0.000143280
49 107 3 100 2000 0.000143282
70 29 3 100 10000 0.000143332
93 79 3 100 5000 0.000143409
103 84 3 100 50000 0.000143826
65 27 3 100 1000 0.000144256
90 47 3 100 10000 0.000144627
38 129 3 100 50000 0.000144814
134 106 3 100 1000000 0.000145090
98 133 3 100 50000 0.000145319
158 137 3 100 1000 0.000145522
26 126 3 100 1000 0.000145556
130 15 3 100 1000 0.000145697
126 20 3 100 5000 0.000145852
54 55 3 100 200000 0.000145977
132 24 3 100 1000 0.000146132
72 115 3 100 5000 0.000146544
110 9 3 100 1000 0.000146660
105 55 3 100 5000 0.000146739
120 143 3 100 1000 0.000146798
111 76 3 100 100000 0.000146866
40 93 3 100 20000 0.000146941
119 132 3 100 5000 0.000146989
123 108 3 100 20000 0.000147328
69 36 3 100 10000 0.000147475
81 111 3 100 100000 0.000147534
134 58 3 100 200000 0.000147637
102 156 3 100 1000 0.000147654
119 153 3 100 20000 0.000147667
85 90 3 100 1000000 0.000147725
110 64 3 100 50000 0.000147766
45 143 3 100 1000 0.000147894
108 89 3 100 5000 0.000147899
23 119 3 100 1000000 0.000148009
71 8 3 100 5000 0.000148220
117 11 3 100 100000 0.000148314
47 156 3 100 1000 0.000148353
94 5 3 100 500000 0.000148355
60 144 3 100 500000 0.000148505
21 116 3 100 1000000 0.000148920
77 107 3 100 10000 0.000148997
141 21 3 100 20000 0.000149204
142 147 3 100 500000 0.000149249
154 135 3 100 100000 0.000149949
64 13 3 100 1000 0.000149960
33 118 3 100 50000 0.000150023
95 76 3 100 2000 0.000150172
81 74 3 100 5000 0.000150311
68 107 3 100 50000 0.000150399
100 11 3 100 1000 0.000150634
154 136 3 100 100000 0.000150779
26 137 3 100 1000 0.000150862
132 98 3 100 2000 0.000151341
99 104 3 100 5000 0.000151501
0 117 3 100 50000 0.000152135
99 127 3 100 1000000 0.000152298
20 23 3 100 5000 0.000152569
108 84 3 100 10000 0.000152658
116 36 3 100 200000 0.000152726
61 90 3 100 2000 0.000152837
156 114 3 100 1000 0.000153044
136 52 3 100 50000 0.000153221
113 93 3 100 10000 0.000153329
45 31 3 100 5000 0.000153381
98 34 3 100 10000 0.000153493
19 73 3 100 100000 0.000153561
100 43 3 100 10000 0.000153587
36 114 3 100 5000 0.000153615
120 29 3 100 500000 0.000153708
148 43 3 100 5000 0.000153844
147 119 3 100 50000 0.000153983
106 143 3 100 500000 0.000154060
15 117 3 100 200000 0.000154090
90 47 3 100 20000 0.000154151
140 77 3 100 200000 0.000154329
2 138 3 100 1000000 0.000154403
38 120 3 100 1000 0.000154629
88 105 3 100 20000 0.000154901
57 12 3 100 5000 0.000154986
149 97 3 100 10000 0.000155016
28 102 3 100 20000 0.000155044
16 69 3 100 10000 0.000155136
64 19 3 100 10000 0.000155198
14 41 3 100 1000000 0.000155236
13 159 3 100 50000 0.000155418
69 52 3 100 20000 0.000155806
57 112 3 100 5000 0.000155883
126 24 3 100 1000 0.000155883
147 119 3 100 1000 0.000155916
83 12 3 100 2000 0.000156165
55 17 3 100 2000000 0.000156225
37 106 3 100 1000 0.000156255
142 22 3 100 1000 0.000156277
9 88 3 100 200000 0.000156363
74 23 3 100 20000 0.000156770
63 58 3 100 5000 0.000156777
93 25 3 100 2000000 0.000156823
27 152 3 100 2000000 0.000157001
28 113 3 100 1000 0.000157309
30 145 3 100 50000 0.000157492
76 17 3 100 50000 0.000157496
14 6 3 100 1000000 0.000157504
76 42 3 100 20000 0.000157665
81 100 3 100 200000 0.000157813
27 85 3 100 5000 0.000158030
118 58 3 100 20000 0.000158573
12 121 3 100 20000 0.000158658
141 130 3 100 100000 0.000158814
28 155 3 100 1000 0.000158979
45 24 3 100 1000 0.000159030
36 120 3 100 1000000 0.000159034
131 99 3 100 100000 0.000159132
91 146 3 100 100000 0.000159268
53 1 3 100 5000 0.000159305
117 123 3 100 200000 0.000159423
108 158 3 100 50000 0.000159549
144 123 3 100 2000 0.000159609
86 93 3 100 1000000 0.000159888
122 10 3 100 500000 0.000160101
90 119 3 100 5000 0.000160210
24 35 3 100 100000 0.000160308
16 49 3 100 10000 0.000160332
112 49 3 100 10000 0.000160528
27 144 3 100 5000 0.000160699
57 14 3 100 1000 0.000160740
58 118 3 100 1000000 0.000160832
140 42 3 100 20000 0.000161006
1 117 3 100 1000 0.000161051
155 96 3 100 100000 0.000161219
143 66 3 100 20000 0.000161416
28 159 3 100 100000 0.000161654
93 76 3 100 2000000 0.000161953
97 46 3 100 200000 0.000162038
141 140 3 100 10000 0.000162268
34 16 3 100 10000 0.000162320
148 147 3 100 1000 0.000162344
32 37 3 100 5000 0.000162544
158 18 3 100 1000 0.000162692
123 128 3 100 10000 0.000162758
26 138 3 100 20000 0.000162848
103 121 3 100 200000 0.000162998
107 94 3 100 200000 0.000163257
147 119 3 100 20000 0.000163285
36 146 3 100 2000000 0.000163311
3 51 3 100 200000 0.000163354
82 7 3 100 1000000 0.000163404
71 43 3 100 200000 0.000163514
19 140 3 100 1000 0.000163704
9 155 3 100 2000000 0.000163826
1 143 3 100 50000 0.000164033
69 24 3 100 20000 0.000164296
38 95 3 100 5000 0.000164329
88 139 3 100 10000 0.000164339
43 141 3 100 100000 0.000164394
148 27 3 100 10000 0.000164498
157 112 3 100 200000 0.000164567
95 61 3 100 500000 0.000164614
53 68 3 100 1000000 0.000164630
38 17 3 100 10000 0.000164654
110 58 3 100 1000000 0.000164730
59 30 3 100 200000 0.000164852
17 29 3 100 500000 0.000164898
56 0 3 100 200000 0.000165209
15 133 3 100 1000000 0.000165428
138 37 3 100 200000 0.000165440
19 64 3 100 10000 0.000165532
152 36 3 100 200000 0.000165542
146 53 3 100 10000 0.000165544
153 114 3 100 10000 0.000165666
32 50 3 100 2000 0.000165684
158 4 3 100 20000 0.000165720
137 90 3 100 100000 0.000165988
105 74 3 100 100000 0.000166143
132 63 3 100 50000 0.000166151
130 137 3 100 200000 0.000166208
9 147 3 100 2000 0.000166263
49 105 3 100 20000 0.000166536
101 134 3 100 200000 0.000166560
156 0 3 100 1000000 0.000166696
142 45 3 100 2000 0.000166974
9 111 3 100 1000 0.000167163
22 136 3 100 10000 0.000167218
157 49 3 100 1000 0.000167557
102 40 3 100 20000 0.000168100
80 139 3 100 200000 0.000168157
43 33 3 100 20000 0.000168376
54 152 3 100 500000 0.000168591
130 59 3 100 10000 0.000168875
55 73 3 100 20000 0.000168891
117 150 3 100 500000 0.000168941
32 19 3 100 2000 0.000168973
86 101 3 100 50000 0.000169163
125 90 3 100 10000 0.000169240
122 80 3 100 20000 0.000169300
153 60 3 100 20000 0.000169490
146 70 3 100 50000 0.000169785
29 146 3 100 5000 0.000169883
37 60 3 100 10000 0.000170078
54 114 3 100 20000 0.000170285
127 74 3 100 50000 0.000170385
23 40 3 100 1000 0.000170454
18 15 3 100 2000 0.000170875
115 112 3 100 2000 0.000171218
137 128 3 100 5000 0.000171331
119 157 3 100 2000 0.000171437
15 137 3 100 200000 0.000171670
53 146 3 100 1000 0.000171757
37 57 3 100 1000 0.000171766
77 120 3 100 1000000 0.000171773
144 137 3 100 500000 0.000171849
128 18 3 100 50000 0.000171915
103 115 3 100 1000 0.000171950
119 61 3 100 100000 0.000172165
112 157 3 100 100000 0.000172405
137 65 3 100 500000 0.000172600
115 71 3 100 5000 0.000172809
139 69 3 100 1000000 0.000172992
83 101 3 100 20000 0.000173080
3 95 3 100 20000 0.000173450
93 82 3 100 5000 0.000173560
92 25 3 100 1000000 0.000173598
142 152 3 100 50000 0.000173609
80 1 3 100 1000000 0.000173733
150 88 3 100 5000000 0.000173863
131 151 3 100 5000 0.000173927
80 138 3 100 10000 0.000174213
50 88 3 100 1000000 0.000174249
40 7 3 100 1000 0.000174421
7 38 3 100 50000 0.000174480
133 1 3 100 10000 0.000174494
14 96 3 100 10000 0.000174508
22 124 3 100 500000 0.000174768
17 18 3 100 50000 0.000175050
110 115 3 100 100000 0.000175113
62 27 3 100 1000000 0.000175169
97 45 3 100 10000 0.000175296
60 4 3 100 5000 0.000175310
39 12 3 100 500000 0.000175328
99 123 3 100 10000 0.000175406
99 22 3 100 1000000 0.000175460
22 17 3 100 5000 0.000175493
149 15 3 100 1000 0.000175550
36 72 3 100 200000 0.000175591
151 111 3 100 2000000 0.000175787
128 64 3 100 500000 0.000175889
97 115 3 100 5000 0.000176481
114 11 3 100 1000 0.000176589
115 92 3 100 100000 0.000176912
11 27 3 100 200000 0.000176983
58 106 3 100 50000 0.000177218
86 82 3 100 1000 0.000177298
104 34 3 100 1000000 0.000177317
104 12 3 100 50000 0.000177403
28 83 3 100 10000 0.000177414
4 113 3 100 500000 0.000177433
31 10 3 100 20000 0.000177587
139 51 3 100 200000 0.000177984
61 125 3 100 2000 0.000178100
18 145 3 100 1000000 0.000178164
48 76 3 100 50000 0.000178316
91 30 3 100 1000000 0.000178468
34 98 3 100 5000 0.000178507
151 35 3 100 100000 0.000178681
96 142 3 100 2000 0.000178702
107 154 3 100 2000 0.000178941
54 144 3 100 1000 0.000179189
139 112 3 100 500000 0.000179340
133 80 3 100 1000 0.000179469
140 13 3 100 100000 0.000179836
87 145 3 100 1000 0.000179847
41 113 3 100 5000000 0.000179959
71 126 3 100 50000 0.000180049
58 62 3 100 5000 0.000180073
152 71 3 100 20000 0.000180362
70 158 3 100 2000 0.000180364
102 126 3 100 500000 0.000180662
86 111 3 100 200000 0.000180697
136 140 3 100 20000 0.000180737
96 32 3 100 200000 0.000180738
8 45 3 100 500000 0.000180888
106 143 3 100 10000 0.000180955
29 143 3 100 2000000 0.000180998
75 40 3 100 20000 0.000181127
75 109 3 100 5000 0.000181140
8 85 3 100 200000 0.000181386
68 92 3 100 200000 0.000181411
11 132 3 100 20000 0.000181880
152 156 3 100 1000 0.000181977
102 125 3 100 10000 0.000182204
118 41 3 100 1000 0.000182400
71 29 3 100 5000 0.000182431
83 109 3 100 2000 0.000182646
131 155 3 100 200000 0.000182974
51 40 3 100 20000 0.000182988
76 38 3 100 1000000 0.000183078
131 53 3 100 100000 0.000183235
109 49 3 100 10000 0.000183280
39 31 3 100 200000 0.000183325
125 114 3 100 500000 0.000183402
101 144 3 100 5000 0.000183603
79 107 3 100 5000 0.000183668
15 151 3 100 5000 0.000184068
144 105 3 100 1000000 0.000184158
81 115 3 100 5000 0.000184172
74 94 3 100 20000 0.000184242
93 22 3 100 2000 0.000184250
64 152 3 100 10000 0.000184253
46 129 3 100 20000 0.000184597
6 94 3 100 5000 0.000184852
109 24 3 100 2000 0.000184984
130 88 3 100 500000 0.000185079
134 2 3 100 100000 0.000185184
49 120 3 100 500000 0.000185282
148 77 3 100 50000 0.000185282
144 133 3 100 5000 0.000185301
81 51 3 100 1000 0.000185711
145 39 3 100 2000 0.000185737
72 22 3 100 20000 0.000185842
67 51 3 100 50000 0.000186199
12 70 3 100 200000 0.000186287
110 4 3 100 10000 0.000186364
116 46 3 100 100000 0.000186777
16 47 3 100 2000 0.000187263
83 47 3 100 5000 0.000187438
78 133 3 100 20000 0.000187763
3 30 3 100 5000 0.000187903
69 81 3 100 1000 0.000187956
58 20 3 100 1000000 0.000188022
156 68 3 100 2000 0.000188357
104 149 3 100 20000 0.000188647
110 1 3 100 100000 0.000188861
69 29 3 100 1000 0.000188862
93 104 3 100 200000 0.000188959
20 29 3 100 20000 0.000189080
3 5 3 100 50000 0.000189215
21 61 3 100 50000 0.000189313
79 81 3 100 5000 0.000189326
151 116 3 100 500000 0.000189340
36 107 3 100 1000000 0.000189450
18 119 3 100 100000 0.000189630
26 39 3 100 500000 0.000189732
31 19 3 100 500000 0.000189795
62 61 3 100 2000 0.000189904
142 116 3 100 200000 0.000189986
92 25 3 100 200000 0.000189998
46 149 3 100 10000 0.000190057
102 71 3 100 1000 0.000190172
91 42 3 100 2000000 0.000190287
38 26 3 100 200000 0.000190832
79 95 3 100 1000 0.000190934
46 126 3 100 50000 0.000191086
150 156 3 100 2000000 0.000191193
141 85 3 100 50000 0.000191260
1 109 3 100 500000 0.000191285
44 10 3 100 500000 0.000191552
20 39 3 100 20000 0.000191558
8 63 3 100 5000 0.000191905
44 11 3 100 1000000 0.000192122
48 130 3 100 50000 0.000192352
59 62 3 100 100000 0.000192686
139 83 3 100 500000 0.000192689
53 60 3 100 1000 0.000192783
125 73 3 100 20000 0.000192915
40 112 3 100 1000 0.000192968
73 74 3 100 5000 0.000193420
159 147 3 100 50000 0.000193705
138 105 3 100 1000000 0.000194191
40 93 3 100 10000 0.000194348
3 56 3 100 1000 0.000194400
121 80 3 100 10000 0.000194400
21 105 3 100 1000 0.000194587
152 19 3 100 100000 0.000194658
39 102 3 100 200000 0.000194714
106 73 3 100 100000 0.000195137
102 96 3 100 20000 0.000195167
53 78 3 100 2000 0.000195277
148 105 3 100 5000 0.000195438
28 75 3 100 20000 0.000195454
111 95 3 100 1000000 0.000195552
111 142 3 100 1000 0.000195774
27 141 3 100 5000 0.000195812
112 39 3 100 50000 0.000195850
106 97 3 100 10000 0.000196091
90 144 3 100 1000 0.000196188
6 139 3 100 200000 0.000196284
156 100 3 100 50000 0.000196293
118 86 3 100 500000 0.000196477
130 49 3 100 1000 0.000196530
111 146 3 100 50000 0.000196620
63 145 3 100 20000 0.000196945
95 153 3 100 20000 0.000197071
129 82 3 100 2000 0.000197105
69 27 3 100 100000 0.000197194
114 26 3 100 200000 0.000197322
113 150 3 100 200000 0.000197355
74 148 3 100 1000 0.000197517
126 140 3 100 1000 0.000197709
63 19 3 100 100000 0.000197891
55 107 3 100 10000 0.000197944
71 93 3 100 50000 0.000197963
11 31 3 100 20000 0.000198042
17 38 3 100 1000 0.000198046
87 156 3 100 5000 0.000198134
25 101 3 100 1000000 0.000198172
100 159 3 100 5000 0.000198186
22 73 3 100 5000000 0.000198360
32 126 3 100 20000 0.000198361
142 9 3 100 1000 0.000198840
83 38 3 100 1000 0.000199149
146 30 3 100 5000 0.000199168
88 147 3 100 100000 0.000199334
14 19 3 100 50000 0.000199398
98 91 3 100 200000 0.000199425
73 131 3 100 2000000 0.000199588
66 126 3 100 50000 0.000199868
30 39 3 100 2000 0.000200092
103 56 3 100 1000 0.000200190
102 117 3 100 20000 0.000200479
27 59 3 100 10000 0.000200636
69 62 3 100 20000 0.000200754
12 61 3 100 5000 0.000200894
77 4 3 100 50000 0.000200946
116 42 3 100 200000 0.000200954
148 40 3 100 2000000 0.000200976
65 113 3 100 10000 0.000201044
77 55 3 100 1000 0.000201221
153 8 3 100 10000 0.000201340
138 70 3 100 2000 0.000201358
1 56 3 100 5000000 0.000201394
159 54 3 100 200000 0.000201399
150 32 3 100 500000 0.000201461
5 148 3 100 200000 0.000201553
82 142 3 100 200000 0.000201637
123 44 3 100 20000 0.000201799
67 140 3 100 1000 0.000201841
127 140 3 100 10000 0.000201979
76 113 3 100 500000 0.000202060
77 101 3 100 20000 0.000202458
12 73 3 100 5000 0.000202493
13 151 3 100 50000 0.000202497
70 76 3 100 1000000 0.000202564
146 29 3 100 1000 0.000202566
104 45 3 100 100000 0.000202724
150 140 3 100 1000000 0.000202739
150 143 3 100 500000 0.000202756
5 80 3 100 1000 0.000202800
98 103 3 100 1000 0.000202997
13 109 3 100 1000 0.000203042
153 37 3 100 50000 0.000203088
89 123 3 100 200000 0.000203483
27 152 3 100 1000 0.000203801
76 25 3 100 1000 0.000203858
34 154 3 100 500000 0.000204013
113 118 3 100 20000 0.000204174
66 27 3 100 1000 0.000204182
75 33 3 100 500000 0.000204272
66 101 3 100 10000 0.000204317
123 132 3 100 20000 0.000204342
1 126 3 100 1000 0.000204346
63 139 3 100 50000 0.000204415
107 49 3 100 5000 0.000204533
95 35 3 100 200000 0.000204706
62 90 3 100 5000 0.000204726
112 80 3 100 1000000 0.000204838
97 43 3 100 50000 0.000204876
134 13 3 100 10000 0.000205016
63 80 3 100 1000 0.000205078
2 0 3 100 50000 0.000205096
1 28 3 100 2000 0.000205303
138 33 3 100 2000 0.000205486
134 138 3 100 50000 0.000205850
142 94 3 100 500000 0.000205893
130 34 3 100 5000 0.000205937
113 93 3 100 20000 0.000206056
10 43 3 100 100000 0.000206094
96 143 3 100 200000 0.000206349
76 98 3 100 10000 0.000206464
104 32 3 100 1000 0.000206505
50 74 3 100 1000 0.000206624
24 10 3 100 10000 0.000206651
136 36 3 100 100000 0.000206693
130 112 3 100 50000 0.000206736
31 146 3 100 20000 0.000206797
155 144 3 100 500000 0.000206854
65 33 3 100 1000 0.000207277
82 118 3 100 1000 0.000207338
110 149 3 100 1000 0.000207960
98 33 3 100 5000 0.000208034
97 22 3 100 1000 0.000208296
107 19 3 100 2000 0.000208405
98 129 3 100 2000 0.000208473
112 80 3 100 5000 0.000208500
1 108 3 100 50000 0.000208759
103 74 3 100 50000 0.000208889
149 148 3 100 1000000 0.000209227
116 152 3 100 50000 0.000209273
63 36 3 100 200000 0.000209681
152 148 3 100 10000 0.000210020
7 149 3 100 50000 0.000210158
96 85 3 100 100000 0.000210358
80 2 3 100 1000000 0.000210497
80 96 3 100 500000 0.000210526
148 87 3 100 5000 0.000210577
115 58 3 100 20000 0.000210580
12 138 3 100 1000 0.000210608
156 125 3 100 20000 0.000210656
128 31 3 100 2000000 0.000210820
26 125 3 100 100000 0.000210828
144 80 3 100 50000 0.000210896
155 28 3 100 100000 0.000210905
152 87 3 100 50000 0.000211095
33 10 3 100 20000 0.000211176
99 126 3 100 1000 0.000211215
144 147 3 100 100000 0.000211271
152 116 3 100 20000 0.000211310
75 70 3 100 1000 0.000211397
150 72 3 100 500000 0.000211581
49 15 3 100 200000 0.000211677
111 21 3 100 10000 0.000211895
114 70 3 100 500000 0.000211932
34 149 3 100 100000 0.000212054
107 131 3 100 1000 0.000212191
127 143 3 100 20000 0.000212500
141 38 3 100 2000 0.000212623
10 158 3 100 10000 0.000212713
154 110 3 100 100000 0.000212796
151 108 3 100 100000 0.000212910
41 81 3 100 100000 0.000212942
107 71 3 100 50000 0.000213013
99 130 3 100 1000 0.000213086
79 13 3 100 2000 0.000213117
112 111 3 100 5000 0.000213466
18 69 3 100 20000 0.000213485
133 70 3 100 1000000 0.000213685
134 56 3 100 2000 0.000213697
64 7 3 100 100000 0.000213703
12 98 3 100 100000 0.000213849
16 70 3 100 200000 0.000213866
28 25 3 100 200000 0.000213893
54 129 3 100 5000 0.000214181
116 98 3 100 1000 0.000214451
17 77 3 100 1000 0.000214453
68 152 3 100 100000 0.000214582
87 127 3 100 1000 0.000214664
89 42 3 100 100000 0.000214675
62 95 3 100 1000000 0.000214752
116 133 3 100 500000 0.000214782
32 148 3 100 20000 0.000214809
29 157 3 100 100000 0.000214826
81 27 3 100 2000 0.000214864
6 135 3 100 1000 0.000215040
158 11 3 100 5000 0.000215315
13 12 3 100 5000 0.000215322
96 57 3 100 200000 0.000215342
118 13 3 100 2000 0.000215353
141 13 3 100 20000 0.000215720
107 149 3 100 500000 0.000215776
4 25 3 100 1000 0.000215854
107 119 3 100 200000 0.000215888
120 137 3 100 500000 0.000215965
94 2 3 100 20000 0.000216077
117 147 3 100 1000 0.000216220
43 14 3 100 500000 0.000216279
28 141 3 100 200000 0.000216302
68 63 3 100 100000 0.000216343
137 7 3 100 1000000 0.000216439
105 33 3 100 2000000 0.000216521
20 130 3 100 200000 0.000216559
69 84 3 100 50000 0.000216671
45 157 3 100 20000 0.000216679
155 119 3 100 100000 0.000216697
59 101 3 100 1000000 0.000216809
48 76 3 100 20000 0.000216811
150 151 3 100 10000 0.000216899
48 84 3 100 100000 0.000217143
38 85 3 100 1000 0.000217178
93 95 3 100 500000 0.000217214
102 22 3 100 500000 0.000217353
98 9 3 100 10000 0.000217528
76 35 3 100 5000 0.000217588
114 139 3 100 50000 0.000217991
103 27 3 100 1000 0.000218173
24 148 3 100 10000 0.000218176
127 99 3 100 500000 0.000218201
53 79 3 100 100000 0.000218250
155 116 3 100 1000000 0.000218259
83 62 3 100 100000 0.000218291
1 152 3 100 5000000 0.000218391
2 28 3 100 1000000 0.000218393
81 119 3 100 10000 0.000218425
65 142 3 100 50000 0.000218457
115 29 3 100 20000 0.000218527
9 137 3 100 100000 0.000218676
3 15 3 100 5000 0.000218798
94 44 3 100 100000 0.000218891
94 64 3 100 100000 0.000219059
117 122 3 100 200000 0.000219070
30 20 3 100 5000 0.000219165
107 39 3 100 1000000 0.000219223
159 85 3 100 1000 0.000219227
97 109 3 100 20000 0.000219572
17 142 3 100 200000 0.000220109
5 128 3 100 1000000 0.000220199
70 34 3 100 10000 0.000220250
75 21 3 100 10000 0.000220260
156 17 3 100 50000 0.000220915
24 75 3 100 10000 0.000220970
81 91 3 100 1000000 0.000220976
156 123 3 100 1000 0.000220980
28 115 3 100 500000 0.000221102
7 10 3 100 10000 0.000221296
44 67 3 100 100000 0.000221351
47 100 3 100 10000 0.000221562
21 97 3 100 10000 0.000221659
147 36 3 100 500000 0.000221697
103 35 3 100 500000 0.000221729
61 15 3 100 20000 0.000221752
146 131 3 100 1000 0.000221905
15 22 3 100 5000 0.000221912
78 66 3 100 2000 0.000222042
77 128 3 100 200000 0.000222095
73 24 3 100 1000 0.000222137
130 125 3 100 2000 0.000222251
112 84 3 100 500000 0.000222299
88 41 3 100 20000 0.000222376
8 27 3 100 10000 0.000222603
96 84 3 100 10000 0.000222616
129 140 3 100 20000 0.000222937
52 139 3 100 20000 0.000223034
91 32 3 100 1000 0.000223056
141 114 3 100 5000 0.000223064
36 154 3 100 1000 0.000223111
127 20 3 100 20000 0.000223143
13 116 3 100 10000 0.000223185
8 120 3 100 5000 0.000223386
66 84 3 100 20000 0.000223512
0 96 3 100 1000 0.000223837
90 24 3 100 1000 0.000223853
152 84 3 100 20000 0.000223870
100 95 3 100 500000 0.000224375
150 97 3 100 20000 0.000224491
132 142 3 100 200000 0.000224585
155 109 3 100 100000 0.000224673
91 111 3 100 5000 0.000224674
37 85 3 100 200000 0.000224729
78 68 3 100 200000 0.000224733
151 108 3 100 50000 0.000224923
68 156 3 100 1000 0.000225038
58 23 3 100 50000 0.000225262
159 106 3 100 2000 0.000225573
81 78 3 100 20000 0.000225591
22 111 3 100 2000000 0.000225593
70 29 3 100 2000 0.000225655
38 86 3 100 500000 0.000225790
95 75 3 100 5000 0.000225830
89 13 3 100 1000 0.000225967
71 112 3 100 50000 0.000225996
49 143 3 100 10000 0.000226175
140 118 3 100 500000 0.000226235
130 89 3 100 10000 0.000226347
126 134 3 100 200000 0.000226930
62 57 3 100 5000 0.000226933
18 20 3 100 50000 0.000226984
141 33 3 100 1000000 0.000227015
74 23 3 100 200000 0.000227018
31 74 3 100 1000 0.000227062
141 64 3 100 1000 0.000227086
20 123 3 100 2000000 0.000227207
78 7 3 100 10000 0.000227224
114 96 3 100 10000 0.000227363
31 83 3 100 2000 0.000227480
123 3 3 100 100000 0.000227514
67 53 3 100 20000 0.000227599
113 157 3 100 100000 0.000227604
37 73 3 100 1000000 0.000227664
104 155 3 100 500000 0.000227752
46 120 3 100 5000 0.000227778
133 146 3 100 1000000 0.000227881
46 27 3 100 20000 0.000227941
23 150 3 100 5000 0.000228049
100 102 3 100 20000 0.000228379
136 96 3 100 50000 0.000228571
127 156 3 100 500000 0.000228573
126 67 3 100 100000 0.000228654
116 107 3 100 500000 0.000228699
129 76 3 100 2000 0.000228729
36 123 3 100 500000 0.000228816
65 6 3 100 1000 0.000228853
102 30 3 100 2000000 0.000229102
149 0 3 100 200000 0.000229273
60 148 3 100 200000 0.000229434
54 42 3 100 10000 0.000229435
38 118 3 100 2000000 0.000229607
84 135 3 100 10000 0.000229705
92 88 3 100 500000 0.000230070
11 135 3 100 2000000 0.000230095
126 99 3 100 10000 0.000230400
135 113 3 100 100000 0.000230525
89 48 3 100 20000 0.000230530
25 93 3 100 1000 0.000230544
0 158 3 100 500000 0.000230717
43 77 3 100 2000 0.000230753
29 155 3 100 1000000 0.000230958
133 9 3 100 20000 0.000231213
115 53 3 100 50000 0.000231448
93 40 3 100 1000 0.000231573
24 51 3 100 1000 0.000231618
28 116 3 100 10000 0.000231693
83 140 3 100 20000 0.000231991
90 138 3 100 20000 0.000232207
59 72 3 100 10000 0.000232734
20 141 3 100 1000 0.000232746
120 113 3 100 1000000 0.000232926
77 102 3 100 1000 0.000233019
1 141 3 100 500000 0.000233324
1 29 3 100 100000 0.000233553
154 69 3 100 10000 0.000233730
15 118 3 100 50000 0.000233794
83 98 3 100 1000 0.000233811
138 156 3 100 100000 0.000233986
148 110 3 100 200000 0.000234061
63 101 3 100 1000000 0.000234412
67 17 3 100 500000 0.000234427
133 67 3 100 10000 0.000234579
14 62 3 100 1000 0.000234599
112 91 3 100 200000 0.000234621
66 152 3 100 1000 0.000234680
159 42 3 100 20000 0.000234732
19 103 3 100 500000 0.000235183
5 14 3 100 1000000 0.000235217
132 27 3 100 200000 0.000235222
131 20 3 100 20000 0.000235516
128 98 3 100 200000 0.000235687
150 54 3 100 100000 0.000235818
134 100 3 100 2000000 0.000235900
139 109 3 100 20000 0.000236025
126 72 3 100 20000 0.000236035
158 3 3 100 2000 0.000236062
92 124 3 100 50000 0.000236152
156 91 3 100 10000 0.000236176
80 26 3 100 5000 0.000236284
60 50 3 100 10000 0.000236370
95 99 3 100 200000 0.000236582
145 134 3 100 10000 0.000236739
151 90 3 100 5000 0.000236779
139 97 3 100 200000 0.000236872
5 47 3 100 1000 0.000236873
20 153 3 100 20000 0.000236939
123 25 3 100 10000 0.000236974
158 78 3 100 500000 0.000237078
51 121 3 100 20000 0.000237195
107 157 3 100 500000 0.000237237
153 126 3 100 200000 0.000237280
105 45 3 100 20000 0.000237341
146 140 3 100 10000 0.000237411
41 140 3 100 50000 0.000237455
98 136 3 100 100000 0.000237803
76 63 3 100 50000 0.000238102
140 128 3 100 1000 0.000238150
12 16 3 100 20000 0.000238151
83 134 3 100 5000 0.000238222
5 60 3 100 20000 0.000238268
78 134 3 100 1000 0.000238347
53 75 3 100 10000 0.000238437
43 57 3 100 10000 0.000238478
99 65 3 100 100000 0.000238582
17 158 3 100 5000 0.000238593
82 31 3 100 1000 0.000238645
126 134 3 100 500000 0.000238715
130 153 3 100 1000000 0.000238876
121 68 3 100 2000 0.000238960
158 156 3 100 2000 0.000239108
74 91 3 100 500000 0.000239179
111 88 3 100 5000 0.000239247
126 91 3 100 500000 0.000239290
39 98 3 100 10000 0.000239334
0 49 3 100 200000 0.000239617
154 25 3 100 5000 0.000239891
142 109 3 100 500000 0.000239923
96 118 3 100 500000 0.000240082
37 35 3 100 200000 0.000240345
146 72 3 100 50000 0.000240438
100 98 3 100 100000 0.000240470
25 67 3 100 50000 0.000240495
0 58 3 100 200000 0.000240547
