1942
233 46 3 100 500000 0.000000210
295 255 3 100 500000 0.000000296
248 251 3 100 1000000 0.000000331
113 105 3 100 1000 0.000000625
319 156 3 100 2000 0.000000637
149 34 3 100 1000 0.000000667
194 59 3 100 20000 0.000000791
158 207 3 100 500000 0.000001252
278 153 3 100 10000 0.000001447
81 103 3 100 1000 0.000001494
216 37 3 100 1000 0.000001532
312 51 3 100 200000 0.000001648
46 242 3 100 200000 0.000001770
217 37 3 100 10000 0.000001847
262 204 3 100 5000 0.000002005
29 194 3 100 10000 0.000002046
116 193 3 100 100000 0.000002098
153 114 3 100 500000 0.000002146
125 223 3 100 5000 0.000002189
274 264 3 100 1000000 0.000002224
164 112 3 100 50000 0.000002282
198 81 3 100 1000 0.000002397
8 34 3 100 1000000 0.000002406
88 203 3 100 5000000 0.000002697
265 138 3 100 100000 0.000002733
254 79 3 100 20000 0.000002830
40 84 3 100 200000 0.000002938
121 24 3 100 200000 0.000003063
231 306 3 100 500000 0.000003471
105 48 3 100 2000 0.000003598
235 141 3 100 200000 0.000003603
68 54 3 100 5000 0.000003659
307 273 3 100 500000 0.000003769
58 108 3 100 100000 0.000003813
143 263 3 100 200000 0.000003875
124 270 3 100 1000000 0.000003974
139 126 3 100 5000 0.000004285
285 159 3 100 1000 0.000004315
155 271 3 100 2000000 0.000004353
221 310 3 100 1000 0.000004569
264 230 3 100 20000 0.000004678
152 260 3 100 1000 0.000004860
117 245 3 100 1000000 0.000004949
202 254 3 100 200000 0.000005011
125 309 3 100 200000 0.000005324
59 183 3 100 200000 0.000005605
147 73 3 100 1000 0.000005666
202 206 3 100 20000 0.000005722
205 255 3 100 1000 0.000005734
133 159 3 100 10000 0.000006058
288 315 3 100 5000 0.000006153
270 15 3 100 200000 0.000006237
243 4 3 100 2000 0.000006424
276 74 3 100 2000 0.000006449
75 151 3 100 500000 0.000006676
65 316 3 100 1000 0.000006706
145 233 3 100 1000 0.000006819
182 159 3 100 200000 0.000006866
84 15 3 100 1000 0.000006914
228 210 3 100 100000 0.000007416
191 29 3 100 1000 0.000007716
229 314 3 100 50000 0.000007745
83 150 3 100 10000 0.000007892
160 143 3 100 20000 0.000008217
148 200 3 100 5000 0.000008290
211 229 3 100 2000 0.000008528
24 196 3 100 20000 0.000008574
244 294 3 100 100000 0.000008797
108 274 3 100 1000 0.000008956
314 128 3 100 10000 0.000009327
259 161 3 100 1000 0.000009591
105 165 3 100 1000000 0.000009607
105 196 3 100 5000 0.000009879
225 207 3 100 10000 0.000010001
65 226 3 100 100000 0.000010081
123 41 3 100 100000 0.000010152
149 30 3 100 1000000 0.000010305
81 21 3 100 10000 0.000010317
134 207 3 100 100000 0.000010460
148 122 3 100 20000 0.000010515
114 294 3 100 10000 0.000010580
220 145 3 100 100000 0.000010599
79 62 3 100 1000 0.000010760
308 199 3 100 1000 0.000010804
75 276 3 100 500000 0.000010905
295 256 3 100 5000 0.000011010
31 154 3 100 500000 0.000011032
83 151 3 100 10000 0.000011201
255 187 3 100 5000 0.000011724
151 190 3 100 1000 0.000011900
236 208 3 100 20000 0.000012000
175 278 3 100 10000 0.000012210
47 319 3 100 100000 0.000012211
11 232 3 100 5000 0.000012220
20 55 3 100 50000 0.000012235
35 128 3 100 5000 0.000012530
146 184 3 100 5000 0.000012699
299 67 3 100 100000 0.000012909
57 189 3 100 5000 0.000013013
214 264 3 100 500000 0.000013183
144 280 3 100 50000 0.000013226
249 272 3 100 500000 0.000013286
168 90 3 100 200000 0.000013835
218 73 3 100 5000 0.000013861
27 199 3 100 500000 0.000014066
15 53 3 100 1000000 0.000014109
283 268 3 100 10000 0.000014294
124 290 3 100 20000 0.000014327
157 308 3 100 1000 0.000014384
266 250 3 100 10000 0.000014424
160 314 3 100 100000 0.000014598
74 200 3 100 1000 0.000014728
71 231 3 100 1000 0.000014738
44 7 3 100 50000 0.000014758
282 274 3 100 1000 0.000015032
13 133 3 100 5000 0.000015083
148 255 3 100 100000 0.000015259
272 234 3 100 500000 0.000015580
60 305 3 100 50000 0.000015597
213 150 3 100 5000 0.000015945
181 121 3 100 1000 0.000015970
104 232 3 100 2000000 0.000016181
124 38 3 100 100000 0.000016218
59 165 3 100 1000 0.000016380
232 203 3 100 200000 0.000016740
89 282 3 100 100000 0.000016750
313 2 3 100 50000 0.000016952
280 66 3 100 100000 0.000017319
221 71 3 100 500000 0.000017630
193 96 3 100 2000 0.000017652
197 160 3 100 20000 0.000017711
293 213 3 100 2000 0.000017716
73 144 3 100 10000 0.000017940
222 114 3 100 500000 0.000018060
148 6 3 100 2000000 0.000018180
14 80 3 100 20000 0.000018293
80 8 3 100 10000 0.000018531
61 78 3 100 100000 0.000018594
44 58 3 100 20000 0.000018638
134 221 3 100 10000 0.000018640
237 247 3 100 200000 0.000018771
283 19 3 100 200000 0.000019014
300 225 3 100 200000 0.000019160
206 311 3 100 1000000 0.000019256
251 226 3 100 5000 0.000019265
24 2 3 100 500000 0.000019666
194 280 3 100 5000 0.000019764
130 58 3 100 1000000 0.000019793
97 315 3 100 200000 0.000019794
15 59 3 100 500000 0.000019828
156 303 3 100 50000 0.000019886
245 227 3 100 200000 0.000019958
167 51 3 100 10000 0.000019967
52 4 3 100 50000 0.000019981
184 52 3 100 1000 0.000020070
19 142 3 100 500000 0.000020156
307 235 3 100 200000 0.000020251
191 86 3 100 50000 0.000020389
264 275 3 100 5000 0.000020671
204 130 3 100 100000 0.000020871
174 283 3 100 200000 0.000020875
235 202 3 100 20000 0.000020877
266 177 3 100 100000 0.000021197
45 259 3 100 5000 0.000021257
80 123 3 100 200000 0.000021305
45 152 3 100 500000 0.000021359
262 222 3 100 200000 0.000022165
289 222 3 100 50000 0.000022371
126 299 3 100 100000 0.000022420
48 50 3 100 200000 0.000022569
197 23 3 100 1000 0.000022596
76 210 3 100 10000 0.000022829
263 74 3 100 20000 0.000023150
86 44 3 100 500000 0.000023357
44 78 3 100 20000 0.000023593
301 161 3 100 1000000 0.000023623
140 178 3 100 500000 0.000023689
39 119 3 100 1000000 0.000024000
288 93 3 100 100000 0.000024065
121 118 3 100 1000 0.000024148
316 99 3 100 100000 0.000024270
231 96 3 100 1000 0.000024304
3 135 3 100 1000 0.000024351
100 272 3 100 10000 0.000024411
9 38 3 100 20000 0.000024629
112 278 3 100 20000 0.000024657
89 66 3 100 20000 0.000024715
108 266 3 100 20000 0.000024726
319 292 3 100 200000 0.000025020
81 203 3 100 2000000 0.000025036
313 271 3 100 2000000 0.000025402
233 307 3 100 20000 0.000025512
247 276 3 100 1000000 0.000025640
299 131 3 100 1000 0.000025673
271 257 3 100 500000 0.000025674
160 151 3 100 20000 0.000025784
155 30 3 100 2000000 0.000025942
126 316 3 100 5000 0.000025973
319 232 3 100 20000 0.000026000
248 4 3 100 200000 0.000026040
54 151 3 100 200000 0.000026073
29 172 3 100 200000 0.000026094
221 39 3 100 200000 0.000026303
300 295 3 100 200000 0.000026420
274 231 3 100 1000 0.000026924
128 32 3 100 2000 0.000026946
191 45 3 100 1000 0.000027229
140 60 3 100 200000 0.000027297
182 268 3 100 500000 0.000027347
262 69 3 100 20000 0.000027705
12 271 3 100 2000 0.000027714
25 280 3 100 20000 0.000027868
95 123 3 100 5000 0.000027922
131 214 3 100 50000 0.000028015
187 87 3 100 500000 0.000028072
5 54 3 100 500000 0.000028101
233 113 3 100 10000 0.000028138
197 87 3 100 10000 0.000028503
297 240 3 100 50000 0.000028505
182 98 3 100 500000 0.000028512
59 64 3 100 200000 0.000028609
130 279 3 100 2000 0.000028632
20 160 3 100 20000 0.000029056
21 275 3 100 100000 0.000029100
204 201 3 100 5000 0.000029107
252 106 3 100 20000 0.000029201
124 278 3 100 50000 0.000029266
269 69 3 100 20000 0.000029422
36 144 3 100 2000000 0.000029491
217 148 3 100 200000 0.000029560
256 127 3 100 50000 0.000029621
235 7 3 100 200000 0.000029741
279 44 3 100 20000 0.000029852
192 9 3 100 100000 0.000030028
7 64 3 100 1000 0.000030170
257 307 3 100 20000 0.000030272
208 216 3 100 500000 0.000030272
299 89 3 100 1000000 0.000030364
149 146 3 100 100000 0.000030428
124 161 3 100 1000 0.000030592
175 195 3 100 10000 0.000030596
121 111 3 100 20000 0.000030641
161 9 3 100 2000000 0.000031111
146 84 3 100 1000 0.000031138
224 89 3 100 10000 0.000031171
214 260 3 100 20000 0.000031819
179 141 3 100 20000 0.000031847
317 117 3 100 1000 0.000031909
319 207 3 100 2000 0.000031917
155 143 3 100 1000 0.000032032
137 250 3 100 5000 0.000032101
79 318 3 100 20000 0.000032350
17 208 3 100 2000000 0.000032546
235 46 3 100 50000 0.000032560
209 121 3 100 20000 0.000032671
30 111 3 100 20000 0.000032916
70 319 3 100 10000 0.000032964
71 146 3 100 1000 0.000032981
304 94 3 100 500000 0.000033108
158 281 3 100 5000 0.000033446
214 98 3 100 10000 0.000033597
307 103 3 100 2000 0.000033830
85 271 3 100 10000 0.000033832
243 264 3 100 50000 0.000033879
97 172 3 100 20000 0.000033895
41 10 3 100 5000000 0.000033951
311 70 3 100 10000 0.000034023
62 108 3 100 2000 0.000034206
249 35 3 100 2000 0.000034405
189 317 3 100 1000 0.000034741
25 243 3 100 20000 0.000034743
167 80 3 100 200000 0.000035413
307 196 3 100 100000 0.000035421
290 194 3 100 10000 0.000035982
212 315 3 100 500000 0.000036028
127 166 3 100 500000 0.000036033
135 312 3 100 10000 0.000036037
57 120 3 100 500000 0.000036340
113 228 3 100 50000 0.000036366
65 226 3 100 20000 0.000036447
262 202 3 100 100000 0.000036460
127 211 3 100 10000 0.000036525
91 288 3 100 1000 0.000036849
214 49 3 100 2000 0.000037005
79 255 3 100 50000 0.000037009
126 37 3 100 1000 0.000037194
195 134 3 100 500000 0.000037239
182 29 3 100 5000 0.000037397
79 263 3 100 50000 0.000037667
272 21 3 100 100000 0.000037702
22 154 3 100 20000 0.000037905
202 0 3 100 500000 0.000038021
140 301 3 100 100000 0.000038021
147 312 3 100 100000 0.000038521
266 154 3 100 5000 0.000038610
116 37 3 100 2000 0.000038725
40 291 3 100 1000000 0.000038786
68 268 3 100 1000 0.000038907
289 120 3 100 2000 0.000038982
244 145 3 100 10000 0.000039457
60 309 3 100 20000 0.000039574
207 102 3 100 5000 0.000039706
128 153 3 100 20000 0.000039751
124 73 3 100 200000 0.000039798
58 10 3 100 1000 0.000039867
127 286 3 100 1000000 0.000040035
170 45 3 100 500000 0.000040097
137 230 3 100 100000 0.000040315
0 12 3 100 200000 0.000040452
57 188 3 100 50000 0.000040490
234 224 3 100 1000 0.000040547
135 180 3 100 500000 0.000040848
110 215 3 100 10000 0.000041168
53 158 3 100 200000 0.000041219
312 192 3 100 200000 0.000041312
181 137 3 100 500000 0.000041539
308 157 3 100 20000 0.000041646
100 135 3 100 100000 0.000041756
312 249 3 100 1000 0.000041936
188 113 3 100 10000 0.000042137
5 259 3 100 100000 0.000042158
312 45 3 100 200000 0.000042224
181 155 3 100 10000 0.000042350
268 44 3 100 200000 0.000042425
54 58 3 100 20000 0.000042474
156 66 3 100 5000 0.000042525
53 186 3 100 200000 0.000042565
226 212 3 100 500000 0.000042911
128 126 3 100 200000 0.000042925
300 135 3 100 200000 0.000043203
112 117 3 100 5000 0.000043567
305 165 3 100 5000 0.000043675
217 44 3 100 5000 0.000043781
126 78 3 100 200000 0.000043836
18 127 3 100 5000 0.000043954
294 68 3 100 1000 0.000043973
84 224 3 100 1000 0.000044008
56 276 3 100 20000 0.000044024
61 46 3 100 500000 0.000044091
236 257 3 100 5000 0.000044434
122 91 3 100 1000 0.000044453
297 180 3 100 1000000 0.000044476
280 254 3 100 20000 0.000044522
30 188 3 100 2000 0.000044656
238 117 3 100 500000 0.000044805
132 204 3 100 1000000 0.000044873
183 137 3 100 100000 0.000044901
29 215 3 100 5000 0.000044995
262 315 3 100 5000000 0.000045117
95 25 3 100 5000 0.000045182
239 97 3 100 20000 0.000045572
54 115 3 100 500000 0.000045578
92 152 3 100 20000 0.000045809
65 262 3 100 1000 0.000046075
196 246 3 100 10000 0.000046215
53 151 3 100 10000 0.000046311
196 45 3 100 1000000 0.000046324
144 248 3 100 200000 0.000046340
16 76 3 100 50000 0.000046575
114 164 3 100 5000 0.000046710
84 187 3 100 10000 0.000046768
104 252 3 100 500000 0.000047260
31 61 3 100 200000 0.000047409
257 161 3 100 50000 0.000047497
83 218 3 100 2000 0.000047799
246 40 3 100 5000 0.000047837
34 141 3 100 50000 0.000047902
249 233 3 100 100000 0.000047964
61 49 3 100 200000 0.000047972
300 85 3 100 20000 0.000048093
29 9 3 100 200000 0.000048384
122 76 3 100 5000 0.000048469
5 82 3 100 50000 0.000048735
85 142 3 100 5000 0.000048800
243 249 3 100 10000 0.000048925
67 213 3 100 5000 0.000049021
121 316 3 100 100000 0.000049165
282 169 3 100 200000 0.000049189
14 154 3 100 100000 0.000049365
307 199 3 100 500000 0.000049502
191 219 3 100 20000 0.000049780
224 300 3 100 100000 0.000050033
292 176 3 100 5000000 0.000050169
100 126 3 100 5000 0.000050224
212 293 3 100 50000 0.000050238
29 179 3 100 5000 0.000050505
242 120 3 100 50000 0.000050596
94 97 3 100 200000 0.000050641
98 194 3 100 1000 0.000050649
271 191 3 100 2000 0.000050758
143 188 3 100 20000 0.000050926
109 202 3 100 5000 0.000050948
109 111 3 100 50000 0.000051068
28 239 3 100 1000000 0.000051077
303 128 3 100 2000 0.000051231
0 71 3 100 200000 0.000051591
1 274 3 100 1000 0.000051884
264 132 3 100 50000 0.000052023
117 104 3 100 10000 0.000052119
303 47 3 100 1000 0.000052183
280 312 3 100 5000 0.000052387
32 138 3 100 100000 0.000052484
260 166 3 100 200000 0.000052554
223 247 3 100 1000000 0.000052802
23 43 3 100 5000 0.000052808
109 176 3 100 200000 0.000052906
104 258 3 100 20000 0.000052975
88 269 3 100 20000 0.000053018
212 162 3 100 20000 0.000053239
72 21 3 100 20000 0.000053255
29 20 3 100 200000 0.000053324
154 124 3 100 20000 0.000053355
222 148 3 100 1000 0.000053379
150 61 3 100 1000 0.000053520
85 95 3 100 20000 0.000053575
118 8 3 100 5000 0.000053611
47 168 3 100 500000 0.000053824
175 134 3 100 20000 0.000054001
211 95 3 100 1000000 0.000054044
239 123 3 100 500000 0.000054405
223 249 3 100 5000 0.000054438
274 92 3 100 200000 0.000054463
156 161 3 100 1000000 0.000054519
7 281 3 100 2000 0.000055744
45 250 3 100 500000 0.000055754
276 214 3 100 10000 0.000055819
58 64 3 100 200000 0.000055957
81 129 3 100 1000 0.000056093
253 30 3 100 1000 0.000056521
247 69 3 100 1000000 0.000057178
287 290 3 100 1000 0.000057332
203 307 3 100 20000 0.000057838
149 212 3 100 20000 0.000057999
158 71 3 100 1000 0.000058032
167 249 3 100 100000 0.000058185
59 32 3 100 20000 0.000058222
205 283 3 100 1000000 0.000058581
138 253 3 100 50000 0.000058723
126 54 3 100 1000 0.000058937
230 220 3 100 20000 0.000059130
241 234 3 100 2000000 0.000059313
150 5 3 100 2000 0.000059373
11 284 3 100 100000 0.000059517
306 9 3 100 500000 0.000059549
208 12 3 100 10000 0.000059604
162 29 3 100 500000 0.000059782
296 238 3 100 20000 0.000059841
260 295 3 100 500000 0.000060082
62 55 3 100 10000 0.000060305
112 141 3 100 2000 0.000060417
80 297 3 100 200000 0.000060547
158 113 3 100 1000 0.000060556
249 318 3 100 20000 0.000060561
285 107 3 100 10000 0.000060661
132 220 3 100 1000 0.000060849
104 57 3 100 10000 0.000061469
147 109 3 100 100000 0.000061521
182 184 3 100 200000 0.000061573
40 239 3 100 100000 0.000061720
208 28 3 100 2000 0.000061767
255 6 3 100 1000000 0.000061900
38 115 3 100 200000 0.000062029
97 250 3 100 200000 0.000062161
117 164 3 100 200000 0.000062968
275 63 3 100 1000 0.000063133
35 161 3 100 1000 0.000063193
138 58 3 100 5000 0.000063488
239 103 3 100 500000 0.000063591
74 43 3 100 10000 0.000063658
313 276 3 100 20000 0.000063660
177 317 3 100 1000 0.000063913
260 153 3 100 1000 0.000064057
77 70 3 100 500000 0.000064074
216 285 3 100 1000 0.000064225
100 152 3 100 200000 0.000064283
186 307 3 100 20000 0.000064295
132 113 3 100 20000 0.000064966
13 122 3 100 5000 0.000065028
58 283 3 100 5000 0.000065065
66 36 3 100 10000 0.000065073
165 183 3 100 1000000 0.000065075
233 196 3 100 1000000 0.000065380
105 168 3 100 10000 0.000065454
167 287 3 100 100000 0.000065776
52 25 3 100 1000000 0.000065892
238 180 3 100 20000 0.000065892
306 0 3 100 1000000 0.000065941
280 99 3 100 1000 0.000065996
175 137 3 100 50000 0.000066124
77 246 3 100 500000 0.000066200
165 180 3 100 1000000 0.000066209
238 134 3 100 5000 0.000066279
159 11 3 100 5000000 0.000066436
61 66 3 100 50000 0.000066462
223 119 3 100 1000 0.000066613
133 266 3 100 20000 0.000066880
267 15 3 100 1000000 0.000066885
69 120 3 100 1000 0.000066923
280 60 3 100 200000 0.000066959
78 178 3 100 1000000 0.000067282
288 166 3 100 20000 0.000067455
310 54 3 100 1000 0.000067520
53 102 3 100 1000 0.000067606
101 74 3 100 5000 0.000067646
63 314 3 100 100000 0.000067657
194 105 3 100 100000 0.000067756
246 48 3 100 1000 0.000067899
46 197 3 100 2000000 0.000067923
277 106 3 100 1000 0.000068029
147 210 3 100 100000 0.000068030
65 145 3 100 100000 0.000068361
284 264 3 100 100000 0.000068476
288 243 3 100 1000 0.000068674
192 127 3 100 5000 0.000069103
285 141 3 100 50000 0.000069142
301 21 3 100 1000 0.000069166
96 319 3 100 100000 0.000069190
107 126 3 100 100000 0.000069256
273 21 3 100 500000 0.000069577
67 166 3 100 2000 0.000069612
108 298 3 100 20000 0.000069948
128 315 3 100 2000 0.000070081
146 119 3 100 20000 0.000070098
238 175 3 100 1000 0.000070151
228 93 3 100 100000 0.000070187
271 242 3 100 1000 0.000070195
33 44 3 100 5000 0.000070440
13 153 3 100 20000 0.000070590
254 277 3 100 10000 0.000070704
254 259 3 100 10000 0.000070733
48 51 3 100 20000 0.000070831
83 228 3 100 1000 0.000071070
281 245 3 100 1000000 0.000071171
255 251 3 100 1000000 0.000071185
213 271 3 100 20000 0.000071343
268 313 3 100 500000 0.000071591
134 101 3 100 20000 0.000071663
151 137 3 100 200000 0.000072148
199 66 3 100 20000 0.000072312
175 49 3 100 1000 0.000072622
174 135 3 100 100000 0.000072795
85 287 3 100 1000 0.000072981
76 227 3 100 100000 0.000073251
183 4 3 100 20000 0.000073456
44 260 3 100 200000 0.000073596
15 79 3 100 5000 0.000073618
300 243 3 100 200000 0.000073738
146 48 3 100 1000 0.000073890
258 211 3 100 200000 0.000073895
88 294 3 100 1000 0.000073904
284 18 3 100 20000 0.000074123
314 232 3 100 1000 0.000074186
96 49 3 100 10000 0.000074206
182 237 3 100 20000 0.000074270
156 167 3 100 10000 0.000074313
277 178 3 100 1000 0.000074392
252 159 3 100 1000000 0.000074565
128 155 3 100 1000 0.000074568
262 124 3 100 1000 0.000074575
58 119 3 100 10000 0.000074713
237 234 3 100 100000 0.000074949
115 153 3 100 500000 0.000075058
159 227 3 100 500000 0.000075173
87 89 3 100 200000 0.000075594
219 72 3 100 2000 0.000075620
223 184 3 100 10000 0.000075799
249 77 3 100 1000 0.000075892
279 147 3 100 20000 0.000076125
280 315 3 100 5000000 0.000076173
206 140 3 100 10000 0.000076244
97 8 3 100 10000 0.000076293
80 22 3 100 10000 0.000076577
2 51 3 100 10000 0.000076664
34 97 3 100 1000 0.000076730
73 306 3 100 1000 0.000076999
290 31 3 100 1000 0.000077050
151 15 3 100 10000 0.000077130
42 168 3 100 20000 0.000077331
141 48 3 100 1000 0.000077410
143 297 3 100 1000 0.000077476
230 22 3 100 100000 0.000077476
312 145 3 100 20000 0.000077944
94 263 3 100 20000 0.000077991
259 141 3 100 1000000 0.000078022
210 226 3 100 500000 0.000078094
4 5 3 100 100000 0.000078190
41 137 3 100 50000 0.000078191
231 3 3 100 50000 0.000078284
149 274 3 100 50000 0.000078407
3 275 3 100 5000 0.000078539
69 88 3 100 100000 0.000078649
271 16 3 100 20000 0.000078711
254 9 3 100 100000 0.000078871
135 152 3 100 1000000 0.000078944
159 169 3 100 1000 0.000078999
183 88 3 100 100000 0.000079084
93 214 3 100 5000 0.000079166
45 247 3 100 10000 0.000079213
215 217 3 100 500000 0.000079396
183 129 3 100 100000 0.000079421
186 71 3 100 200000 0.000079565
176 243 3 100 50000 0.000079971
142 64 3 100 200000 0.000080016
8 36 3 100 20000 0.000080271
304 129 3 100 5000 0.000080282
31 21 3 100 10000 0.000080504
273 275 3 100 10000 0.000080760
222 46 3 100 10000 0.000080955
38 226 3 100 5000 0.000081010
58 305 3 100 1000 0.000081043
101 40 3 100 10000 0.000081096
115 237 3 100 1000000 0.000081241
95 240 3 100 5000 0.000081273
252 21 3 100 200000 0.000081414
95 55 3 100 20000 0.000081599
243 290 3 100 1000 0.000081675
30 58 3 100 200000 0.000081718
99 31 3 100 200000 0.000081776
200 265 3 100 20000 0.000081878
117 273 3 100 100000 0.000081967
309 76 3 100 200000 0.000082227
111 68 3 100 100000 0.000082321
74 168 3 100 500000 0.000082403
152 6 3 100 5000 0.000082458
289 293 3 100 500000 0.000082899
4 274 3 100 200000 0.000083014
291 153 3 100 50000 0.000083239
231 3 3 100 10000 0.000083256
299 228 3 100 10000 0.000083626
6 157 3 100 5000 0.000083661
109 30 3 100 1000000 0.000083800
244 249 3 100 200000 0.000083808
235 286 3 100 1000000 0.000083920
170 171 3 100 20000 0.000084065
180 210 3 100 5000 0.000084126
43 248 3 100 1000 0.000084362
113 24 3 100 5000 0.000084547
292 313 3 100 2000000 0.000084829
149 42 3 100 10000 0.000084977
162 183 3 100 200000 0.000085085
294 73 3 100 200000 0.000085423
39 301 3 100 100000 0.000085481
7 310 3 100 20000 0.000085490
219 129 3 100 2000 0.000085513
171 252 3 100 500000 0.000085615
142 74 3 100 200000 0.000085662
233 266 3 100 5000 0.000085680
243 83 3 100 1000 0.000085808
11 97 3 100 5000 0.000085961
157 167 3 100 1000 0.000086059
113 224 3 100 5000 0.000086342
130 13 3 100 1000000 0.000086505
109 241 3 100 1000 0.000086636
174 49 3 100 1000 0.000086792
122 129 3 100 500000 0.000086816
156 38 3 100 1000000 0.000086900
17 121 3 100 500000 0.000087438
123 16 3 100 1000 0.000087619
289 305 3 100 20000 0.000087714
79 149 3 100 20000 0.000087942
303 111 3 100 1000000 0.000087942
286 228 3 100 100000 0.000087994
201 313 3 100 1000 0.000088282
313 106 3 100 5000 0.000088406
215 222 3 100 100000 0.000088522
78 202 3 100 20000 0.000088537
173 15 3 100 20000 0.000088712
30 159 3 100 1000 0.000088810
154 252 3 100 5000000 0.000088876
307 183 3 100 20000 0.000088996
296 312 3 100 1000 0.000089226
82 197 3 100 10000 0.000089240
124 203 3 100 1000000 0.000089259
175 277 3 100 20000 0.000089328
90 40 3 100 5000 0.000089349
207 176 3 100 1000000 0.000089399
248 305 3 100 5000 0.000089463
248 191 3 100 2000 0.000089750
30 159 3 100 50000 0.000089842
25 141 3 100 200000 0.000090000
131 184 3 100 200000 0.000090041
225 249 3 100 200000 0.000090218
270 211 3 100 1000000 0.000090361
318 213 3 100 2000000 0.000090624
176 153 3 100 1000 0.000090627
315 117 3 100 200000 0.000090671
264 72 3 100 100000 0.000090712
229 272 3 100 20000 0.000091091
147 111 3 100 1000 0.000091193
299 120 3 100 20000 0.000091274
161 183 3 100 20000 0.000091502
278 34 3 100 200000 0.000091791
92 80 3 100 20000 0.000092076
318 240 3 100 200000 0.000092245
231 161 3 100 20000 0.000092374
133 224 3 100 200000 0.000092520
62 58 3 100 200000 0.000092527
156 299 3 100 1000 0.000092702
309 36 3 100 1000 0.000092746
206 150 3 100 20000 0.000092894
80 89 3 100 500000 0.000092968
8 248 3 100 5000 0.000093215
232 60 3 100 200000 0.000093317
226 246 3 100 100000 0.000093428
219 290 3 100 500000 0.000093448
35 94 3 100 2000 0.000093632
134 2 3 100 200000 0.000093924
132 297 3 100 100000 0.000093973
33 237 3 100 50000 0.000094205
288 87 3 100 5000 0.000094504
128 317 3 100 10000 0.000094541
138 187 3 100 50000 0.000094550
6 290 3 100 1000000 0.000094590
44 247 3 100 2000000 0.000094891
7 276 3 100 200000 0.000094928
207 91 3 100 20000 0.000095044
147 63 3 100 50000 0.000095391
116 286 3 100 5000 0.000095600
209 147 3 100 100000 0.000095872
98 16 3 100 50000 0.000095924
23 317 3 100 10000 0.000096042
229 246 3 100 100000 0.000096048
113 28 3 100 1000 0.000096056
188 157 3 100 20000 0.000096204
75 19 3 100 100000 0.000096222
258 165 3 100 100000 0.000096227
170 127 3 100 100000 0.000096286
0 279 3 100 1000 0.000096369
117 184 3 100 20000 0.000096591
54 203 3 100 1000000 0.000096661
49 73 3 100 5000 0.000096756
254 317 3 100 5000 0.000096822
231 218 3 100 100000 0.000096843
313 76 3 100 100000 0.000096945
156 230 3 100 20000 0.000097130
280 170 3 100 10000 0.000097369
81 146 3 100 10000 0.000097375
82 254 3 100 10000 0.000097441
253 274 3 100 200000 0.000097543
24 54 3 100 200000 0.000097759
209 195 3 100 10000 0.000097781
56 79 3 100 500000 0.000097791
204 97 3 100 200000 0.000098125
6 248 3 100 500000 0.000098141
77 52 3 100 200000 0.000098267
53 187 3 100 50000 0.000098349
198 247 3 100 500000 0.000098430
228 85 3 100 200000 0.000098540
206 211 3 100 100000 0.000098571
309 9 3 100 20000 0.000098800
166 56 3 100 500000 0.000098808
8 292 3 100 50000 0.000098843
199 210 3 100 20000 0.000098868
165 288 3 100 1000000 0.000099093
122 203 3 100 1000 0.000099152
78 41 3 100 10000 0.000099200
301 181 3 100 1000000 0.000099217
111 91 3 100 5000000 0.000099268
151 268 3 100 1000 0.000099374
265 184 3 100 500000 0.000099507
146 67 3 100 50000 0.000099579
230 246 3 100 200000 0.000099695
63 311 3 100 1000000 0.000099921
202 316 3 100 100000 0.000100248
265 197 3 100 5000 0.000100271
203 231 3 100 1000 0.000100291
218 191 3 100 1000000 0.000100318
78 50 3 100 500000 0.000100334
36 151 3 100 5000 0.000100378
2 186 3 100 2000 0.000100618
218 284 3 100 1000 0.000100762
235 141 3 100 5000 0.000100887
199 160 3 100 1000 0.000101463
61 287 3 100 50000 0.000101479
220 162 3 100 20000 0.000101957
60 58 3 100 500000 0.000102052
218 293 3 100 50000 0.000102455
204 212 3 100 1000 0.000102647
31 189 3 100 1000 0.000102683
171 192 3 100 1000 0.000102773
286 101 3 100 200000 0.000102850
253 119 3 100 10000 0.000102876
9 281 3 100 1000 0.000102981
134 32 3 100 50000 0.000103060
310 315 3 100 5000 0.000103362
124 288 3 100 5000 0.000103363
10 121 3 100 2000 0.000103449
87 62 3 100 2000000 0.000103782
305 141 3 100 200000 0.000103852
132 191 3 100 10000 0.000103879
213 4 3 100 1000 0.000104020
65 269 3 100 100000 0.000104022
101 131 3 100 200000 0.000104258
42 205 3 100 500000 0.000104461
247 90 3 100 50000 0.000104609
270 140 3 100 2000 0.000104696
261 195 3 100 1000 0.000104700
116 170 3 100 10000 0.000104893
107 41 3 100 20000 0.000105180
18 55 3 100 10000 0.000105350
292 65 3 100 500000 0.000105365
65 202 3 100 2000000 0.000105866
44 282 3 100 1000 0.000105969
249 95 3 100 2000000 0.000106255
315 50 3 100 5000 0.000106324
259 292 3 100 1000000 0.000106414
123 282 3 100 20000 0.000106529
272 160 3 100 10000 0.000106669
211 61 3 100 10000 0.000106720
241 235 3 100 10000 0.000106826
18 240 3 100 5000 0.000106916
241 107 3 100 10000 0.000107161
194 154 3 100 20000 0.000107218
244 40 3 100 10000 0.000107295
109 69 3 100 200000 0.000107484
24 265 3 100 20000 0.000107553
276 228 3 100 5000 0.000107766
152 196 3 100 1000000 0.000107767
292 281 3 100 1000000 0.000107920
297 148 3 100 2000 0.000107949
292 286 3 100 500000 0.000107954
65 104 3 100 10000 0.000108100
36 7 3 100 200000 0.000108221
231 274 3 100 20000 0.000108444
5 271 3 100 1000000 0.000108533
222 122 3 100 500000 0.000108615
317 250 3 100 500000 0.000109029
22 155 3 100 5000 0.000109053
306 136 3 100 2000 0.000109263
40 139 3 100 20000 0.000109429
8 242 3 100 500000 0.000109883
15 175 3 100 5000 0.000110436
99 287 3 100 10000 0.000110774
160 245 3 100 1000 0.000110794
187 92 3 100 5000 0.000111011
45 278 3 100 10000 0.000111048
130 107 3 100 20000 0.000111060
241 185 3 100 100000 0.000111372
194 266 3 100 5000 0.000111439
288 294 3 100 1000 0.000111502
275 185 3 100 1000 0.000111710
55 119 3 100 20000 0.000111762
193 206 3 100 1000 0.000111796
294 223 3 100 2000000 0.000111869
71 46 3 100 100000 0.000112172
100 250 3 100 10000 0.000112681
270 67 3 100 2000 0.000112951
252 62 3 100 5000 0.000113042
259 19 3 100 20000 0.000113079
319 237 3 100 200000 0.000113301
319 36 3 100 10000 0.000113355
149 104 3 100 2000000 0.000113372
3 298 3 100 10000 0.000113376
170 55 3 100 200000 0.000113398
104 131 3 100 200000 0.000113557
36 23 3 100 2000000 0.000113588
101 275 3 100 5000 0.000113806
115 213 3 100 50000 0.000114013
104 172 3 100 200000 0.000114119
182 63 3 100 100000 0.000114282
135 68 3 100 10000 0.000114317
44 306 3 100 20000 0.000114355
295 187 3 100 1000 0.000114565
296 39 3 100 100000 0.000114586
221 259 3 100 100000 0.000114601
147 219 3 100 10000 0.000114607
228 232 3 100 50000 0.000115179
170 224 3 100 200000 0.000115355
152 18 3 100 50000 0.000115587
276 67 3 100 1000000 0.000115669
181 50 3 100 2000000 0.000115734
26 10 3 100 500000 0.000115792
276 129 3 100 1000 0.000115810
288 54 3 100 10000 0.000115810
91 41 3 100 1000 0.000115903
234 265 3 100 5000 0.000115929
283 227 3 100 20000 0.000116010
295 247 3 100 200000 0.000116096
38 219 3 100 10000 0.000116225
140 312 3 100 100000 0.000116288
105 5 3 100 5000 0.000116346
133 34 3 100 10000 0.000116405
73 171 3 100 1000 0.000116522
129 102 3 100 20000 0.000116697
208 82 3 100 2000000 0.000116771
232 82 3 100 1000 0.000116780
234 306 3 100 20000 0.000117285
65 70 3 100 200000 0.000117510
268 213 3 100 5000 0.000117593
294 70 3 100 100000 0.000117656
197 318 3 100 5000 0.000117702
220 156 3 100 100000 0.000117741
48 14 3 100 1000 0.000117791
156 274 3 100 10000 0.000117820
196 252 3 100 1000 0.000117832
59 262 3 100 50000 0.000117910
16 298 3 100 50000 0.000117930
228 193 3 100 10000 0.000118007
2 136 3 100 200000 0.000118024
0 15 3 100 1000 0.000118102
8 49 3 100 100000 0.000118259
92 104 3 100 10000 0.000118334
317 242 3 100 500000 0.000118702
230 301 3 100 500000 0.000118731
66 223 3 100 1000 0.000118805
111 65 3 100 200000 0.000119069
72 96 3 100 10000 0.000119075
25 122 3 100 5000 0.000119214
265 50 3 100 1000000 0.000119273
226 302 3 100 2000 0.000119285
249 64 3 100 200000 0.000119399
115 124 3 100 5000 0.000119723
259 135 3 100 10000 0.000119810
289 227 3 100 2000 0.000119830
137 4 3 100 20000 0.000119880
68 173 3 100 5000 0.000119974
149 167 3 100 10000 0.000120068
318 217 3 100 50000 0.000120069
52 146 3 100 200000 0.000120108
250 28 3 100 5000 0.000120125
172 37 3 100 10000 0.000120139
174 251 3 100 2000 0.000120424
73 197 3 100 5000 0.000120459
89 28 3 100 500000 0.000120519
147 141 3 100 100000 0.000120580
244 74 3 100 500000 0.000120683
97 213 3 100 50000 0.000120718
295 246 3 100 1000000 0.000120858
213 123 3 100 1000000 0.000120860
196 261 3 100 1000 0.000121576
224 264 3 100 5000 0.000121599
301 139 3 100 10000 0.000121633
186 151 3 100 5000 0.000121813
193 67 3 100 5000 0.000121869
189 256 3 100 1000 0.000122066
25 146 3 100 5000 0.000122412
228 103 3 100 20000 0.000122565
193 258 3 100 2000 0.000122748
305 170 3 100 5000000 0.000122988
304 38 3 100 100000 0.000123119
3 70 3 100 20000 0.000123195
241 280 3 100 5000 0.000123297
140 71 3 100 200000 0.000123485
284 267 3 100 1000 0.000123718
287 239 3 100 1000 0.000123790
160 70 3 100 20000 0.000123809
117 50 3 100 500000 0.000123863
268 159 3 100 1000000 0.000124166
295 269 3 100 2000000 0.000124168
220 290 3 100 10000 0.000124297
129 203 3 100 1000000 0.000124453
269 74 3 100 100000 0.000124474
92 163 3 100 200000 0.000124484
130 35 3 100 500000 0.000124716
135 59 3 100 2000 0.000125126
306 200 3 100 50000 0.000125134
182 250 3 100 50000 0.000125266
263 119 3 100 2000 0.000125456
292 144 3 100 500000 0.000125605
240 246 3 100 10000 0.000125706
79 123 3 100 50000 0.000125774
148 67 3 100 10000 0.000125924
227 306 3 100 1000000 0.000125939
181 153 3 100 2000000 0.000125994
180 292 3 100 100000 0.000126304
62 219 3 100 500000 0.000126375
74 269 3 100 1000 0.000126383
231 141 3 100 5000000 0.000126494
3 24 3 100 500000 0.000126974
77 63 3 100 5000 0.000127037
34 250 3 100 50000 0.000127221
315 102 3 100 10000 0.000127423
242 100 3 100 1000 0.000127533
314 275 3 100 2000 0.000127670
180 141 3 100 20000 0.000127818
285 60 3 100 5000 0.000127907
125 203 3 100 1000000 0.000128176
303 61 3 100 1000 0.000128246
137 196 3 100 1000000 0.000128488
0 308 3 100 1000 0.000128604
76 229 3 100 5000 0.000128607
146 227 3 100 1000 0.000128640
171 295 3 100 100000 0.000128666
247 288 3 100 20000 0.000128792
211 284 3 100 5000 0.000128908
111 1 3 100 200000 0.000129059
258 109 3 100 10000 0.000129068
300 272 3 100 5000 0.000129100
201 80 3 100 20000 0.000129173
110 229 3 100 500000 0.000129183
90 282 3 100 5000 0.000129322
158 190 3 100 100000 0.000129376
260 195 3 100 1000 0.000129570
114 266 3 100 5000 0.000129574
100 140 3 100 5000 0.000129691
200 48 3 100 20000 0.000129699
10 109 3 100 500000 0.000129814
46 77 3 100 20000 0.000130267
52 180 3 100 5000 0.000130479
179 6 3 100 200000 0.000130625
245 300 3 100 20000 0.000130722
173 310 3 100 500000 0.000130758
205 247 3 100 1000000 0.000130961
65 61 3 100 1000 0.000131061
22 296 3 100 100000 0.000131336
47 194 3 100 1000000 0.000131606
317 219 3 100 200000 0.000131683
168 293 3 100 10000 0.000131684
103 164 3 100 5000 0.000131731
46 257 3 100 1000000 0.000131762
260 171 3 100 10000 0.000131852
147 307 3 100 100000 0.000131892
85 228 3 100 5000 0.000132128
141 210 3 100 1000000 0.000132400
102 80 3 100 20000 0.000132402
145 103 3 100 5000000 0.000132562
216 132 3 100 20000 0.000132585
155 266 3 100 20000 0.000132829
218 43 3 100 10000 0.000133004
182 242 3 100 50000 0.000133019
169 16 3 100 2000 0.000133152
273 285 3 100 10000 0.000133450
37 129 3 100 1000000 0.000133511
3 81 3 100 200000 0.000133552
301 50 3 100 5000 0.000133955
79 43 3 100 20000 0.000133999
105 120 3 100 1000 0.000134016
262 165 3 100 100000 0.000134042
103 45 3 100 100000 0.000134150
261 163 3 100 50000 0.000134170
281 69 3 100 20000 0.000134454
264 192 3 100 50000 0.000134468
185 191 3 100 50000 0.000134663
119 251 3 100 20000 0.000134690
285 58 3 100 1000 0.000134703
305 135 3 100 2000 0.000134834
107 185 3 100 1000 0.000134967
69 38 3 100 2000 0.000135278
253 177 3 100 500000 0.000135284
41 89 3 100 20000 0.000135302
157 182 3 100 10000 0.000135307
239 182 3 100 2000 0.000135366
144 24 3 100 1000 0.000135398
8 210 3 100 20000 0.000135605
115 40 3 100 1000000 0.000135619
27 214 3 100 50000 0.000135683
241 313 3 100 10000 0.000135745
211 130 3 100 1000 0.000135866
282 181 3 100 1000 0.000136017
42 232 3 100 1000 0.000136135
292 302 3 100 10000 0.000136240
187 132 3 100 200000 0.000136246
40 41 3 100 50000 0.000136427
143 47 3 100 200000 0.000136477
96 173 3 100 50000 0.000137030
49 235 3 100 5000 0.000137040
157 153 3 100 5000 0.000137297
315 241 3 100 50000 0.000137310
0 279 3 100 20000 0.000137396
49 238 3 100 1000000 0.000137415
173 51 3 100 10000 0.000137536
305 102 3 100 100000 0.000137687
33 172 3 100 1000 0.000137953
129 251 3 100 1000000 0.000138116
34 243 3 100 100000 0.000138121
174 218 3 100 1000 0.000138173
284 22 3 100 100000 0.000138489
287 238 3 100 20000 0.000138527
25 276 3 100 1000 0.000138641
80 245 3 100 100000 0.000138738
52 128 3 100 100000 0.000138842
294 233 3 100 500000 0.000138975
105 157 3 100 2000 0.000139005
220 219 3 100 2000 0.000139378
76 240 3 100 1000000 0.000139447
315 223 3 100 1000 0.000139525
239 40 3 100 100000 0.000139840
24 62 3 100 20000 0.000139877
250 278 3 100 20000 0.000139884
56 250 3 100 100000 0.000139984
268 277 3 100 1000 0.000140005
16 21 3 100 10000 0.000140207
71 236 3 100 50000 0.000140224
261 257 3 100 100000 0.000140595
240 294 3 100 500000 0.000140734
21 100 3 100 10000 0.000140843
193 19 3 100 10000 0.000140856
4 174 3 100 1000 0.000141055
7 159 3 100 10000 0.000141355
64 46 3 100 200000 0.000141524
59 113 3 100 1000000 0.000141763
255 239 3 100 500000 0.000141941
78 74 3 100 1000 0.000141961
178 98 3 100 1000 0.000142026
207 165 3 100 200000 0.000142044
204 301 3 100 1000 0.000142424
282 15 3 100 10000 0.000142429
317 167 3 100 20000 0.000142915
112 57 3 100 1000 0.000142945
276 255 3 100 50000 0.000143109
312 243 3 100 100000 0.000143265
186 198 3 100 200000 0.000143317
276 252 3 100 5000 0.000143338
198 92 3 100 100000 0.000143417
59 266 3 100 10000 0.000143521
21 169 3 100 100000 0.000143719
98 97 3 100 1000 0.000143738
114 31 3 100 50000 0.000143746
60 282 3 100 200000 0.000143788
241 217 3 100 5000 0.000143805
125 139 3 100 200000 0.000143844
263 43 3 100 1000 0.000144020
31 6 3 100 500000 0.000144037
290 297 3 100 1000000 0.000144404
255 285 3 100 200000 0.000144424
103 19 3 100 1000000 0.000144629
72 77 3 100 1000000 0.000144675
163 51 3 100 5000 0.000144700
5 250 3 100 1000 0.000144765
9 276 3 100 500000 0.000144857
232 173 3 100 500000 0.000144934
25 196 3 100 100000 0.000145125
296 159 3 100 100000 0.000145311
175 116 3 100 50000 0.000145340
61 210 3 100 10000 0.000145445
305 251 3 100 1000 0.000145481
36 64 3 100 100000 0.000145550
265 305 3 100 50000 0.000145562
318 50 3 100 20000 0.000145945
263 317 3 100 1000000 0.000146244
256 285 3 100 200000 0.000146488
101 139 3 100 1000 0.000146545
231 104 3 100 20000 0.000146583
123 87 3 100 1000 0.000146687
22 226 3 100 20000 0.000146761
35 141 3 100 200000 0.000146839
286 273 3 100 1000 0.000146920
261 201 3 100 2000000 0.000147190
104 98 3 100 2000 0.000147384
217 195 3 100 10000 0.000147405
254 275 3 100 500000 0.000147445
42 59 3 100 2000000 0.000147670
46 51 3 100 500000 0.000147762
76 292 3 100 2000000 0.000148000
154 279 3 100 200000 0.000148186
194 70 3 100 20000 0.000148338
169 313 3 100 5000 0.000148342
250 128 3 100 500000 0.000148348
151 295 3 100 100000 0.000148782
181 164 3 100 5000 0.000149208
89 155 3 100 2000 0.000149469
55 287 3 100 10000 0.000150085
182 83 3 100 500000 0.000150088
15 135 3 100 20000 0.000150321
138 225 3 100 50000 0.000150617
277 295 3 100 500000 0.000150650
279 132 3 100 20000 0.000150779
64 214 3 100 20000 0.000151131
292 195 3 100 20000 0.000151425
246 280 3 100 1000 0.000151550
79 269 3 100 50000 0.000151735
161 176 3 100 1000000 0.000151805
83 180 3 100 100000 0.000151988
192 159 3 100 1000 0.000152200
103 90 3 100 1000000 0.000152261
312 138 3 100 20000 0.000152421
32 247 3 100 20000 0.000152456
243 49 3 100 20000 0.000152471
317 302 3 100 1000000 0.000152891
1 40 3 100 50000 0.000153198
60 231 3 100 500000 0.000153389
252 101 3 100 10000 0.000153394
103 203 3 100 200000 0.000153729
265 256 3 100 1000000 0.000153744
99 269 3 100 10000 0.000153815
306 251 3 100 20000 0.000153861
220 113 3 100 200000 0.000154278
201 253 3 100 500000 0.000154296
259 119 3 100 5000 0.000154416
245 85 3 100 2000 0.000154450
38 312 3 100 1000000 0.000154703
299 16 3 100 10000 0.000154974
297 305 3 100 200000 0.000155045
96 73 3 100 2000 0.000155077
19 142 3 100 10000 0.000155299
3 32 3 100 10000 0.000155302
78 241 3 100 100000 0.000155369
245 120 3 100 100000 0.000155377
252 111 3 100 2000000 0.000155516
142 201 3 100 20000 0.000155578
163 273 3 100 500000 0.000155643
254 282 3 100 2000 0.000155795
12 41 3 100 500000 0.000156142
22 242 3 100 200000 0.000156295
216 207 3 100 20000 0.000156374
131 304 3 100 100000 0.000156381
137 253 3 100 20000 0.000156409
91 295 3 100 5000 0.000156578
203 113 3 100 1000 0.000156772
318 285 3 100 200000 0.000156855
121 247 3 100 100000 0.000156896
216 60 3 100 50000 0.000157050
288 154 3 100 50000 0.000157380
201 251 3 100 10000 0.000157382
269 80 3 100 10000 0.000157470
121 272 3 100 50000 0.000157525
81 169 3 100 5000 0.000157571
64 159 3 100 200000 0.000157923
121 271 3 100 200000 0.000157998
253 98 3 100 1000 0.000158187
299 74 3 100 50000 0.000158470
58 74 3 100 2000000 0.000158563
213 318 3 100 5000 0.000158579
98 77 3 100 20000 0.000158666
93 81 3 100 500000 0.000158666
38 106 3 100 100000 0.000158847
12 34 3 100 100000 0.000158957
37 33 3 100 20000 0.000159270
86 163 3 100 100000 0.000159314
154 3 3 100 1000000 0.000159337
319 271 3 100 1000 0.000159895
131 127 3 100 100000 0.000159903
149 33 3 100 10000 0.000159959
153 205 3 100 1000 0.000160188
213 164 3 100 10000 0.000160193
154 277 3 100 10000 0.000160297
275 261 3 100 100000 0.000160429
82 136 3 100 500000 0.000160731
258 130 3 100 10000 0.000160755
211 79 3 100 1000 0.000160769
143 183 3 100 500000 0.000160799
108 228 3 100 500000 0.000160821
236 262 3 100 1000000 0.000160933
0 142 3 100 500000 0.000161047
282 273 3 100 500000 0.000161083
214 275 3 100 50000 0.000161123
244 172 3 100 20000 0.000161261
78 240 3 100 20000 0.000161294
0 81 3 100 100000 0.000161305
54 187 3 100 1000 0.000161405
78 40 3 100 1000 0.000161503
94 254 3 100 1000 0.000161768
15 26 3 100 1000 0.000161788
118 296 3 100 200000 0.000161858
103 148 3 100 500000 0.000161905
182 46 3 100 5000 0.000161957
103 290 3 100 100000 0.000162274
37 27 3 100 2000 0.000162323
208 74 3 100 500000 0.000162379
280 108 3 100 1000 0.000162410
132 301 3 100 100000 0.000162566
164 198 3 100 10000 0.000163087
100 278 3 100 10000 0.000163482
2 36 3 100 100000 0.000163652
4 232 3 100 1000 0.000163679
23 120 3 100 100000 0.000163698
178 222 3 100 5000 0.000163859
160 269 3 100 5000 0.000164617
274 279 3 100 1000 0.000164631
277 44 3 100 1000 0.000164706
234 314 3 100 2000 0.000164825
34 8 3 100 1000 0.000164887
237 14 3 100 20000 0.000164905
89 115 3 100 10000 0.000164918
303 192 3 100 100000 0.000165050
84 16 3 100 100000 0.000165146
278 33 3 100 5000 0.000165293
91 292 3 100 20000 0.000165967
180 205 3 100 1000 0.000166006
87 121 3 100 200000 0.000166063
252 222 3 100 10000 0.000166189
227 145 3 100 1000000 0.000166192
234 122 3 100 100000 0.000166282
95 187 3 100 200000 0.000166500
311 109 3 100 200000 0.000166619
134 274 3 100 2000 0.000166786
87 283 3 100 50000 0.000167119
189 271 3 100 5000 0.000167338
275 281 3 100 10000 0.000167338
240 261 3 100 5000 0.000167499
125 116 3 100 10000 0.000167591
98 256 3 100 200000 0.000167708
256 54 3 100 200000 0.000167761
107 31 3 100 500000 0.000167901
262 57 3 100 100000 0.000168069
310 218 3 100 10000 0.000168079
42 263 3 100 500000 0.000168205
90 314 3 100 50000 0.000168220
42 277 3 100 20000 0.000168250
72 175 3 100 2000000 0.000168421
259 292 3 100 10000 0.000168577
243 184 3 100 10000 0.000168629
187 93 3 100 1000000 0.000168716
301 236 3 100 200000 0.000168753
147 13 3 100 500000 0.000168988
254 209 3 100 100000 0.000168995
132 12 3 100 20000 0.000169046
219 281 3 100 20000 0.000169049
247 273 3 100 10000 0.000169283
179 267 3 100 200000 0.000169316
189 77 3 100 1000 0.000169542
12 61 3 100 1000000 0.000169590
85 251 3 100 5000 0.000169660
270 313 3 100 100000 0.000169951
63 136 3 100 1000 0.000170064
197 190 3 100 500000 0.000170078
185 144 3 100 5000 0.000170387
74 260 3 100 10000 0.000170402
42 265 3 100 10000 0.000170460
167 182 3 100 5000 0.000170582
181 45 3 100 2000 0.000170590
47 249 3 100 500000 0.000170693
46 269 3 100 1000000 0.000170777
249 119 3 100 1000 0.000170899
165 252 3 100 50000 0.000170955
278 140 3 100 10000 0.000171023
38 41 3 100 2000 0.000171038
2 125 3 100 2000 0.000171095
78 76 3 100 50000 0.000171136
190 73 3 100 10000 0.000171163
280 144 3 100 5000 0.000171318
192 301 3 100 10000 0.000171385
46 73 3 100 20000 0.000171390
316 103 3 100 10000 0.000171448
73 308 3 100 500000 0.000171472
249 111 3 100 10000 0.000171487
29 102 3 100 500000 0.000171816
72 88 3 100 1000 0.000171914
135 261 3 100 10000 0.000172012
47 35 3 100 5000 0.000172143
126 227 3 100 10000 0.000172512
76 144 3 100 200000 0.000172559
196 131 3 100 100000 0.000172567
316 291 3 100 1000 0.000172741
128 225 3 100 10000 0.000173137
201 142 3 100 1000 0.000173317
26 194 3 100 20000 0.000173321
70 161 3 100 2000 0.000173327
285 263 3 100 1000 0.000173382
252 141 3 100 50000 0.000173452
312 89 3 100 100000 0.000173481
281 274 3 100 500000 0.000173584
254 267 3 100 100000 0.000173637
222 314 3 100 100000 0.000173757
23 101 3 100 1000 0.000173788
179 76 3 100 1000 0.000174049
192 23 3 100 5000 0.000174062
292 108 3 100 100000 0.000174079
280 153 3 100 20000 0.000174103
203 149 3 100 50000 0.000174170
18 235 3 100 10000 0.000174174
210 188 3 100 200000 0.000174244
50 153 3 100 100000 0.000174258
284 44 3 100 10000 0.000174263
306 35 3 100 50000 0.000174378
144 235 3 100 1000 0.000174419
306 246 3 100 1000 0.000174509
308 230 3 100 1000000 0.000174537
248 223 3 100 10000 0.000174552
60 232 3 100 10000 0.000174570
83 29 3 100 1000 0.000174625
117 163 3 100 1000000 0.000174687
300 199 3 100 20000 0.000174723
124 199 3 100 100000 0.000174731
171 83 3 100 20000 0.000174749
34 124 3 100 10000 0.000174822
307 224 3 100 200000 0.000174839
185 32 3 100 10000 0.000174924
223 23 3 100 1000 0.000174933
312 92 3 100 200000 0.000175002
308 173 3 100 1000 0.000175193
254 66 3 100 2000 0.000175412
85 37 3 100 20000 0.000175444
13 37 3 100 1000 0.000175494
23 243 3 100 100000 0.000175664
118 100 3 100 10000 0.000175731
146 61 3 100 2000000 0.000175807
227 310 3 100 5000000 0.000175872
151 261 3 100 10000 0.000175965
70 226 3 100 100000 0.000176132
156 231 3 100 10000 0.000176160
305 220 3 100 5000 0.000176330
238 243 3 100 10000 0.000176405
254 54 3 100 20000 0.000176672
237 195 3 100 100000 0.000176729
225 3 3 100 20000 0.000176743
166 37 3 100 10000 0.000176966
253 68 3 100 5000 0.000177001
41 142 3 100 2000 0.000177105
131 313 3 100 1000 0.000177293
240 295 3 100 1000 0.000177458
264 22 3 100 5000 0.000177663
288 211 3 100 5000 0.000177691
0 79 3 100 5000 0.000177798
186 292 3 100 500000 0.000178005
212 266 3 100 1000 0.000178007
197 205 3 100 20000 0.000178087
106 191 3 100 20000 0.000178263
189 209 3 100 2000000 0.000178406
316 238 3 100 20000 0.000178561
276 243 3 100 20000 0.000178585
253 224 3 100 50000 0.000178599
38 80 3 100 1000 0.000178610
165 19 3 100 1000 0.000178611
75 316 3 100 1000 0.000179128
114 89 3 100 100000 0.000179265
161 198 3 100 5000 0.000179483
283 256 3 100 2000 0.000179641
68 39 3 100 20000 0.000179860
181 208 3 100 200000 0.000180007
264 102 3 100 200000 0.000180122
291 155 3 100 1000000 0.000180166
161 305 3 100 5000 0.000180530
150 267 3 100 20000 0.000180639
195 183 3 100 200000 0.000180650
254 292 3 100 100000 0.000180796
307 98 3 100 1000 0.000180817
48 150 3 100 10000 0.000180857
300 222 3 100 1000 0.000180942
221 296 3 100 20000 0.000181014
200 246 3 100 10000 0.000181133
54 135 3 100 50000 0.000181305
182 83 3 100 500000 0.000181336
169 254 3 100 1000 0.000181402
193 273 3 100 100000 0.000181406
248 199 3 100 500000 0.000181621
199 268 3 100 200000 0.000181864
319 138 3 100 100000 0.000181903
268 297 3 100 50000 0.000181918
177 229 3 100 2000 0.000182125
133 58 3 100 1000 0.000182302
49 80 3 100 1000 0.000182305
134 234 3 100 1000 0.000182430
188 190 3 100 5000 0.000182614
225 84 3 100 5000 0.000182677
232 26 3 100 2000 0.000182686
63 158 3 100 1000000 0.000182722
149 122 3 100 1000 0.000182775
132 43 3 100 1000 0.000182932
239 314 3 100 1000 0.000183023
176 17 3 100 20000 0.000183055
191 196 3 100 1000 0.000183096
137 227 3 100 20000 0.000183245
96 256 3 100 1000 0.000183295
201 193 3 100 20000 0.000183307
19 274 3 100 10000 0.000183540
15 141 3 100 1000 0.000183635
97 13 3 100 50000 0.000183904
120 30 3 100 20000 0.000183927
298 319 3 100 1000 0.000184096
77 139 3 100 20000 0.000184149
59 15 3 100 1000 0.000184405
101 300 3 100 5000 0.000184467
30 192 3 100 10000 0.000184471
290 0 3 100 200000 0.000184494
95 205 3 100 1000 0.000184567
258 203 3 100 1000 0.000184636
19 133 3 100 2000 0.000184650
68 261 3 100 2000 0.000184661
108 262 3 100 20000 0.000184778
206 262 3 100 5000 0.000184838
96 170 3 100 500000 0.000184869
105 159 3 100 100000 0.000184950
126 67 3 100 1000 0.000184979
267 115 3 100 2000 0.000184989
153 144 3 100 200000 0.000185000
7 191 3 100 20000 0.000185524
65 89 3 100 1000 0.000185565
112 314 3 100 200000 0.000185750
274 230 3 100 1000 0.000185795
316 175 3 100 5000 0.000186008
258 145 3 100 50000 0.000186035
277 91 3 100 2000 0.000186100
294 217 3 100 100000 0.000186115
238 293 3 100 5000 0.000186185
247 276 3 100 5000 0.000186194
249 255 3 100 5000000 0.000186293
149 222 3 100 1000 0.000186350
265 11 3 100 1000 0.000186362
101 271 3 100 5000 0.000186533
67 235 3 100 500000 0.000186562
137 15 3 100 200000 0.000186667
21 63 3 100 200000 0.000186898
119 180 3 100 2000 0.000187022
8 50 3 100 1000 0.000187393
55 32 3 100 100000 0.000187434
73 298 3 100 100000 0.000187553
130 209 3 100 100000 0.000187688
192 266 3 100 50000 0.000187690
218 176 3 100 5000 0.000187709
185 166 3 100 500000 0.000187758
202 287 3 100 5000 0.000187820
229 276 3 100 500000 0.000188155
74 92 3 100 1000000 0.000188262
27 308 3 100 500000 0.000188292
156 61 3 100 1000 0.000188370
121 146 3 100 1000 0.000188426
314 248 3 100 20000 0.000188716
288 81 3 100 2000000 0.000188767
61 216 3 100 500000 0.000188855
165 112 3 100 1000 0.000189111
58 89 3 100 1000 0.000189375
52 70 3 100 100000 0.000189454
280 3 3 100 1000 0.000189627
142 137 3 100 100000 0.000189737
269 60 3 100 2000 0.000189788
262 178 3 100 2000 0.000189914
247 157 3 100 10000 0.000189914
2 285 3 100 5000 0.000190017
140 30 3 100 50000 0.000190087
217 242 3 100 2000 0.000190271
226 11 3 100 5000 0.000190347
266 256 3 100 5000 0.000190408
273 25 3 100 2000 0.000190905
205 90 3 100 100000 0.000191201
3 239 3 100 20000 0.000191232
248 40 3 100 20000 0.000191504
57 183 3 100 1000 0.000191563
314 120 3 100 200000 0.000191631
241 190 3 100 10000 0.000191644
127 292 3 100 20000 0.000191704
87 282 3 100 1000 0.000192102
159 25 3 100 2000 0.000192105
278 107 3 100 100000 0.000192200
203 54 3 100 1000 0.000192738
266 131 3 100 500000 0.000192947
183 140 3 100 20000 0.000193027
117 211 3 100 1000 0.000193054
39 217 3 100 1000 0.000193071
252 124 3 100 1000 0.000193433
20 59 3 100 10000 0.000193629
130 155 3 100 5000 0.000193631
25 32 3 100 20000 0.000193728
201 235 3 100 20000 0.000193930
69 252 3 100 20000 0.000194054
195 20 3 100 50000 0.000194531
282 199 3 100 2000 0.000194642
186 113 3 100 100000 0.000194674
118 125 3 100 20000 0.000194678
220 141 3 100 500000 0.000194885
51 151 3 100 1000 0.000195060
252 243 3 100 100000 0.000195134
53 84 3 100 5000 0.000195406
226 303 3 100 2000 0.000195773
90 86 3 100 50000 0.000195913
283 247 3 100 200000 0.000196126
97 296 3 100 50000 0.000196142
50 128 3 100 20000 0.000196155
188 60 3 100 20000 0.000196423
137 16 3 100 5000 0.000196547
196 151 3 100 5000 0.000196764
101 51 3 100 20000 0.000197044
146 67 3 100 20000 0.000197567
216 316 3 100 1000 0.000197721
75 83 3 100 2000 0.000197876
309 23 3 100 5000 0.000197990
302 160 3 100 50000 0.000198003
281 211 3 100 1000000 0.000198201
44 35 3 100 5000 0.000198214
148 215 3 100 10000 0.000198343
129 166 3 100 10000 0.000198517
205 65 3 100 1000 0.000198765
207 287 3 100 20000 0.000198766
196 89 3 100 500000 0.000198802
244 207 3 100 500000 0.000198837
133 55 3 100 100000 0.000198965
260 213 3 100 1000000 0.000199230
277 304 3 100 50000 0.000199370
282 157 3 100 200000 0.000199569
292 96 3 100 50000 0.000199622
15 66 3 100 100000 0.000199728
153 44 3 100 50000 0.000199755
185 152 3 100 2000 0.000199760
203 71 3 100 500000 0.000199849
63 92 3 100 500000 0.000199868
316 80 3 100 200000 0.000199879
215 78 3 100 1000 0.000199927
116 108 3 100 1000000 0.000199941
153 102 3 100 5000 0.000200072
217 200 3 100 200000 0.000200117
214 107 3 100 100000 0.000200224
76 214 3 100 1000000 0.000200278
254 250 3 100 20000 0.000200307
281 266 3 100 5000 0.000200487
220 169 3 100 500000 0.000200605
219 148 3 100 100000 0.000200685
243 131 3 100 10000 0.000200960
36 52 3 100 500000 0.000200971
21 158 3 100 100000 0.000201060
114 253 3 100 1000 0.000201362
276 307 3 100 100000 0.000201712
244 82 3 100 10000 0.000201773
252 45 3 100 5000 0.000201813
256 234 3 100 200000 0.000201840
247 155 3 100 1000 0.000201844
197 244 3 100 200000 0.000202269
311 171 3 100 1000 0.000202275
38 304 3 100 20000 0.000202354
248 313 3 100 500000 0.000202364
261 294 3 100 20000 0.000202618
92 204 3 100 1000 0.000202673
12 296 3 100 50000 0.000203029
39 76 3 100 1000000 0.000203169
48 125 3 100 50000 0.000203196
198 313 3 100 1000 0.000203311
151 290 3 100 2000 0.000203422
38 147 3 100 200000 0.000203670
318 208 3 100 1000000 0.000203705
24 271 3 100 2000000 0.000203982
192 68 3 100 10000 0.000204038
260 116 3 100 200000 0.000204323
57 62 3 100 1000000 0.000204364
285 281 3 100 10000 0.000204395
74 248 3 100 2000 0.000204844
306 183 3 100 10000 0.000204900
80 32 3 100 200000 0.000204909
54 134 3 100 50000 0.000205360
2 28 3 100 5000 0.000205562
124 196 3 100 200000 0.000205574
210 308 3 100 2000 0.000205613
280 202 3 100 200000 0.000205703
167 89 3 100 10000 0.000205838
212 278 3 100 50000 0.000205905
133 124 3 100 20000 0.000206085
91 254 3 100 500000 0.000206370
297 288 3 100 5000 0.000206525
262 12 3 100 200000 0.000206664
270 313 3 100 5000 0.000206847
2 161 3 100 20000 0.000206855
172 82 3 100 200000 0.000206932
240 216 3 100 20000 0.000207041
174 307 3 100 20000 0.000207043
231 247 3 100 2000 0.000207316
126 285 3 100 50000 0.000207339
28 273 3 100 1000 0.000207671
146 45 3 100 200000 0.000207877
288 174 3 100 5000 0.000207969
135 294 3 100 10000 0.000207996
86 281 3 100 50000 0.000208340
142 38 3 100 100000 0.000208387
208 151 3 100 5000 0.000208899
179 51 3 100 1000000 0.000209207
318 151 3 100 5000 0.000209352
34 242 3 100 50000 0.000209370
2 290 3 100 500000 0.000209571
253 250 3 100 2000 0.000209630
25 238 3 100 20000 0.000209661
212 113 3 100 500000 0.000209730
274 103 3 100 500000 0.000209769
106 241 3 100 200000 0.000209861
246 268 3 100 200000 0.000209993
115 47 3 100 50000 0.000210101
294 217 3 100 50000 0.000210141
151 52 3 100 500000 0.000210209
84 189 3 100 10000 0.000210216
59 205 3 100 20000 0.000210260
29 122 3 100 1000 0.000210326
298 64 3 100 20000 0.000210393
50 196 3 100 500000 0.000210420
285 145 3 100 50000 0.000210448
249 16 3 100 10000 0.000211000
174 105 3 100 2000 0.000211089
225 143 3 100 5000 0.000211334
124 40 3 100 20000 0.000211553
147 154 3 100 5000 0.000211584
183 178 3 100 20000 0.000211759
15 226 3 100 50000 0.000211773
241 230 3 100 2000 0.000211940
41 251 3 100 1000000 0.000212013
219 101 3 100 200000 0.000212130
146 160 3 100 10000 0.000212162
55 154 3 100 100000 0.000212184
82 40 3 100 20000 0.000212228
312 45 3 100 100000 0.000212551
31 54 3 100 20000 0.000212556
261 148 3 100 200000 0.000212577
77 223 3 100 1000 0.000212710
276 280 3 100 5000 0.000212841
152 214 3 100 5000 0.000212855
79 259 3 100 50000 0.000212952
230 294 3 100 1000 0.000213289
191 7 3 100 500000 0.000213357
33 93 3 100 20000 0.000213438
246 134 3 100 100000 0.000213440
274 165 3 100 100000 0.000213517
46 79 3 100 1000 0.000213568
273 155 3 100 200000 0.000213867
96 76 3 100 100000 0.000213920
13 288 3 100 5000000 0.000213985
262 179 3 100 100000 0.000214018
7 61 3 100 5000 0.000214430
4 134 3 100 2000000 0.000214457
282 16 3 100 5000 0.000214544
59 227 3 100 1000 0.000214790
27 139 3 100 20000 0.000214857
83 186 3 100 20000 0.000214866
165 169 3 100 1000000 0.000214890
50 195 3 100 50000 0.000214892
258 154 3 100 1000 0.000214945
311 212 3 100 2000 0.000214968
65 117 3 100 20000 0.000215724
199 289 3 100 5000 0.000215951
27 172 3 100 100000 0.000216025
135 275 3 100 100000 0.000216145
271 138 3 100 1000000 0.000216231
88 37 3 100 20000 0.000216237
221 18 3 100 50000 0.000216375
223 52 3 100 200000 0.000216398
244 149 3 100 200000 0.000216688
21 151 3 100 50000 0.000216716
246 199 3 100 10000 0.000216933
233 29 3 100 1000000 0.000216991
13 109 3 100 20000 0.000217003
7 10 3 100 50000 0.000217054
55 23 3 100 1000000 0.000217104
193 24 3 100 100000 0.000217145
305 226 3 100 200000 0.000217214
95 185 3 100 50000 0.000217288
270 13 3 100 10000 0.000217324
64 290 3 100 50000 0.000217401
241 294 3 100 100000 0.000217515
272 292 3 100 50000 0.000217673
108 286 3 100 20000 0.000217688
228 214 3 100 500000 0.000217765
253 178 3 100 10000 0.000217821
47 147 3 100 5000000 0.000217877
285 159 3 100 100000 0.000217898
114 195 3 100 200000 0.000218106
59 311 3 100 1000 0.000218131
282 121 3 100 10000 0.000218144
45 96 3 100 2000000 0.000218154
250 62 3 100 2000000 0.000218211
175 267 3 100 20000 0.000218211
264 27 3 100 20000 0.000218280
25 215 3 100 10000 0.000218850
261 172 3 100 1000 0.000218929
230 244 3 100 200000 0.000218989
306 28 3 100 100000 0.000219205
319 294 3 100 200000 0.000219498
225 185 3 100 100000 0.000219540
66 160 3 100 50000 0.000219546
140 305 3 100 50000 0.000220221
95 258 3 100 20000 0.000220317
72 224 3 100 20000 0.000220679
123 169 3 100 50000 0.000220703
92 287 3 100 1000 0.000221030
190 41 3 100 20000 0.000221035
81 223 3 100 500000 0.000221265
183 154 3 100 100000 0.000221522
305 37 3 100 1000 0.000221537
32 303 3 100 5000 0.000221742
243 179 3 100 500000 0.000222002
10 84 3 100 10000 0.000222106
209 160 3 100 1000000 0.000222287
14 270 3 100 1000 0.000222301
155 234 3 100 2000000 0.000222425
13 178 3 100 500000 0.000222637
78 270 3 100 20000 0.000222655
213 58 3 100 10000 0.000223272
110 192 3 100 1000 0.000223273
1 316 3 100 500000 0.000223328
11 296 3 100 200000 0.000223347
59 319 3 100 100000 0.000223480
301 99 3 100 20000 0.000223584
40 165 3 100 100000 0.000223752
143 203 3 100 5000 0.000223775
165 66 3 100 10000 0.000223811
149 28 3 100 10000 0.000223925
256 53 3 100 2000 0.000223928
152 163 3 100 5000 0.000224172
104 207 3 100 500000 0.000224275
209 128 3 100 5000 0.000224480
2 255 3 100 10000 0.000224556
304 141 3 100 200000 0.000224638
174 41 3 100 20000 0.000224772
40 117 3 100 1000000 0.000224791
21 194 3 100 100000 0.000225163
220 183 3 100 200000 0.000225250
275 171 3 100 50000 0.000225321
105 151 3 100 10000 0.000225323
283 167 3 100 1000 0.000225533
11 160 3 100 1000 0.000225841
251 101 3 100 20000 0.000225852
200 197 3 100 1000 0.000225862
159 202 3 100 20000 0.000225933
155 48 3 100 20000 0.000225943
34 281 3 100 10000 0.000226075
122 235 3 100 50000 0.000226109
271 103 3 100 200000 0.000226214
146 195 3 100 200000 0.000226265
60 160 3 100 20000 0.000226436
42 226 3 100 200000 0.000226471
134 250 3 100 20000 0.000226480
263 147 3 100 1000 0.000226772
299 253 3 100 200000 0.000226854
69 296 3 100 20000 0.000226948
137 86 3 100 200000 0.000227136
273 85 3 100 20000 0.000227221
314 166 3 100 20000 0.000227251
290 231 3 100 50000 0.000227379
152 190 3 100 1000 0.000227387
7 112 3 100 1000 0.000227425
28 288 3 100 100000 0.000227535
201 45 3 100 500000 0.000227680
20 130 3 100 1000 0.000227709
145 154 3 100 2000 0.000227791
43 311 3 100 200000 0.000227812
126 13 3 100 1000 0.000228132
246 145 3 100 20000 0.000228204
37 155 3 100 1000 0.000228420
185 123 3 100 500000 0.000228643
271 224 3 100 500000 0.000228928
45 196 3 100 5000 0.000228974
252 316 3 100 10000 0.000229294
174 203 3 100 20000 0.000229640
278 55 3 100 50000 0.000229750
222 71 3 100 20000 0.000229892
90 87 3 100 100000 0.000230375
31 235 3 100 200000 0.000230390
204 234 3 100 100000 0.000230593
33 132 3 100 10000 0.000230817
28 219 3 100 1000 0.000231012
16 20 3 100 500000 0.000231116
247 69 3 100 10000 0.000231226
55 252 3 100 1000 0.000231496
165 30 3 100 1000 0.000231558
235 232 3 100 1000000 0.000231688
256 205 3 100 20000 0.000231817
202 174 3 100 10000 0.000231963
92 62 3 100 5000 0.000232004
255 188 3 100 200000 0.000232112
277 233 3 100 200000 0.000232123
207 213 3 100 100000 0.000232293
178 75 3 100 500000 0.000232430
79 240 3 100 1000 0.000232583
206 160 3 100 200000 0.000232781
154 4 3 100 1000000 0.000232864
154 192 3 100 500000 0.000232922
63 205 3 100 1000 0.000232999
311 84 3 100 20000 0.000233286
114 213 3 100 20000 0.000233326
246 269 3 100 500000 0.000233563
23 233 3 100 20000 0.000233686
294 181 3 100 5000 0.000233852
15 4 3 100 1000 0.000233904
313 242 3 100 20000 0.000234160
202 114 3 100 500000 0.000234176
30 38 3 100 50000 0.000234252
285 227 3 100 1000 0.000234300
255 315 3 100 5000 0.000234494
246 182 3 100 500000 0.000234713
36 240 3 100 20000 0.000234816
0 52 3 100 1000 0.000234973
186 243 3 100 1000000 0.000235003
226 20 3 100 500000 0.000235152
105 68 3 100 20000 0.000235220
285 25 3 100 1000 0.000235466
42 281 3 100 1000 0.000235496
164 88 3 100 2000 0.000235567
169 121 3 100 10000 0.000235645
17 90 3 100 500000 0.000235685
140 149 3 100 5000 0.000235728
255 36 3 100 500000 0.000236140
130 216 3 100 200000 0.000236257
48 92 3 100 2000 0.000236291
181 191 3 100 500000 0.000236517
308 21 3 100 20000 0.000236665
17 170 3 100 200000 0.000236681
118 172 3 100 5000 0.000236835
41 209 3 100 10000 0.000237191
119 250 3 100 2000 0.000237547
127 86 3 100 1000 0.000237553
91 154 3 100 20000 0.000237648
285 218 3 100 10000 0.000237659
222 289 3 100 100000 0.000237721
240 257 3 100 10000 0.000237901
133 169 3 100 50000 0.000237919
296 273 3 100 200000 0.000238070
172 47 3 100 10000 0.000238338
171 17 3 100 5000 0.000238414
219 169 3 100 10000 0.000238614
0 176 3 100 100000 0.000239007
8 55 3 100 5000 0.000239054
194 261 3 100 200000 0.000239107
70 302 3 100 1000 0.000239235
130 306 3 100 20000 0.000239304
255 110 3 100 1000000 0.000239357
158 43 3 100 50000 0.000239373
309 7 3 100 2000 0.000239485
61 147 3 100 100000 0.000239486
48 195 3 100 100000 0.000239553
37 285 3 100 200000 0.000239732
310 205 3 100 10000 0.000239747
231 247 3 100 5000 0.000239791
208 183 3 100 500000 0.000239794
24 226 3 100 100000 0.000239870
128 304 3 100 1000 0.000240155
316 313 3 100 1000000 0.000240174
16 127 3 100 100000 0.000240468
102 243 3 100 20000 0.000240816
313 22 3 100 1000 0.000241062
1 98 3 100 200000 0.000241128
205 310 3 100 500000 0.000241258
12 214 3 100 100000 0.000241335
182 109 3 100 500000 0.000241349
226 85 3 100 5000 0.000241451
309 157 3 100 500000 0.000241517
179 51 3 100 200000 0.000242007
55 275 3 100 1000 0.000242109
18 116 3 100 5000 0.000242294
302 34 3 100 1000 0.000242306
96 167 3 100 1000000 0.000242657
253 306 3 100 1000000 0.000242878
1 116 3 100 200000 0.000242988
92 49 3 100 1000 0.000243302
255 118 3 100 50000 0.000243409
289 35 3 100 50000 0.000243593
280 14 3 100 500000 0.000243657
236 294 3 100 5000 0.000243750
197 85 3 100 1000 0.000243770
315 232 3 100 2000 0.000243802
148 241 3 100 1000000 0.000243895
68 179 3 100 200000 0.000244031
194 58 3 100 200000 0.000244074
208 287 3 100 500000 0.000244082
178 34 3 100 1000 0.000244258
75 319 3 100 500000 0.000244686
159 218 3 100 2000 0.000245065
309 312 3 100 2000 0.000245576
223 140 3 100 500000 0.000245618
268 70 3 100 10000 0.000245763
297 296 3 100 2000 0.000245879
143 108 3 100 20000 0.000246042
308 267 3 100 20000 0.000246097
302 53 3 100 100000 0.000246383
97 298 3 100 20000 0.000246822
290 295 3 100 20000 0.000246979
101 51 3 100 100000 0.000247153
272 19 3 100 20000 0.000247214
8 229 3 100 1000 0.000247421
114 94 3 100 200000 0.000247464
221 276 3 100 20000 0.000247469
