32
114 71 3 100 872246 0.005124759
22 235 3 100 662275 0.006241308
216 174 3 100 391369 0.007773975
316 185 3 100 705397 0.009614430
308 13 3 100 688508 0.009941883
205 137 3 100 18883684 0.010549142
35 23 3 100 793384 0.011394914
15 47 3 100 329258 0.011633045
148 40 3 100 996865 0.011639544
305 239 3 100 81016525 0.012570706
126 287 3 100 82340307 0.013137080
183 176 3 100 733052 0.013226043
202 234 3 100 29175900 0.013244008
57 12 3 100 877572 0.013751466
193 40 3 100 678856 0.014658914
274 136 3 100 96028436 0.017008774
186 83 3 100 59684848 0.017763535
172 52 3 100 197251 0.018996365
216 305 3 100 18526544 0.019238366
299 219 3 100 88320463 0.019970025
279 44 3 100 719176 0.021096091
279 214 3 100 331148 0.022460452
51 194 3 100 391476 0.022670515
273 125 3 100 31931511 0.023113011
112 70 3 100 78387461 0.024675792
24 56 3 100 30514014 0.031372302
136 36 3 100 91756179 0.031748914
290 161 3 100 38538251 0.032771933
283 5 3 100 25374874 0.034085518
138 285 3 100 39476249 0.034230713
28 117 3 100 14308421 0.040252290
142 3 3 100 895667 0.040290963
