64
2 1 3 100 10000000 2
3 1 3 100 10000000 2
4 1 3 100 10000000 2
5 1 3 100 10000000 2
6 1 3 100 10000000 2
7 1 3 100 10000000 2
8 1 3 100 10000000 2
9 1 3 100 10000000 2
10 1 3 100 10000000 2
11 1 3 100 10000000 2
12 1 3 100 10000000 2
13 1 3 100 10000000 2
14 1 3 100 10000000 2
15 1 3 100 10000000 2
16 1 3 100 10000000 2
17 1 3 100 10000000 2
18 1 3 100 10000000 2
19 1 3 100 10000000 2
20 1 3 100 10000000 2
21 1 3 100 10000000 2
22 1 3 100 10000000 2
23 1 3 100 10000000 2
24 1 3 100 10000000 2
25 1 3 100 10000000 2
26 1 3 100 10000000 2
27 1 3 100 10000000 2
28 1 3 100 10000000 2
29 1 3 100 10000000 2
30 1 3 100 10000000 2
31 1 3 100 10000000 2
32 1 3 100 10000000 2
33 1 3 100 10000000 2
34 1 3 100 10000000 2
35 1 3 100 10000000 2
36 1 3 100 10000000 2
37 1 3 100 10000000 2
38 1 3 100 10000000 2
39 1 3 100 10000000 2
40 1 3 100 10000000 2
41 1 3 100 10000000 2
42 1 3 100 10000000 2
43 1 3 100 10000000 2
44 1 3 100 10000000 2
45 1 3 100 10000000 2
46 1 3 100 10000000 2
47 1 3 100 10000000 2
48 1 3 100 10000000 2
49 1 3 100 10000000 2
50 1 3 100 10000000 2
51 1 3 100 10000000 2
52 1 3 100 10000000 2
53 1 3 100 10000000 2
54 1 3 100 10000000 2
55 1 3 100 10000000 2
56 1 3 100 10000000 2
57 1 3 100 10000000 2
58 1 3 100 10000000 2
59 1 3 100 10000000 2
60 1 3 100 10000000 2
61 1 3 100 10000000 2
62 1 3 100 10000000 2
63 1 3 100 10000000 2
64 1 3 100 10000000 2
65 1 3 100 10000000 2
