32
172 1 3 100 207175 0.004637292
16 1 3 100 131244 0.004684762
235 1 3 100 662275 0.006241308
125 1 3 100 334053 0.006976896
273 1 3 100 42857966 0.008170125
234 1 3 100 29175900 0.013244008
107 1 3 100 99949389 0.013348891
161 1 3 100 63843426 0.013387044
51 1 3 100 61019678 0.013898680
186 1 3 100 31831063 0.018509048
81 1 3 100 832052 0.021130720
214 1 3 100 331148 0.022460452
126 1 3 100 85345555 0.026948864
193 1 3 100 182627 0.027602032
316 1 3 100 58537831 0.028867607
279 1 3 100 191161 0.029524626
119 1 3 100 629903 0.030100936
36 1 3 100 91756179 0.031748914
35 1 3 100 16150444 0.033063166
285 1 3 100 39476249 0.034230713
287 1 3 100 308496 0.035800981
52 1 3 100 809570 0.037033387
57 1 3 100 126225 0.037077525
309 1 3 100 377370 0.040356414
28 1 3 100 40742311 0.041090130
49 1 3 100 476417 0.042374718
148 1 3 100 20709497 0.042765886
142 1 3 100 948749 0.043465016
108 1 3 100 86125617 0.043818381
255 1 3 100 63100814 0.044234158
79 1 3 100 325772 0.047860654
194 1 3 100 46231783 0.049476168
