968
151 51 3 100 51200 0.000001911
155 103 3 100 20000000 0.000007543
79 51 3 100 2048 0.000009003
44 121 3 100 5242880 0.000010662
28 97 3 100 102400 0.000012325
112 96 3 100 2097152 0.000012640
121 111 3 100 51200 0.000013185
7 17 3 100 20000000 0.000014496
86 101 3 100 20000000 0.000016247
117 12 3 100 10485760 0.000018452
102 24 3 100 20480 0.000021676
67 27 3 100 51200 0.000022040
57 54 3 100 2097152 0.000022970
139 131 3 100 5242880 0.000023344
120 135 3 100 20000000 0.000023942
91 74 3 100 20000000 0.000024325
100 35 3 100 1024 0.000025315
135 63 3 100 51200 0.000025812
152 135 3 100 20000000 0.000026221
97 4 3 100 512000 0.000027811
113 122 3 100 20000000 0.000029811
121 154 3 100 10485760 0.000032073
58 91 3 100 10485760 0.000033765
143 36 3 100 2048 0.000034135
129 79 3 100 102400 0.000036497
73 75 3 100 20000000 0.000040219
64 158 3 100 2048 0.000040398
141 116 3 100 1024 0.000041079
82 7 3 100 10240 0.000041648
81 75 3 100 102400 0.000047542
111 137 3 100 512000 0.000048542
144 100 3 100 51200 0.000049941
2 17 3 100 2048 0.000051016
23 98 3 100 512000 0.000051652
5 95 3 100 10485760 0.000052983
105 137 3 100 10240 0.000053953
140 68 3 100 102400 0.000056874
102 82 3 100 20000000 0.000057876
102 98 3 100 51200 0.000059514
64 113 3 100 2097152 0.000060729
119 20 3 100 2097152 0.000061157
79 10 3 100 102400 0.000062153
130 103 3 100 2097152 0.000063015
144 61 3 100 512000 0.000063347
110 147 3 100 102400 0.000063734
77 31 3 100 2048 0.000064821
73 138 3 100 10485760 0.000065692
81 75 3 100 102400 0.000067479
45 159 3 100 5242880 0.000073560
10 116 3 100 51200 0.000073618
19 27 3 100 1048576 0.000073704
4 87 3 100 5120 0.000074146
142 92 3 100 51200 0.000076502
56 94 3 100 20480 0.000078392
41 102 3 100 10485760 0.000081221
26 99 3 100 20000000 0.000084735
14 26 3 100 20000000 0.000084996
120 145 3 100 512000 0.000086309
154 10 3 100 20480 0.000086651
72 100 3 100 5120 0.000088726
144 127 3 100 2097152 0.000091924
40 64 3 100 1024 0.000092950
69 80 3 100 10240 0.000093263
59 152 3 100 1048576 0.000093962
125 71 3 100 10485760 0.000094210
101 116 3 100 20000000 0.000097477
120 19 3 100 5242880 0.000097699
32 126 3 100 20000000 0.000097964
58 82 3 100 1024 0.000098677
87 141 3 100 2097152 0.000100905
13 17 3 100 20000000 0.000102548
68 37 3 100 51200 0.000103317
71 72 3 100 204800 0.000108075
144 3 3 100 20000000 0.000109521
69 113 3 100 2097152 0.000110160
78 4 3 100 102400 0.000111634
60 39 3 100 5242880 0.000112015
130 110 3 100 204800 0.000112292
2 74 3 100 20000000 0.000112804
47 61 3 100 512000 0.000115183
149 38 3 100 10240 0.000115351
23 1 3 100 20000000 0.000118470
14 29 3 100 20000000 0.000119446
153 151 3 100 1048576 0.000119795
50 2 3 100 1048576 0.000120370
43 129 3 100 51200 0.000128059
78 61 3 100 5242880 0.000128345
43 76 3 100 10485760 0.000128672
12 149 3 100 1048576 0.000129814
157 90 3 100 20480 0.000132894
122 149 3 100 2097152 0.000135064
46 25 3 100 10485760 0.000135958
140 147 3 100 10240 0.000136547
84 22 3 100 10485760 0.000140707
68 50 3 100 10240 0.000141144
8 108 3 100 20480 0.000142219
136 89 3 100 20000000 0.000142704
38 59 3 100 20000000 0.000144578
117 59 3 100 2048 0.000145472
32 54 3 100 102400 0.000145910
98 136 3 100 102400 0.000147055
87 33 3 100 204800 0.000148886
105 133 3 100 512000 0.000148955
79 101 3 100 20000000 0.000150824
33 135 3 100 102400 0.000153144
40 147 3 100 1048576 0.000155056
152 15 3 100 20000000 0.000156278
122 158 3 100 51200 0.000156466
28 86 3 100 10485760 0.000157196
97 105 3 100 5242880 0.000157442
40 68 3 100 1048576 0.000160064
124 16 3 100 10240 0.000162327
136 30 3 100 10485760 0.000164444
11 135 3 100 10240 0.000166956
24 140 3 100 512000 0.000167884
93 61 3 100 20480 0.000168205
58 32 3 100 5242880 0.000172349
19 80 3 100 204800 0.000175036
20 137 3 100 5242880 0.000175302
120 139 3 100 1048576 0.000176301
35 72 3 100 20000000 0.000177661
68 19 3 100 10240 0.000180777
6 32 3 100 5120 0.000181751
157 71 3 100 512000 0.000182395
120 80 3 100 1024 0.000184294
117 55 3 100 512000 0.000184586
158 4 3 100 20000000 0.000187416
142 42 3 100 2048 0.000187580
34 90 3 100 5242880 0.000190966
152 71 3 100 5120 0.000192969
133 125 3 100 51200 0.000193382
77 159 3 100 512000 0.000194882
16 104 3 100 20000000 0.000196065
29 55 3 100 512000 0.000198294
155 140 3 100 51200 0.000201485
83 135 3 100 102400 0.000203810
148 19 3 100 512000 0.000205345
61 54 3 100 10240 0.000206061
24 121 3 100 512000 0.000209297
96 6 3 100 1048576 0.000209357
54 95 3 100 5120 0.000209850
4 116 3 100 1024 0.000210440
13 40 3 100 204800 0.000212747
125 29 3 100 20000000 0.000213448
100 40 3 100 204800 0.000216262
123 83 3 100 20000000 0.000217068
131 156 3 100 204800 0.000217096
32 71 3 100 20000000 0.000217311
56 60 3 100 20000000 0.000218920
64 113 3 100 204800 0.000219565
123 105 3 100 204800 0.000220035
12 66 3 100 20480 0.000220675
157 158 3 100 2097152 0.000220836
89 144 3 100 2048 0.000221987
77 127 3 100 1048576 0.000222952
122 18 3 100 5120 0.000224064
42 61 3 100 5242880 0.000224256
77 131 3 100 1048576 0.000226911
109 4 3 100 51200 0.000227981
21 77 3 100 204800 0.000228348
146 71 3 100 5120 0.000228679
136 150 3 100 5242880 0.000229048
143 156 3 100 2097152 0.000232057
112 18 3 100 20480 0.000233290
74 42 3 100 5242880 0.000234151
67 134 3 100 2048 0.000234382
5 135 3 100 20000000 0.000238170
59 154 3 100 204800 0.000238402
124 76 3 100 512000 0.000239469
120 36 3 100 5242880 0.000239749
57 5 3 100 2048 0.000240169
31 117 3 100 5242880 0.000241156
123 143 3 100 20000000 0.000241177
133 115 3 100 2097152 0.000242868
0 6 3 100 5242880 0.000243688
56 94 3 100 1048576 0.000243919
109 152 3 100 1024 0.000244623
74 93 3 100 2097152 0.000244823
131 90 3 100 20000000 0.000246074
107 95 3 100 20000000 0.000248003
51 79 3 100 10485760 0.000248313
146 52 3 100 20000000 0.000248345
128 11 3 100 1048576 0.000248759
98 67 3 100 2097152 0.000251548
3 101 3 100 20000000 0.000254539
153 33 3 100 51200 0.000256181
51 93 3 100 5242880 0.000256420
124 64 3 100 20000000 0.000258590
122 39 3 100 5242880 0.000264078
17 63 3 100 51200 0.000264787
82 112 3 100 1024 0.000265113
55 138 3 100 204800 0.000265207
60 23 3 100 10485760 0.000265616
34 64 3 100 51200 0.000266449
125 139 3 100 10240 0.000266696
118 45 3 100 5120 0.000267792
29 94 3 100 10240 0.000269017
28 107 3 100 51200 0.000271060
41 116 3 100 5120 0.000272032
93 12 3 100 51200 0.000272184
94 30 3 100 5120 0.000272504
54 6 3 100 2097152 0.000273478
90 76 3 100 512000 0.000275961
64 131 3 100 5120 0.000277568
51 75 3 100 102400 0.000278985
15 38 3 100 1048576 0.000280578
110 82 3 100 51200 0.000281391
82 93 3 100 102400 0.000281740
96 148 3 100 1048576 0.000283082
97 156 3 100 20000000 0.000283644
101 126 3 100 20000000 0.000284707
81 109 3 100 10240 0.000287948
146 83 3 100 204800 0.000288686
147 41 3 100 512000 0.000288821
60 24 3 100 5242880 0.000288996
8 19 3 100 512000 0.000290589
28 4 3 100 5242880 0.000291475
118 38 3 100 51200 0.000291986
83 71 3 100 51200 0.000293978
66 106 3 100 51200 0.000295310
117 158 3 100 2097152 0.000296181
94 95 3 100 10485760 0.000296795
126 96 3 100 2048 0.000300076
98 63 3 100 51200 0.000302557
28 89 3 100 20480 0.000304254
92 48 3 100 10485760 0.000305071
139 94 3 100 512000 0.000306787
106 101 3 100 51200 0.000306921
106 55 3 100 1048576 0.000307642
27 119 3 100 20000000 0.000307700
74 113 3 100 2097152 0.000309610
0 35 3 100 5242880 0.000310792
1 137 3 100 5120 0.000312557
42 3 3 100 1048576 0.000313161
113 52 3 100 204800 0.000313977
22 21 3 100 51200 0.000318128
106 88 3 100 5242880 0.000318715
101 129 3 100 512000 0.000319132
86 134 3 100 204800 0.000319391
70 10 3 100 512000 0.000320821
95 76 3 100 1048576 0.000321185
28 10 3 100 5242880 0.000321236
150 107 3 100 20480 0.000322423
83 47 3 100 512000 0.000322745
114 4 3 100 51200 0.000322963
47 59 3 100 512000 0.000324228
45 84 3 100 20000000 0.000324246
153 80 3 100 20000000 0.000328434
6 140 3 100 10240 0.000335814
43 125 3 100 20000000 0.000335871
42 29 3 100 512000 0.000336536
57 32 3 100 10485760 0.000337096
79 64 3 100 1024 0.000337913
41 29 3 100 20000000 0.000341523
145 18 3 100 1024 0.000343661
155 35 3 100 5120 0.000349595
58 16 3 100 512000 0.000350739
134 126 3 100 1048576 0.000353760
122 27 3 100 5120 0.000355047
10 142 3 100 2097152 0.000358543
159 14 3 100 10485760 0.000360136
145 67 3 100 20480 0.000360365
107 96 3 100 204800 0.000363161
61 27 3 100 102400 0.000363289
78 148 3 100 5242880 0.000364744
155 56 3 100 10240 0.000364801
42 39 3 100 512000 0.000366388
151 159 3 100 51200 0.000368575
101 28 3 100 102400 0.000370303
143 54 3 100 2097152 0.000370615
37 57 3 100 10485760 0.000373676
148 14 3 100 512000 0.000376143
31 133 3 100 20000000 0.000377755
113 82 3 100 10485760 0.000379329
134 29 3 100 51200 0.000382463
72 21 3 100 102400 0.000383490
75 35 3 100 20000000 0.000385997
98 76 3 100 10485760 0.000387254
147 132 3 100 10485760 0.000390525
150 81 3 100 51200 0.000390596
57 141 3 100 20480 0.000391964
65 18 3 100 204800 0.000392011
47 65 3 100 2097152 0.000394224
102 84 3 100 102400 0.000394310
94 93 3 100 5242880 0.000395729
50 12 3 100 20000000 0.000396945
75 123 3 100 20000000 0.000398799
13 77 3 100 2097152 0.000399934
156 5 3 100 20000000 0.000400221
60 33 3 100 1048576 0.000400380
129 133 3 100 512000 0.000402898
76 89 3 100 20000000 0.000405322
51 33 3 100 10485760 0.000407273
99 37 3 100 51200 0.000407514
62 157 3 100 2097152 0.000407579
44 98 3 100 20000000 0.000409181
143 105 3 100 2097152 0.000409827
150 95 3 100 5120 0.000409967
64 72 3 100 2097152 0.000411819
39 73 3 100 204800 0.000415353
104 63 3 100 5242880 0.000417213
66 83 3 100 10240 0.000419356
105 149 3 100 512000 0.000421381
142 59 3 100 204800 0.000422282
52 65 3 100 20000000 0.000423978
46 25 3 100 512000 0.000426701
81 114 3 100 2048 0.000428137
108 5 3 100 20000000 0.000430186
130 50 3 100 512000 0.000431715
83 143 3 100 5120 0.000439653
14 39 3 100 51200 0.000443487
142 24 3 100 1024 0.000445127
86 147 3 100 2048 0.000445210
153 83 3 100 102400 0.000447678
94 130 3 100 204800 0.000448755
57 59 3 100 102400 0.000450083
156 113 3 100 10485760 0.000452858
31 137 3 100 10485760 0.000452965
30 153 3 100 10485760 0.000453681
85 44 3 100 10485760 0.000455393
5 125 3 100 1024 0.000456438
94 9 3 100 10240 0.000458571
78 11 3 100 102400 0.000461316
109 12 3 100 51200 0.000462202
71 153 3 100 2048 0.000463858
41 131 3 100 10485760 0.000465225
41 138 3 100 512000 0.000465500
137 24 3 100 10240 0.000466335
139 148 3 100 1024 0.000466732
157 127 3 100 204800 0.000469783
92 131 3 100 512000 0.000469833
109 112 3 100 51200 0.000473010
131 76 3 100 20000000 0.000475573
156 84 3 100 5120 0.000475908
43 123 3 100 102400 0.000477197
151 126 3 100 20000000 0.000478300
41 132 3 100 102400 0.000478814
138 32 3 100 5242880 0.000482035
7 18 3 100 512000 0.000483570
37 113 3 100 51200 0.000488023
57 152 3 100 1024 0.000488222
99 20 3 100 102400 0.000488537
93 120 3 100 51200 0.000489604
18 57 3 100 1024 0.000489844
95 130 3 100 1048576 0.000490296
69 151 3 100 2048 0.000490303
93 27 3 100 204800 0.000491566
29 41 3 100 20000000 0.000492283
113 136 3 100 2097152 0.000493785
128 102 3 100 20000000 0.000496189
72 84 3 100 10485760 0.000496414
3 36 3 100 51200 0.000500507
111 76 3 100 20000000 0.000500708
91 107 3 100 51200 0.000501234
40 44 3 100 512000 0.000504110
106 15 3 100 20000000 0.000504829
32 70 3 100 1048576 0.000505879
159 91 3 100 10485760 0.000512567
38 150 3 100 2097152 0.000514952
6 155 3 100 204800 0.000515006
138 37 3 100 5242880 0.000516044
4 67 3 100 20000000 0.000516337
10 48 3 100 51200 0.000517848
29 6 3 100 20000000 0.000519612
12 61 3 100 51200 0.000521554
106 120 3 100 1024 0.000521914
118 64 3 100 10485760 0.000523000
153 19 3 100 20000000 0.000523502
16 60 3 100 20000000 0.000526746
119 8 3 100 5120 0.000527833
146 16 3 100 102400 0.000528997
77 74 3 100 204800 0.000529778
109 14 3 100 10240 0.000531532
76 101 3 100 512000 0.000533362
68 126 3 100 512000 0.000534853
80 98 3 100 102400 0.000537598
120 101 3 100 20000000 0.000537716
111 118 3 100 20000000 0.000537951
88 20 3 100 51200 0.000538253
18 84 3 100 51200 0.000541109
24 70 3 100 10485760 0.000542180
143 55 3 100 5120 0.000549362
154 37 3 100 5120 0.000550570
158 91 3 100 512000 0.000551224
90 40 3 100 204800 0.000554686
12 76 3 100 512000 0.000555064
94 121 3 100 512000 0.000555330
129 112 3 100 5242880 0.000557361
61 29 3 100 10485760 0.000557399
18 71 3 100 102400 0.000558297
153 149 3 100 5120 0.000558455
78 44 3 100 10485760 0.000560056
7 124 3 100 20480 0.000561544
124 126 3 100 1048576 0.000563465
130 1 3 100 5242880 0.000565815
39 77 3 100 5242880 0.000566436
3 143 3 100 1048576 0.000568161
134 93 3 100 1048576 0.000569591
34 80 3 100 5120 0.000571654
6 138 3 100 5242880 0.000571863
2 25 3 100 204800 0.000574641
143 31 3 100 1048576 0.000574656
112 143 3 100 20480 0.000575916
148 94 3 100 10240 0.000576040
22 158 3 100 102400 0.000578574
108 139 3 100 204800 0.000578723
73 9 3 100 2097152 0.000579659
0 139 3 100 5120 0.000580547
113 92 3 100 512000 0.000581885
153 115 3 100 512000 0.000585132
79 73 3 100 102400 0.000586604
80 127 3 100 102400 0.000587002
96 149 3 100 512000 0.000588385
23 27 3 100 10485760 0.000588918
55 39 3 100 20000000 0.000589111
75 26 3 100 5242880 0.000591982
128 110 3 100 5120 0.000592431
140 87 3 100 20000000 0.000593650
94 131 3 100 10240 0.000593858
7 146 3 100 1048576 0.000595448
118 101 3 100 2048 0.000597309
76 20 3 100 204800 0.000597601
142 33 3 100 1048576 0.000599885
62 155 3 100 20000000 0.000601944
31 151 3 100 51200 0.000602335
76 25 3 100 10485760 0.000604431
35 75 3 100 20480 0.000604696
60 143 3 100 1048576 0.000611328
127 107 3 100 1048576 0.000614059
59 29 3 100 20000000 0.000614782
125 6 3 100 20000000 0.000615333
124 27 3 100 10240 0.000615447
124 101 3 100 102400 0.000617069
128 56 3 100 512000 0.000617232
154 91 3 100 204800 0.000618729
130 16 3 100 1048576 0.000620857
120 144 3 100 51200 0.000622677
9 60 3 100 10240 0.000623198
85 31 3 100 20000000 0.000625203
64 134 3 100 2097152 0.000626651
99 65 3 100 5242880 0.000628069
154 76 3 100 51200 0.000630719
112 85 3 100 102400 0.000631894
104 20 3 100 1048576 0.000633624
17 27 3 100 204800 0.000634651
107 138 3 100 10240 0.000637414
64 101 3 100 20000000 0.000637755
119 141 3 100 512000 0.000641750
74 114 3 100 51200 0.000643086
17 120 3 100 20480 0.000644086
106 34 3 100 10485760 0.000647505
23 132 3 100 512000 0.000647920
64 52 3 100 102400 0.000651215
35 3 3 100 5242880 0.000651943
21 77 3 100 51200 0.000656954
69 79 3 100 512000 0.000659424
157 15 3 100 5120 0.000660909
7 121 3 100 10485760 0.000661954
14 87 3 100 20480 0.000665287
146 61 3 100 2048 0.000666443
42 130 3 100 5242880 0.000667613
69 94 3 100 10485760 0.000668582
43 139 3 100 204800 0.000668977
150 13 3 100 10240 0.000677242
98 125 3 100 102400 0.000678813
32 48 3 100 5120 0.000679549
101 65 3 100 5242880 0.000684089
35 11 3 100 20000000 0.000684275
99 137 3 100 51200 0.000685591
101 86 3 100 10485760 0.000687478
69 23 3 100 2097152 0.000687654
146 111 3 100 5120 0.000687982
131 34 3 100 102400 0.000688670
143 109 3 100 102400 0.000690415
108 58 3 100 51200 0.000692645
147 42 3 100 204800 0.000695285
25 5 3 100 20000000 0.000697556
89 20 3 100 2048 0.000698224
37 109 3 100 102400 0.000700164
136 156 3 100 2097152 0.000700540
102 2 3 100 51200 0.000700888
129 17 3 100 102400 0.000701247
71 85 3 100 2048 0.000701953
64 35 3 100 10485760 0.000707901
74 120 3 100 20000000 0.000708386
46 7 3 100 2048 0.000709594
153 137 3 100 102400 0.000709773
58 131 3 100 1048576 0.000710314
15 149 3 100 1048576 0.000710436
0 7 3 100 5120 0.000711473
7 24 3 100 2097152 0.000712415
90 52 3 100 102400 0.000712867
65 111 3 100 1024 0.000715704
70 48 3 100 102400 0.000717331
24 61 3 100 51200 0.000718170
2 93 3 100 10240 0.000718947
133 2 3 100 512000 0.000722178
67 86 3 100 20480 0.000722748
50 73 3 100 10485760 0.000723555
29 96 3 100 204800 0.000724476
71 98 3 100 51200 0.000725670
87 14 3 100 10485760 0.000726032
143 70 3 100 2097152 0.000726399
18 137 3 100 102400 0.000728423
68 148 3 100 512000 0.000733019
18 66 3 100 10240 0.000735110
111 106 3 100 1048576 0.000735379
24 73 3 100 51200 0.000737437
136 35 3 100 10485760 0.000743899
113 25 3 100 10485760 0.000746177
90 81 3 100 5242880 0.000749919
131 29 3 100 20480 0.000753783
34 47 3 100 20480 0.000755025
40 71 3 100 20480 0.000755941
77 61 3 100 1048576 0.000757689
144 33 3 100 204800 0.000758590
74 146 3 100 20000000 0.000759914
61 109 3 100 20000000 0.000761308
72 134 3 100 5120 0.000761353
8 140 3 100 5120 0.000762598
125 53 3 100 204800 0.000763256
75 31 3 100 51200 0.000765297
96 158 3 100 10485760 0.000765843
111 62 3 100 51200 0.000769774
121 101 3 100 20000000 0.000772160
133 98 3 100 20000000 0.000774036
0 154 3 100 1024 0.000774739
142 113 3 100 1024 0.000774950
157 107 3 100 20480 0.000776275
97 15 3 100 5242880 0.000776279
88 141 3 100 51200 0.000779063
155 95 3 100 5242880 0.000779385
110 133 3 100 20480 0.000780577
98 70 3 100 51200 0.000781285
9 54 3 100 20000000 0.000782024
44 38 3 100 512000 0.000784752
95 76 3 100 512000 0.000784983
50 90 3 100 20480 0.000786031
95 84 3 100 2097152 0.000788991
64 30 3 100 1024 0.000789535
21 148 3 100 2097152 0.000791195
128 148 3 100 5242880 0.000791976
45 97 3 100 20000000 0.000792822
44 128 3 100 20000000 0.000793763
108 70 3 100 20480 0.000794150
143 153 3 100 2097152 0.000794542
42 123 3 100 20000000 0.000795896
83 114 3 100 20480 0.000795966
137 105 3 100 20000000 0.000797605
141 51 3 100 20000000 0.000798580
152 133 3 100 204800 0.000800191
36 64 3 100 20000000 0.000804296
77 21 3 100 1048576 0.000807238
102 60 3 100 2048 0.000807337
115 125 3 100 512000 0.000811399
104 92 3 100 2048 0.000813069
41 113 3 100 5242880 0.000816231
7 105 3 100 512000 0.000816912
26 107 3 100 1048576 0.000817382
139 23 3 100 5242880 0.000822166
2 68 3 100 5242880 0.000823804
0 139 3 100 204800 0.000827700
30 144 3 100 10485760 0.000833704
24 138 3 100 5120 0.000835203
151 139 3 100 10485760 0.000835592
78 122 3 100 2097152 0.000835783
50 64 3 100 2097152 0.000836410
102 78 3 100 10240 0.000837395
23 31 3 100 512000 0.000842644
55 125 3 100 2097152 0.000843292
15 10 3 100 102400 0.000844635
125 17 3 100 10485760 0.000845524
124 84 3 100 512000 0.000848342
20 50 3 100 102400 0.000848464
6 79 3 100 204800 0.000851552
128 95 3 100 204800 0.000851649
63 23 3 100 5242880 0.000852571
58 56 3 100 20000000 0.000854007
76 37 3 100 10240 0.000855202
69 118 3 100 1048576 0.000856645
4 129 3 100 20000000 0.000859230
42 141 3 100 10240 0.000862633
58 133 3 100 102400 0.000864598
111 20 3 100 20000000 0.000865540
20 84 3 100 2097152 0.000865794
110 15 3 100 1048576 0.000865957
59 141 3 100 5242880 0.000866206
121 69 3 100 10485760 0.000866544
100 121 3 100 512000 0.000869370
41 140 3 100 10240 0.000870604
70 38 3 100 20000000 0.000871551
24 98 3 100 5242880 0.000874262
60 105 3 100 102400 0.000876192
35 32 3 100 2097152 0.000876825
96 62 3 100 1024 0.000880117
99 69 3 100 10240 0.000882818
119 43 3 100 5120 0.000883670
21 113 3 100 512000 0.000884120
149 9 3 100 1048576 0.000886379
101 49 3 100 10240 0.000887869
44 25 3 100 20000000 0.000890148
3 109 3 100 20000000 0.000896504
87 77 3 100 10240 0.000900431
151 1 3 100 20000000 0.000902771
14 67 3 100 512000 0.000905562
51 93 3 100 1048576 0.000906850
134 112 3 100 1048576 0.000907345
74 72 3 100 10485760 0.000907862
151 138 3 100 102400 0.000908552
63 107 3 100 512000 0.000910441
42 153 3 100 512000 0.000913153
77 134 3 100 1048576 0.000914080
146 14 3 100 102400 0.000914339
158 88 3 100 20000000 0.000914506
81 90 3 100 2097152 0.000915606
100 73 3 100 102400 0.000922515
1 20 3 100 1048576 0.000922897
59 115 3 100 20000000 0.000924043
148 146 3 100 2097152 0.000930622
37 156 3 100 20000000 0.000931962
53 142 3 100 102400 0.000933876
30 109 3 100 2097152 0.000935591
76 120 3 100 5242880 0.000935974
140 11 3 100 5120 0.000936836
138 100 3 100 512000 0.000937233
11 20 3 100 20000000 0.000940629
21 121 3 100 10485760 0.000941555
47 119 3 100 20000000 0.000941708
133 126 3 100 204800 0.000942238
89 147 3 100 51200 0.000943258
117 123 3 100 2097152 0.000945175
117 136 3 100 1048576 0.000948963
79 84 3 100 51200 0.000949238
97 143 3 100 102400 0.000950967
63 79 3 100 5242880 0.000951357
41 124 3 100 5120 0.000951761
117 135 3 100 5242880 0.000951811
30 87 3 100 1024 0.000952660
57 37 3 100 20000000 0.000955213
37 53 3 100 2097152 0.000956929
11 17 3 100 2097152 0.000957586
54 83 3 100 20000000 0.000958553
36 16 3 100 204800 0.000959476
84 81 3 100 2097152 0.000959737
148 130 3 100 1024 0.000959897
40 125 3 100 20000000 0.000966234
80 68 3 100 10485760 0.000968275
139 91 3 100 20000000 0.000968685
105 114 3 100 10485760 0.000968820
0 71 3 100 10485760 0.000970177
145 101 3 100 512000 0.000971579
76 120 3 100 512000 0.000971670
0 40 3 100 5242880 0.000971735
76 20 3 100 1024 0.000972928
92 127 3 100 1024 0.000974522
14 13 3 100 5120 0.000974645
114 148 3 100 5242880 0.000975066
36 13 3 100 10240 0.000977863
91 40 3 100 10485760 0.000980163
124 152 3 100 10240 0.000982888
32 125 3 100 1048576 0.000983718
98 139 3 100 204800 0.000984845
22 60 3 100 2097152 0.000986149
127 92 3 100 5242880 0.000987713
87 57 3 100 102400 0.000993501
82 8 3 100 2097152 0.000994874
89 146 3 100 204800 0.000999816
85 60 3 100 10485760 0.001000397
93 103 3 100 102400 0.001003027
130 137 3 100 20480 0.001004751
85 141 3 100 1048576 0.001006760
121 58 3 100 102400 0.001009603
104 15 3 100 10485760 0.001011472
88 157 3 100 1048576 0.001013393
70 87 3 100 20000000 0.001014599
8 138 3 100 10485760 0.001014864
143 6 3 100 20000000 0.001018018
3 56 3 100 20000000 0.001018300
54 16 3 100 2097152 0.001018328
11 30 3 100 20000000 0.001021645
83 125 3 100 20480 0.001022064
29 19 3 100 1048576 0.001024365
62 68 3 100 1024 0.001024500
147 68 3 100 5242880 0.001026251
72 130 3 100 102400 0.001026538
45 124 3 100 20000000 0.001028287
44 134 3 100 20000000 0.001028795
37 20 3 100 10240 0.001030366
76 38 3 100 1048576 0.001030957
44 36 3 100 204800 0.001032490
71 154 3 100 20000000 0.001032982
28 51 3 100 10485760 0.001035055
70 44 3 100 1024 0.001035645
131 130 3 100 204800 0.001036237
45 17 3 100 51200 0.001037021
122 113 3 100 102400 0.001039246
25 97 3 100 512000 0.001044123
22 50 3 100 10240 0.001046930
17 117 3 100 102400 0.001049256
32 121 3 100 2097152 0.001049382
48 76 3 100 2097152 0.001049764
59 116 3 100 204800 0.001051642
81 14 3 100 2048 0.001051973
113 81 3 100 20000000 0.001052351
120 99 3 100 2097152 0.001052616
3 126 3 100 5120 0.001053868
147 7 3 100 102400 0.001056263
83 18 3 100 512000 0.001056912
22 121 3 100 2097152 0.001058234
31 22 3 100 51200 0.001058293
114 50 3 100 102400 0.001058639
142 30 3 100 20000000 0.001059093
153 115 3 100 102400 0.001061222
3 28 3 100 10240 0.001065398
150 11 3 100 20000000 0.001066968
0 39 3 100 20480 0.001071090
103 95 3 100 204800 0.001073892
74 107 3 100 20000000 0.001074845
124 51 3 100 512000 0.001075255
34 70 3 100 5242880 0.001075556
37 19 3 100 10240 0.001075980
73 158 3 100 10240 0.001079105
110 44 3 100 2097152 0.001079929
158 99 3 100 51200 0.001081242
30 125 3 100 5120 0.001082817
67 19 3 100 512000 0.001083510
150 119 3 100 20000000 0.001084029
158 152 3 100 20480 0.001087551
5 78 3 100 51200 0.001088667
46 75 3 100 102400 0.001089519
129 29 3 100 1024 0.001098222
2 18 3 100 2097152 0.001098673
130 117 3 100 5120 0.001098996
62 79 3 100 20000000 0.001100756
133 113 3 100 512000 0.001103907
14 70 3 100 2048 0.001106256
3 108 3 100 1048576 0.001107045
107 30 3 100 10240 0.001107599
116 15 3 100 1048576 0.001108012
75 69 3 100 512000 0.001109351
58 7 3 100 2048 0.001110894
99 150 3 100 51200 0.001111267
67 130 3 100 20480 0.001112433
105 131 3 100 204800 0.001113136
52 75 3 100 5242880 0.001113374
102 79 3 100 5242880 0.001114178
122 33 3 100 5120 0.001114352
6 95 3 100 204800 0.001117631
64 44 3 100 5120 0.001117878
40 104 3 100 102400 0.001117908
124 101 3 100 20000000 0.001121977
99 135 3 100 20480 0.001123713
66 117 3 100 10485760 0.001123889
133 7 3 100 10485760 0.001124521
93 145 3 100 1048576 0.001125293
20 31 3 100 5242880 0.001125909
115 90 3 100 10240 0.001126658
7 25 3 100 2048 0.001128890
71 149 3 100 2097152 0.001129857
72 46 3 100 20000000 0.001134126
26 154 3 100 20000000 0.001134311
153 30 3 100 5120 0.001134777
117 73 3 100 1024 0.001135118
60 108 3 100 20000000 0.001137697
57 44 3 100 5120 0.001140835
50 35 3 100 2097152 0.001141309
138 68 3 100 2097152 0.001143015
2 62 3 100 10240 0.001143515
136 15 3 100 1048576 0.001145121
56 91 3 100 2048 0.001154011
5 145 3 100 20000000 0.001154503
123 146 3 100 1048576 0.001154860
85 141 3 100 5120 0.001157263
156 12 3 100 10240 0.001157277
113 105 3 100 2048 0.001162997
38 108 3 100 5120 0.001163097
19 29 3 100 204800 0.001166457
24 16 3 100 204800 0.001167053
54 77 3 100 2097152 0.001167428
100 22 3 100 2097152 0.001170530
114 62 3 100 512000 0.001172778
49 75 3 100 1024 0.001175078
5 124 3 100 10485760 0.001175895
88 43 3 100 1048576 0.001180216
48 64 3 100 512000 0.001181678
133 8 3 100 51200 0.001184040
12 18 3 100 1024 0.001187023
99 25 3 100 204800 0.001187034
142 33 3 100 512000 0.001190181
147 134 3 100 2048 0.001190268
73 41 3 100 20480 0.001192045
144 107 3 100 102400 0.001194857
54 11 3 100 20000000 0.001197066
129 27 3 100 2097152 0.001198604
37 152 3 100 512000 0.001201429
31 118 3 100 1048576 0.001201462
14 33 3 100 2097152 0.001203199
62 46 3 100 20000000 0.001204045
124 125 3 100 20000000 0.001204284
112 54 3 100 20000000 0.001204486
128 150 3 100 5242880 0.001205193
145 128 3 100 10485760 0.001208181
37 73 3 100 5242880 0.001209357
97 134 3 100 204800 0.001210259
32 4 3 100 5120 0.001210626
35 26 3 100 20000000 0.001210688
20 79 3 100 2097152 0.001211227
47 40 3 100 2048 0.001212137
52 29 3 100 512000 0.001212174
110 126 3 100 2048 0.001213046
90 102 3 100 10240 0.001220945
11 148 3 100 1048576 0.001223085
3 152 3 100 20000000 0.001223089
38 68 3 100 10485760 0.001223931
46 62 3 100 1048576 0.001224095
125 104 3 100 2097152 0.001224880
23 135 3 100 20000000 0.001228830
52 57 3 100 20000000 0.001230876
56 31 3 100 20000000 0.001231126
93 73 3 100 2048 0.001232853
100 9 3 100 20000000 0.001233658
94 81 3 100 10240 0.001233861
72 124 3 100 20480 0.001234019
78 16 3 100 5242880 0.001234415
146 44 3 100 5120 0.001237710
120 98 3 100 5242880 0.001238418
129 62 3 100 512000 0.001241498
38 42 3 100 10485760 0.001241630
89 127 3 100 20000000 0.001243215
128 6 3 100 512000 0.001244228
122 142 3 100 1048576 0.001249051
39 128 3 100 1048576 0.001249449
27 136 3 100 1024 0.001251049
142 22 3 100 5242880 0.001252294
131 147 3 100 204800 0.001253010
84 140 3 100 1048576 0.001255081
138 19 3 100 2097152 0.001255363
2 142 3 100 20480 0.001257506
125 77 3 100 51200 0.001260683
24 119 3 100 204800 0.001263040
103 120 3 100 5242880 0.001264246
82 94 3 100 204800 0.001266381
58 102 3 100 204800 0.001266647
28 61 3 100 5120 0.001267048
48 98 3 100 20000000 0.001267611
32 62 3 100 102400 0.001270472
120 20 3 100 512000 0.001274435
143 77 3 100 20480 0.001274623
14 113 3 100 1048576 0.001275764
142 80 3 100 102400 0.001278109
80 20 3 100 204800 0.001278501
100 45 3 100 20000000 0.001279634
75 111 3 100 5120 0.001281408
77 129 3 100 1048576 0.001282865
54 126 3 100 5120 0.001283768
44 39 3 100 2048 0.001286574
100 101 3 100 10485760 0.001288477
108 28 3 100 1024 0.001291318
107 135 3 100 5120 0.001291689
6 30 3 100 51200 0.001291769
157 134 3 100 51200 0.001292243
58 113 3 100 2048 0.001293939
26 69 3 100 204800 0.001294343
81 93 3 100 512000 0.001294396
48 97 3 100 1048576 0.001294554
64 58 3 100 512000 0.001299566
26 86 3 100 2097152 0.001301379
131 137 3 100 5242880 0.001302101
86 18 3 100 512000 0.001302656
140 117 3 100 1024 0.001302817
20 75 3 100 1048576 0.001305542
53 3 3 100 51200 0.001307485
6 5 3 100 1048576 0.001307576
63 145 3 100 1048576 0.001309664
105 143 3 100 512000 0.001311398
45 73 3 100 20000000 0.001312534
110 97 3 100 10485760 0.001313914
58 155 3 100 10240 0.001314064
43 48 3 100 20000000 0.001314200
111 23 3 100 1048576 0.001314232
24 107 3 100 204800 0.001318398
65 80 3 100 1048576 0.001322586
136 152 3 100 1048576 0.001326654
128 21 3 100 5120 0.001327882
70 112 3 100 1048576 0.001329417
119 84 3 100 1048576 0.001329559
90 143 3 100 5120 0.001331528
79 111 3 100 20000000 0.001332942
100 74 3 100 20000000 0.001337732
9 42 3 100 204800 0.001338010
53 94 3 100 2097152 0.001339000
145 102 3 100 5120 0.001339791
152 117 3 100 20000000 0.001339931
100 145 3 100 2097152 0.001339956
76 135 3 100 204800 0.001341316
1 158 3 100 20000000 0.001345375
10 148 3 100 5242880 0.001345487
151 2 3 100 20000000 0.001345713
151 96 3 100 20000000 0.001346062
58 159 3 100 2097152 0.001346290
4 76 3 100 20000000 0.001347585
54 137 3 100 10240 0.001347701
139 101 3 100 20480 0.001348065
68 144 3 100 2097152 0.001349143
101 103 3 100 10485760 0.001351078
2 14 3 100 20480 0.001351148
20 97 3 100 2097152 0.001356426
102 75 3 100 102400 0.001357393
2 80 3 100 204800 0.001358943
10 80 3 100 2048 0.001360512
156 101 3 100 512000 0.001361066
152 24 3 100 512000 0.001361127
118 117 3 100 1048576 0.001362127
142 97 3 100 10485760 0.001363063
59 80 3 100 204800 0.001364093
130 125 3 100 1048576 0.001364359
133 43 3 100 10485760 0.001368310
6 56 3 100 1024 0.001370051
27 144 3 100 2097152 0.001370714
19 65 3 100 2048 0.001371766
141 77 3 100 10240 0.001372259
122 6 3 100 5120 0.001374310
2 145 3 100 20000000 0.001375302
36 77 3 100 5120 0.001376045
43 98 3 100 51200 0.001379387
40 41 3 100 102400 0.001382859
39 153 3 100 1024 0.001387010
127 152 3 100 2097152 0.001387360
88 43 3 100 2097152 0.001387826
27 109 3 100 10240 0.001391661
15 10 3 100 20000000 0.001392291
90 31 3 100 51200 0.001397637
93 140 3 100 51200 0.001400485
77 120 3 100 2048 0.001401128
3 141 3 100 20000000 0.001403011
62 102 3 100 2048 0.001403630
110 106 3 100 204800 0.001405603
3 29 3 100 5242880 0.001405770
22 116 3 100 204800 0.001407769
127 63 3 100 2097152 0.001408577
14 2 3 100 5120 0.001409084
35 120 3 100 512000 0.001414577
0 26 3 100 5120 0.001415526
102 34 3 100 512000 0.001417009
126 122 3 100 1048576 0.001417583
42 17 3 100 51200 0.001418338
12 144 3 100 20000000 0.001418904
16 45 3 100 20000000 0.001419815
136 74 3 100 51200 0.001420075
46 43 3 100 10240 0.001423464
16 85 3 100 10485760 0.001425811
114 86 3 100 51200 0.001426742
148 3 3 100 51200 0.001427366
115 125 3 100 20480 0.001431032
123 43 3 100 10240 0.001431068
89 77 3 100 512000 0.001431639
129 84 3 100 1048576 0.001433274
12 54 3 100 512000 0.001437080
150 79 3 100 102400 0.001438821
0 88 3 100 2097152 0.001439826
7 27 3 100 51200 0.001440109
13 135 3 100 1024 0.001441733
155 21 3 100 1048576 0.001442031
60 73 3 100 2097152 0.001442710
36 142 3 100 10485760 0.001444196
23 113 3 100 2097152 0.001445027
29 62 3 100 5120 0.001448483
15 63 3 100 2097152 0.001448628
