32
57 1 3 100 50000000 0.001250538
216 1 3 100 50000000 0.001589134
35 1 3 100 50000000 0.002291219
193 1 3 100 50000000 0.003940010
279 1 3 100 50000000 0.004346942
194 1 3 100 50000000 0.004835819
172 1 3 100 50000000 0.005110514
274 1 3 100 50000000 0.006241308
186 1 3 100 50000000 0.008132705
287 1 3 100 50000000 0.009941883
181 1 3 100 50000000 0.010475352
47 1 3 100 50000000 0.010931899
214 1 3 100 50000000 0.011022031
140 1 3 100 50000000 0.012244593
174 1 3 100 50000000 0.013893567
301 1 3 100 50000000 0.013909535
51 1 3 100 50000000 0.019006311
185 1 3 100 50000000 0.028867607
258 1 3 100 50000000 0.030100936
176 1 3 100 50000000 0.030186302
36 1 3 100 50000000 0.030456550
232 1 3 100 50000000 0.031784222
81 1 3 100 50000000 0.034906970
136 1 3 100 50000000 0.035091016
22 1 3 100 50000000 0.036486589
71 1 3 100 50000000 0.036823561
3 1 3 100 50000000 0.037940368
116 1 3 100 50000000 0.038653417
150 1 3 100 50000000 0.041470233
40 1 3 100 50000000 0.042765886
316 1 3 100 50000000 0.044272587
110 1 3 100 50000000 0.047860654
