1942
233 46 3 100 500000 0.000000131
295 255 3 100 500000 0.000000185
248 251 3 100 1000000 0.000000207
113 105 3 100 1000 0.000000391
319 156 3 100 2000 0.000000398
149 34 3 100 1000 0.000000417
194 59 3 100 20000 0.000000494
158 207 3 100 500000 0.000000783
278 153 3 100 10000 0.000000905
81 103 3 100 1000 0.000000934
216 37 3 100 1000 0.000000957
312 51 3 100 200000 0.000001030
46 242 3 100 200000 0.000001106
217 37 3 100 10000 0.000001155
262 204 3 100 5000 0.000001253
29 194 3 100 10000 0.000001279
116 193 3 100 100000 0.000001311
153 114 3 100 500000 0.000001341
125 223 3 100 5000 0.000001368
274 264 3 100 1000000 0.000001390
164 112 3 100 50000 0.000001426
198 81 3 100 1000 0.000001498
8 34 3 100 1000000 0.000001504
88 203 3 100 5000000 0.000001686
265 138 3 100 100000 0.000001708
254 79 3 100 20000 0.000001769
40 84 3 100 200000 0.000001836
121 24 3 100 200000 0.000001914
231 306 3 100 500000 0.000002170
105 48 3 100 2000 0.000002249
235 141 3 100 200000 0.000002252
68 54 3 100 5000 0.000002287
307 273 3 100 500000 0.000002356
58 108 3 100 100000 0.000002383
143 263 3 100 200000 0.000002422
124 270 3 100 1000000 0.000002484
139 126 3 100 5000 0.000002678
285 159 3 100 1000 0.000002697
155 271 3 100 2000000 0.000002720
221 310 3 100 1000 0.000002856
264 230 3 100 20000 0.000002924
152 260 3 100 1000 0.000003037
117 245 3 100 1000000 0.000003093
202 254 3 100 200000 0.000003132
125 309 3 100 200000 0.000003328
59 183 3 100 200000 0.000003503
147 73 3 100 1000 0.000003541
202 206 3 100 20000 0.000003576
205 255 3 100 1000 0.000003584
133 159 3 100 10000 0.000003786
288 315 3 100 5000 0.000003846
270 15 3 100 200000 0.000003898
243 4 3 100 2000 0.000004015
276 74 3 100 2000 0.000004031
75 151 3 100 500000 0.000004173
65 316 3 100 1000 0.000004191
145 233 3 100 1000 0.000004262
182 159 3 100 200000 0.000004291
84 15 3 100 1000 0.000004321
228 210 3 100 100000 0.000004635
191 29 3 100 1000 0.000004823
229 314 3 100 50000 0.000004841
83 150 3 100 10000 0.000004932
160 143 3 100 20000 0.000005136
148 200 3 100 5000 0.000005181
211 229 3 100 2000 0.000005330
24 196 3 100 20000 0.000005359
244 294 3 100 100000 0.000005498
108 274 3 100 1000 0.000005598
314 128 3 100 10000 0.000005830
259 161 3 100 1000 0.000005994
105 165 3 100 1000000 0.000006005
105 196 3 100 5000 0.000006174
225 207 3 100 10000 0.000006250
65 226 3 100 100000 0.000006301
123 41 3 100 100000 0.000006345
149 30 3 100 1000000 0.000006440
81 21 3 100 10000 0.000006448
134 207 3 100 100000 0.000006538
148 122 3 100 20000 0.000006572
114 294 3 100 10000 0.000006612
220 145 3 100 100000 0.000006624
79 62 3 100 1000 0.000006725
308 199 3 100 1000 0.000006753
75 276 3 100 500000 0.000006815
295 256 3 100 5000 0.000006881
31 154 3 100 500000 0.000006895
83 151 3 100 10000 0.000007001
255 187 3 100 5000 0.000007327
151 190 3 100 1000 0.000007438
236 208 3 100 20000 0.000007500
175 278 3 100 10000 0.000007631
47 319 3 100 100000 0.000007632
11 232 3 100 5000 0.000007638
20 55 3 100 50000 0.000007647
35 128 3 100 5000 0.000007831
146 184 3 100 5000 0.000007937
299 67 3 100 100000 0.000008068
57 189 3 100 5000 0.000008133
214 264 3 100 500000 0.000008240
144 280 3 100 50000 0.000008266
249 272 3 100 500000 0.000008303
168 90 3 100 200000 0.000008647
218 73 3 100 5000 0.000008663
27 199 3 100 500000 0.000008791
15 53 3 100 1000000 0.000008818
283 268 3 100 10000 0.000008933
124 290 3 100 20000 0.000008954
157 308 3 100 1000 0.000008990
266 250 3 100 10000 0.000009015
160 314 3 100 100000 0.000009124
74 200 3 100 1000 0.000009205
71 231 3 100 1000 0.000009211
44 7 3 100 50000 0.000009224
282 274 3 100 1000 0.000009395
13 133 3 100 5000 0.000009427
148 255 3 100 100000 0.000009537
272 234 3 100 500000 0.000009738
60 305 3 100 50000 0.000009748
213 150 3 100 5000 0.000009965
181 121 3 100 1000 0.000009981
104 232 3 100 2000000 0.000010113
124 38 3 100 100000 0.000010136
59 165 3 100 1000 0.000010238
232 203 3 100 200000 0.000010463
89 282 3 100 100000 0.000010469
313 2 3 100 50000 0.000010595
280 66 3 100 100000 0.000010824
221 71 3 100 500000 0.000011019
193 96 3 100 2000 0.000011032
197 160 3 100 20000 0.000011070
293 213 3 100 2000 0.000011072
73 144 3 100 10000 0.000011213
222 114 3 100 500000 0.000011288
148 6 3 100 2000000 0.000011363
14 80 3 100 20000 0.000011433
80 8 3 100 10000 0.000011582
61 78 3 100 100000 0.000011621
44 58 3 100 20000 0.000011649
134 221 3 100 10000 0.000011650
237 247 3 100 200000 0.000011732
283 19 3 100 200000 0.000011884
300 225 3 100 200000 0.000011975
206 311 3 100 1000000 0.000012035
251 226 3 100 5000 0.000012041
24 2 3 100 500000 0.000012291
194 280 3 100 5000 0.000012352
130 58 3 100 1000000 0.000012371
97 315 3 100 200000 0.000012371
15 59 3 100 500000 0.000012392
156 303 3 100 50000 0.000012429
245 227 3 100 200000 0.000012474
167 51 3 100 10000 0.000012480
52 4 3 100 50000 0.000012488
184 52 3 100 1000 0.000012543
19 142 3 100 500000 0.000012598
307 235 3 100 200000 0.000012657
191 86 3 100 50000 0.000012743
264 275 3 100 5000 0.000012919
204 130 3 100 100000 0.000013044
174 283 3 100 200000 0.000013047
235 202 3 100 20000 0.000013048
266 177 3 100 100000 0.000013248
45 259 3 100 5000 0.000013286
80 123 3 100 200000 0.000013316
45 152 3 100 500000 0.000013350
262 222 3 100 200000 0.000013853
289 222 3 100 50000 0.000013982
126 299 3 100 100000 0.000014013
48 50 3 100 200000 0.000014105
197 23 3 100 1000 0.000014123
76 210 3 100 10000 0.000014268
263 74 3 100 20000 0.000014469
86 44 3 100 500000 0.000014598
44 78 3 100 20000 0.000014746
301 161 3 100 1000000 0.000014764
140 178 3 100 500000 0.000014805
39 119 3 100 1000000 0.000015000
288 93 3 100 100000 0.000015041
121 118 3 100 1000 0.000015092
316 99 3 100 100000 0.000015169
231 96 3 100 1000 0.000015190
3 135 3 100 1000 0.000015220
100 272 3 100 10000 0.000015257
9 38 3 100 20000 0.000015393
112 278 3 100 20000 0.000015410
89 66 3 100 20000 0.000015447
108 266 3 100 20000 0.000015454
319 292 3 100 200000 0.000015637
81 203 3 100 2000000 0.000015648
313 271 3 100 2000000 0.000015876
233 307 3 100 20000 0.000015945
247 276 3 100 1000000 0.000016025
299 131 3 100 1000 0.000016046
271 257 3 100 500000 0.000016046
160 151 3 100 20000 0.000016115
155 30 3 100 2000000 0.000016214
126 316 3 100 5000 0.000016233
319 232 3 100 20000 0.000016250
248 4 3 100 200000 0.000016275
54 151 3 100 200000 0.000016296
29 172 3 100 200000 0.000016309
221 39 3 100 200000 0.000016439
300 295 3 100 200000 0.000016512
274 231 3 100 1000 0.000016827
128 32 3 100 2000 0.000016841
191 45 3 100 1000 0.000017018
140 60 3 100 200000 0.000017061
182 268 3 100 500000 0.000017092
262 69 3 100 20000 0.000017316
12 271 3 100 2000 0.000017321
25 280 3 100 20000 0.000017418
95 123 3 100 5000 0.000017451
131 214 3 100 50000 0.000017510
187 87 3 100 500000 0.000017545
5 54 3 100 500000 0.000017563
233 113 3 100 10000 0.000017586
197 87 3 100 10000 0.000017815
297 240 3 100 50000 0.000017815
182 98 3 100 500000 0.000017820
59 64 3 100 200000 0.000017881
130 279 3 100 2000 0.000017895
20 160 3 100 20000 0.000018160
21 275 3 100 100000 0.000018187
204 201 3 100 5000 0.000018192
252 106 3 100 20000 0.000018250
124 278 3 100 50000 0.000018291
269 69 3 100 20000 0.000018389
36 144 3 100 2000000 0.000018432
217 148 3 100 200000 0.000018475
256 127 3 100 50000 0.000018513
235 7 3 100 200000 0.000018588
279 44 3 100 20000 0.000018658
192 9 3 100 100000 0.000018768
7 64 3 100 1000 0.000018856
257 307 3 100 20000 0.000018920
208 216 3 100 500000 0.000018920
299 89 3 100 1000000 0.000018977
149 146 3 100 100000 0.000019018
124 161 3 100 1000 0.000019120
175 195 3 100 10000 0.000019123
121 111 3 100 20000 0.000019150
161 9 3 100 2000000 0.000019444
146 84 3 100 1000 0.000019461
224 89 3 100 10000 0.000019482
214 260 3 100 20000 0.000019887
179 141 3 100 20000 0.000019904
317 117 3 100 1000 0.000019943
319 207 3 100 2000 0.000019948
155 143 3 100 1000 0.000020020
137 250 3 100 5000 0.000020063
79 318 3 100 20000 0.000020219
17 208 3 100 2000000 0.000020341
235 46 3 100 50000 0.000020350
209 121 3 100 20000 0.000020420
30 111 3 100 20000 0.000020573
70 319 3 100 10000 0.000020602
71 146 3 100 1000 0.000020613
304 94 3 100 500000 0.000020692
158 281 3 100 5000 0.000020904
214 98 3 100 10000 0.000020998
307 103 3 100 2000 0.000021144
85 271 3 100 10000 0.000021145
243 264 3 100 50000 0.000021175
97 172 3 100 20000 0.000021185
41 10 3 100 5000000 0.000021219
311 70 3 100 10000 0.000021264
62 108 3 100 2000 0.000021378
249 35 3 100 2000 0.000021503
189 317 3 100 1000 0.000021713
25 243 3 100 20000 0.000021714
167 80 3 100 200000 0.000022133
307 196 3 100 100000 0.000022138
290 194 3 100 10000 0.000022489
212 315 3 100 500000 0.000022518
127 166 3 100 500000 0.000022520
135 312 3 100 10000 0.000022523
57 120 3 100 500000 0.000022713
113 228 3 100 50000 0.000022729
65 226 3 100 20000 0.000022779
262 202 3 100 100000 0.000022788
127 211 3 100 10000 0.000022828
91 288 3 100 1000 0.000023031
214 49 3 100 2000 0.000023128
79 255 3 100 50000 0.000023131
126 37 3 100 1000 0.000023246
195 134 3 100 500000 0.000023274
182 29 3 100 5000 0.000023373
79 263 3 100 50000 0.000023542
272 21 3 100 100000 0.000023564
22 154 3 100 20000 0.000023691
202 0 3 100 500000 0.000023763
140 301 3 100 100000 0.000023763
147 312 3 100 100000 0.000024075
266 154 3 100 5000 0.000024131
116 37 3 100 2000 0.000024203
40 291 3 100 1000000 0.000024241
68 268 3 100 1000 0.000024317
289 120 3 100 2000 0.000024363
244 145 3 100 10000 0.000024661
60 309 3 100 20000 0.000024734
207 102 3 100 5000 0.000024816
128 153 3 100 20000 0.000024844
124 73 3 100 200000 0.000024874
58 10 3 100 1000 0.000024917
127 286 3 100 1000000 0.000025022
170 45 3 100 500000 0.000025060
137 230 3 100 100000 0.000025197
0 12 3 100 200000 0.000025282
57 188 3 100 50000 0.000025306
234 224 3 100 1000 0.000025342
135 180 3 100 500000 0.000025530
110 215 3 100 10000 0.000025730
53 158 3 100 200000 0.000025762
312 192 3 100 200000 0.000025820
181 137 3 100 500000 0.000025962
308 157 3 100 20000 0.000026029
100 135 3 100 100000 0.000026098
312 249 3 100 1000 0.000026210
188 113 3 100 10000 0.000026336
5 259 3 100 100000 0.000026349
312 45 3 100 200000 0.000026390
181 155 3 100 10000 0.000026468
268 44 3 100 200000 0.000026516
54 58 3 100 20000 0.000026546
156 66 3 100 5000 0.000026578
53 186 3 100 200000 0.000026603
226 212 3 100 500000 0.000026819
128 126 3 100 200000 0.000026828
300 135 3 100 200000 0.000027002
112 117 3 100 5000 0.000027230
305 165 3 100 5000 0.000027297
217 44 3 100 5000 0.000027363
126 78 3 100 200000 0.000027398
18 127 3 100 5000 0.000027471
294 68 3 100 1000 0.000027483
84 224 3 100 1000 0.000027505
56 276 3 100 20000 0.000027515
61 46 3 100 500000 0.000027557
236 257 3 100 5000 0.000027771
122 91 3 100 1000 0.000027783
297 180 3 100 1000000 0.000027797
280 254 3 100 20000 0.000027826
30 188 3 100 2000 0.000027910
238 117 3 100 500000 0.000028003
132 204 3 100 1000000 0.000028046
183 137 3 100 100000 0.000028063
29 215 3 100 5000 0.000028122
262 315 3 100 5000000 0.000028198
95 25 3 100 5000 0.000028239
239 97 3 100 20000 0.000028483
54 115 3 100 500000 0.000028486
92 152 3 100 20000 0.000028630
65 262 3 100 1000 0.000028797
196 246 3 100 10000 0.000028885
53 151 3 100 10000 0.000028944
196 45 3 100 1000000 0.000028953
144 248 3 100 200000 0.000028962
16 76 3 100 50000 0.000029109
114 164 3 100 5000 0.000029194
84 187 3 100 10000 0.000029230
104 252 3 100 500000 0.000029538
31 61 3 100 200000 0.000029631
257 161 3 100 50000 0.000029686
83 218 3 100 2000 0.000029874
246 40 3 100 5000 0.000029898
34 141 3 100 50000 0.000029938
249 233 3 100 100000 0.000029978
61 49 3 100 200000 0.000029983
300 85 3 100 20000 0.000030058
29 9 3 100 200000 0.000030240
122 76 3 100 5000 0.000030293
5 82 3 100 50000 0.000030460
85 142 3 100 5000 0.000030500
243 249 3 100 10000 0.000030578
67 213 3 100 5000 0.000030638
121 316 3 100 100000 0.000030728
282 169 3 100 200000 0.000030743
14 154 3 100 100000 0.000030853
307 199 3 100 500000 0.000030938
191 219 3 100 20000 0.000031112
224 300 3 100 100000 0.000031271
292 176 3 100 5000000 0.000031356
100 126 3 100 5000 0.000031390
212 293 3 100 50000 0.000031399
29 179 3 100 5000 0.000031566
242 120 3 100 50000 0.000031623
94 97 3 100 200000 0.000031651
98 194 3 100 1000 0.000031655
271 191 3 100 2000 0.000031724
143 188 3 100 20000 0.000031829
109 202 3 100 5000 0.000031843
109 111 3 100 50000 0.000031917
28 239 3 100 1000000 0.000031923
303 128 3 100 2000 0.000032020
0 71 3 100 200000 0.000032244
1 274 3 100 1000 0.000032427
264 132 3 100 50000 0.000032514
117 104 3 100 10000 0.000032575
303 47 3 100 1000 0.000032614
280 312 3 100 5000 0.000032742
32 138 3 100 100000 0.000032803
260 166 3 100 200000 0.000032847
223 247 3 100 1000000 0.000033001
23 43 3 100 5000 0.000033005
109 176 3 100 200000 0.000033066
104 258 3 100 20000 0.000033109
88 269 3 100 20000 0.000033136
212 162 3 100 20000 0.000033274
72 21 3 100 20000 0.000033285
29 20 3 100 200000 0.000033328
154 124 3 100 20000 0.000033347
222 148 3 100 1000 0.000033362
150 61 3 100 1000 0.000033450
85 95 3 100 20000 0.000033484
118 8 3 100 5000 0.000033507
47 168 3 100 500000 0.000033640
175 134 3 100 20000 0.000033751
211 95 3 100 1000000 0.000033778
239 123 3 100 500000 0.000034003
223 249 3 100 5000 0.000034024
274 92 3 100 200000 0.000034039
156 161 3 100 1000000 0.000034074
7 281 3 100 2000 0.000034840
45 250 3 100 500000 0.000034846
276 214 3 100 10000 0.000034887
58 64 3 100 200000 0.000034973
81 129 3 100 1000 0.000035058
253 30 3 100 1000 0.000035326
247 69 3 100 1000000 0.000035736
287 290 3 100 1000 0.000035833
203 307 3 100 20000 0.000036149
149 212 3 100 20000 0.000036249
158 71 3 100 1000 0.000036270
167 249 3 100 100000 0.000036366
59 32 3 100 20000 0.000036389
205 283 3 100 1000000 0.000036613
138 253 3 100 50000 0.000036702
126 54 3 100 1000 0.000036836
230 220 3 100 20000 0.000036956
241 234 3 100 2000000 0.000037070
150 5 3 100 2000 0.000037108
11 284 3 100 100000 0.000037198
306 9 3 100 500000 0.000037218
208 12 3 100 10000 0.000037253
162 29 3 100 500000 0.000037364
296 238 3 100 20000 0.000037401
260 295 3 100 500000 0.000037552
62 55 3 100 10000 0.000037691
112 141 3 100 2000 0.000037761
80 297 3 100 200000 0.000037842
158 113 3 100 1000 0.000037847
249 318 3 100 20000 0.000037850
285 107 3 100 10000 0.000037913
132 220 3 100 1000 0.000038031
104 57 3 100 10000 0.000038418
147 109 3 100 100000 0.000038451
182 184 3 100 200000 0.000038483
40 239 3 100 100000 0.000038575
208 28 3 100 2000 0.000038604
255 6 3 100 1000000 0.000038688
38 115 3 100 200000 0.000038768
97 250 3 100 200000 0.000038850
117 164 3 100 200000 0.000039355
275 63 3 100 1000 0.000039458
35 161 3 100 1000 0.000039496
138 58 3 100 5000 0.000039680
239 103 3 100 500000 0.000039745
74 43 3 100 10000 0.000039786
313 276 3 100 20000 0.000039788
177 317 3 100 1000 0.000039946
260 153 3 100 1000 0.000040036
77 70 3 100 500000 0.000040046
216 285 3 100 1000 0.000040140
100 152 3 100 200000 0.000040177
186 307 3 100 20000 0.000040185
132 113 3 100 20000 0.000040604
13 122 3 100 5000 0.000040642
58 283 3 100 5000 0.000040666
66 36 3 100 10000 0.000040670
165 183 3 100 1000000 0.000040672
233 196 3 100 1000000 0.000040863
105 168 3 100 10000 0.000040909
167 287 3 100 100000 0.000041110
52 25 3 100 1000000 0.000041182
238 180 3 100 20000 0.000041182
306 0 3 100 1000000 0.000041213
280 99 3 100 1000 0.000041247
175 137 3 100 50000 0.000041328
77 246 3 100 500000 0.000041375
165 180 3 100 1000000 0.000041381
238 134 3 100 5000 0.000041425
159 11 3 100 5000000 0.000041522
61 66 3 100 50000 0.000041539
223 119 3 100 1000 0.000041633
133 266 3 100 20000 0.000041800
267 15 3 100 1000000 0.000041803
69 120 3 100 1000 0.000041827
280 60 3 100 200000 0.000041849
78 178 3 100 1000000 0.000042051
288 166 3 100 20000 0.000042160
310 54 3 100 1000 0.000042200
53 102 3 100 1000 0.000042254
101 74 3 100 5000 0.000042279
63 314 3 100 100000 0.000042286
194 105 3 100 100000 0.000042348
246 48 3 100 1000 0.000042437
46 197 3 100 2000000 0.000042452
277 106 3 100 1000 0.000042518
147 210 3 100 100000 0.000042519
65 145 3 100 100000 0.000042726
284 264 3 100 100000 0.000042798
288 243 3 100 1000 0.000042921
192 127 3 100 5000 0.000043189
285 141 3 100 50000 0.000043214
301 21 3 100 1000 0.000043229
96 319 3 100 100000 0.000043244
107 126 3 100 100000 0.000043285
273 21 3 100 500000 0.000043486
67 166 3 100 2000 0.000043507
108 298 3 100 20000 0.000043718
128 315 3 100 2000 0.000043801
146 119 3 100 20000 0.000043811
238 175 3 100 1000 0.000043844
228 93 3 100 100000 0.000043867
271 242 3 100 1000 0.000043872
33 44 3 100 5000 0.000044025
13 153 3 100 20000 0.000044119
254 277 3 100 10000 0.000044190
254 259 3 100 10000 0.000044208
48 51 3 100 20000 0.000044269
83 228 3 100 1000 0.000044419
281 245 3 100 1000000 0.000044482
255 251 3 100 1000000 0.000044490
213 271 3 100 20000 0.000044589
268 313 3 100 500000 0.000044744
134 101 3 100 20000 0.000044790
151 137 3 100 200000 0.000045092
199 66 3 100 20000 0.000045195
175 49 3 100 1000 0.000045389
174 135 3 100 100000 0.000045497
85 287 3 100 1000 0.000045613
76 227 3 100 100000 0.000045782
183 4 3 100 20000 0.000045910
44 260 3 100 200000 0.000045998
15 79 3 100 5000 0.000046011
300 243 3 100 200000 0.000046087
146 48 3 100 1000 0.000046181
258 211 3 100 200000 0.000046184
88 294 3 100 1000 0.000046190
284 18 3 100 20000 0.000046327
314 232 3 100 1000 0.000046366
96 49 3 100 10000 0.000046379
182 237 3 100 20000 0.000046419
156 167 3 100 10000 0.000046446
277 178 3 100 1000 0.000046495
252 159 3 100 1000000 0.000046603
128 155 3 100 1000 0.000046605
262 124 3 100 1000 0.000046610
58 119 3 100 10000 0.000046695
237 234 3 100 100000 0.000046843
115 153 3 100 500000 0.000046911
159 227 3 100 500000 0.000046983
87 89 3 100 200000 0.000047246
219 72 3 100 2000 0.000047262
223 184 3 100 10000 0.000047375
249 77 3 100 1000 0.000047432
279 147 3 100 20000 0.000047578
280 315 3 100 5000000 0.000047608
206 140 3 100 10000 0.000047653
97 8 3 100 10000 0.000047683
80 22 3 100 10000 0.000047861
2 51 3 100 10000 0.000047915
34 97 3 100 1000 0.000047956
73 306 3 100 1000 0.000048124
290 31 3 100 1000 0.000048156
151 15 3 100 10000 0.000048206
42 168 3 100 20000 0.000048332
141 48 3 100 1000 0.000048381
143 297 3 100 1000 0.000048423
230 22 3 100 100000 0.000048423
312 145 3 100 20000 0.000048715
94 263 3 100 20000 0.000048744
259 141 3 100 1000000 0.000048764
210 226 3 100 500000 0.000048809
4 5 3 100 100000 0.000048869
41 137 3 100 50000 0.000048869
231 3 3 100 50000 0.000048927
149 274 3 100 50000 0.000049004
3 275 3 100 5000 0.000049087
69 88 3 100 100000 0.000049155
271 16 3 100 20000 0.000049195
254 9 3 100 100000 0.000049294
135 152 3 100 1000000 0.000049340
159 169 3 100 1000 0.000049375
183 88 3 100 100000 0.000049428
93 214 3 100 5000 0.000049478
45 247 3 100 10000 0.000049508
215 217 3 100 500000 0.000049622
183 129 3 100 100000 0.000049638
186 71 3 100 200000 0.000049728
176 243 3 100 50000 0.000049982
142 64 3 100 200000 0.000050010
8 36 3 100 20000 0.000050170
304 129 3 100 5000 0.000050176
31 21 3 100 10000 0.000050315
273 275 3 100 10000 0.000050475
222 46 3 100 10000 0.000050597
38 226 3 100 5000 0.000050631
58 305 3 100 1000 0.000050652
101 40 3 100 10000 0.000050685
115 237 3 100 1000000 0.000050775
95 240 3 100 5000 0.000050796
252 21 3 100 200000 0.000050884
95 55 3 100 20000 0.000050999
243 290 3 100 1000 0.000051047
30 58 3 100 200000 0.000051073
99 31 3 100 200000 0.000051110
200 265 3 100 20000 0.000051174
117 273 3 100 100000 0.000051229
309 76 3 100 200000 0.000051392
111 68 3 100 100000 0.000051451
74 168 3 100 500000 0.000051502
152 6 3 100 5000 0.000051536
289 293 3 100 500000 0.000051812
4 274 3 100 200000 0.000051884
291 153 3 100 50000 0.000052025
231 3 3 100 10000 0.000052035
299 228 3 100 10000 0.000052266
6 157 3 100 5000 0.000052288
109 30 3 100 1000000 0.000052375
244 249 3 100 200000 0.000052380
235 286 3 100 1000000 0.000052450
170 171 3 100 20000 0.000052541
180 210 3 100 5000 0.000052579
43 248 3 100 1000 0.000052726
113 24 3 100 5000 0.000052842
292 313 3 100 2000000 0.000053018
149 42 3 100 10000 0.000053111
162 183 3 100 200000 0.000053178
294 73 3 100 200000 0.000053389
39 301 3 100 100000 0.000053425
7 310 3 100 20000 0.000053431
219 129 3 100 2000 0.000053446
171 252 3 100 500000 0.000053509
142 74 3 100 200000 0.000053539
233 266 3 100 5000 0.000053550
243 83 3 100 1000 0.000053630
11 97 3 100 5000 0.000053726
157 167 3 100 1000 0.000053787
113 224 3 100 5000 0.000053964
130 13 3 100 1000000 0.000054066
109 241 3 100 1000 0.000054148
174 49 3 100 1000 0.000054245
122 129 3 100 500000 0.000054260
156 38 3 100 1000000 0.000054312
17 121 3 100 500000 0.000054649
123 16 3 100 1000 0.000054762
289 305 3 100 20000 0.000054821
79 149 3 100 20000 0.000054964
303 111 3 100 1000000 0.000054964
286 228 3 100 100000 0.000054996
201 313 3 100 1000 0.000055176
313 106 3 100 5000 0.000055254
215 222 3 100 100000 0.000055327
78 202 3 100 20000 0.000055335
173 15 3 100 20000 0.000055445
30 159 3 100 1000 0.000055506
154 252 3 100 5000000 0.000055548
307 183 3 100 20000 0.000055622
296 312 3 100 1000 0.000055766
82 197 3 100 10000 0.000055775
124 203 3 100 1000000 0.000055787
175 277 3 100 20000 0.000055830
90 40 3 100 5000 0.000055843
207 176 3 100 1000000 0.000055874
248 305 3 100 5000 0.000055914
248 191 3 100 2000 0.000056094
30 159 3 100 50000 0.000056151
25 141 3 100 200000 0.000056250
131 184 3 100 200000 0.000056276
225 249 3 100 200000 0.000056386
270 211 3 100 1000000 0.000056476
318 213 3 100 2000000 0.000056640
176 153 3 100 1000 0.000056642
315 117 3 100 200000 0.000056670
264 72 3 100 100000 0.000056695
229 272 3 100 20000 0.000056932
147 111 3 100 1000 0.000056995
299 120 3 100 20000 0.000057046
161 183 3 100 20000 0.000057189
278 34 3 100 200000 0.000057369
92 80 3 100 20000 0.000057548
318 240 3 100 200000 0.000057653
231 161 3 100 20000 0.000057734
133 224 3 100 200000 0.000057825
62 58 3 100 200000 0.000057829
156 299 3 100 1000 0.000057939
309 36 3 100 1000 0.000057966
206 150 3 100 20000 0.000058059
80 89 3 100 500000 0.000058105
8 248 3 100 5000 0.000058259
232 60 3 100 200000 0.000058323
226 246 3 100 100000 0.000058392
219 290 3 100 500000 0.000058405
35 94 3 100 2000 0.000058520
134 2 3 100 200000 0.000058702
132 297 3 100 100000 0.000058733
33 237 3 100 50000 0.000058878
288 87 3 100 5000 0.000059065
128 317 3 100 10000 0.000059088
138 187 3 100 50000 0.000059094
6 290 3 100 1000000 0.000059118
44 247 3 100 2000000 0.000059307
7 276 3 100 200000 0.000059330
207 91 3 100 20000 0.000059402
147 63 3 100 50000 0.000059620
116 286 3 100 5000 0.000059750
209 147 3 100 100000 0.000059920
98 16 3 100 50000 0.000059953
23 317 3 100 10000 0.000060026
229 246 3 100 100000 0.000060030
113 28 3 100 1000 0.000060035
188 157 3 100 20000 0.000060128
75 19 3 100 100000 0.000060139
258 165 3 100 100000 0.000060142
170 127 3 100 100000 0.000060179
0 279 3 100 1000 0.000060231
117 184 3 100 20000 0.000060370
54 203 3 100 1000000 0.000060413
49 73 3 100 5000 0.000060473
254 317 3 100 5000 0.000060514
231 218 3 100 100000 0.000060527
313 76 3 100 100000 0.000060591
156 230 3 100 20000 0.000060706
280 170 3 100 10000 0.000060856
81 146 3 100 10000 0.000060859
82 254 3 100 10000 0.000060900
253 274 3 100 200000 0.000060964
24 54 3 100 200000 0.000061099
209 195 3 100 10000 0.000061113
56 79 3 100 500000 0.000061119
204 97 3 100 200000 0.000061328
6 248 3 100 500000 0.000061338
77 52 3 100 200000 0.000061417
53 187 3 100 50000 0.000061468
198 247 3 100 500000 0.000061519
228 85 3 100 200000 0.000061588
206 211 3 100 100000 0.000061607
309 9 3 100 20000 0.000061750
166 56 3 100 500000 0.000061755
8 292 3 100 50000 0.000061777
199 210 3 100 20000 0.000061793
165 288 3 100 1000000 0.000061933
122 203 3 100 1000 0.000061970
78 41 3 100 10000 0.000062000
301 181 3 100 1000000 0.000062010
111 91 3 100 5000000 0.000062043
151 268 3 100 1000 0.000062109
265 184 3 100 500000 0.000062192
146 67 3 100 50000 0.000062237
230 246 3 100 200000 0.000062310
63 311 3 100 1000000 0.000062451
202 316 3 100 100000 0.000062655
265 197 3 100 5000 0.000062669
203 231 3 100 1000 0.000062682
218 191 3 100 1000000 0.000062699
78 50 3 100 500000 0.000062709
36 151 3 100 5000 0.000062736
2 186 3 100 2000 0.000062886
218 284 3 100 1000 0.000062977
235 141 3 100 5000 0.000063055
199 160 3 100 1000 0.000063414
61 287 3 100 50000 0.000063424
220 162 3 100 20000 0.000063723
60 58 3 100 500000 0.000063783
218 293 3 100 50000 0.000064034
204 212 3 100 1000 0.000064154
31 189 3 100 1000 0.000064177
171 192 3 100 1000 0.000064233
286 101 3 100 200000 0.000064281
253 119 3 100 10000 0.000064297
9 281 3 100 1000 0.000064363
134 32 3 100 50000 0.000064413
310 315 3 100 5000 0.000064601
124 288 3 100 5000 0.000064602
10 121 3 100 2000 0.000064656
87 62 3 100 2000000 0.000064864
305 141 3 100 200000 0.000064907
132 191 3 100 10000 0.000064924
213 4 3 100 1000 0.000065013
65 269 3 100 100000 0.000065014
101 131 3 100 200000 0.000065161
42 205 3 100 500000 0.000065288
247 90 3 100 50000 0.000065381
270 140 3 100 2000 0.000065435
261 195 3 100 1000 0.000065437
116 170 3 100 10000 0.000065558
107 41 3 100 20000 0.000065737
18 55 3 100 10000 0.000065844
292 65 3 100 500000 0.000065853
65 202 3 100 2000000 0.000066166
44 282 3 100 1000 0.000066230
249 95 3 100 2000000 0.000066409
315 50 3 100 5000 0.000066453
259 292 3 100 1000000 0.000066509
123 282 3 100 20000 0.000066580
272 160 3 100 10000 0.000066668
211 61 3 100 10000 0.000066700
241 235 3 100 10000 0.000066766
18 240 3 100 5000 0.000066823
241 107 3 100 10000 0.000066976
194 154 3 100 20000 0.000067011
244 40 3 100 10000 0.000067059
109 69 3 100 200000 0.000067177
24 265 3 100 20000 0.000067221
276 228 3 100 5000 0.000067354
152 196 3 100 1000000 0.000067354
292 281 3 100 1000000 0.000067450
297 148 3 100 2000 0.000067468
292 286 3 100 500000 0.000067471
65 104 3 100 10000 0.000067562
36 7 3 100 200000 0.000067638
231 274 3 100 20000 0.000067778
5 271 3 100 1000000 0.000067833
222 122 3 100 500000 0.000067884
317 250 3 100 500000 0.000068143
22 155 3 100 5000 0.000068158
306 136 3 100 2000 0.000068289
40 139 3 100 20000 0.000068393
8 242 3 100 500000 0.000068677
15 175 3 100 5000 0.000069022
99 287 3 100 10000 0.000069234
160 245 3 100 1000 0.000069247
187 92 3 100 5000 0.000069382
45 278 3 100 10000 0.000069405
130 107 3 100 20000 0.000069412
241 185 3 100 100000 0.000069608
194 266 3 100 5000 0.000069650
288 294 3 100 1000 0.000069689
275 185 3 100 1000 0.000069819
55 119 3 100 20000 0.000069851
193 206 3 100 1000 0.000069872
294 223 3 100 2000000 0.000069918
71 46 3 100 100000 0.000070108
100 250 3 100 10000 0.000070426
270 67 3 100 2000 0.000070594
252 62 3 100 5000 0.000070651
259 19 3 100 20000 0.000070675
319 237 3 100 200000 0.000070813
319 36 3 100 10000 0.000070847
149 104 3 100 2000000 0.000070857
3 298 3 100 10000 0.000070860
170 55 3 100 200000 0.000070874
104 131 3 100 200000 0.000070973
36 23 3 100 2000000 0.000070992
101 275 3 100 5000 0.000071129
115 213 3 100 50000 0.000071258
104 172 3 100 200000 0.000071325
182 63 3 100 100000 0.000071426
135 68 3 100 10000 0.000071448
44 306 3 100 20000 0.000071472
295 187 3 100 1000 0.000071603
296 39 3 100 100000 0.000071616
221 259 3 100 100000 0.000071626
147 219 3 100 10000 0.000071629
228 232 3 100 50000 0.000071987
170 224 3 100 200000 0.000072097
152 18 3 100 50000 0.000072242
276 67 3 100 1000000 0.000072293
181 50 3 100 2000000 0.000072334
26 10 3 100 500000 0.000072370
276 129 3 100 1000 0.000072381
288 54 3 100 10000 0.000072381
91 41 3 100 1000 0.000072439
234 265 3 100 5000 0.000072456
283 227 3 100 20000 0.000072506
295 247 3 100 200000 0.000072560
38 219 3 100 10000 0.000072641
140 312 3 100 100000 0.000072680
105 5 3 100 5000 0.000072716
133 34 3 100 10000 0.000072753
73 171 3 100 1000 0.000072826
129 102 3 100 20000 0.000072936
208 82 3 100 2000000 0.000072982
232 82 3 100 1000 0.000072987
234 306 3 100 20000 0.000073303
65 70 3 100 200000 0.000073443
268 213 3 100 5000 0.000073496
294 70 3 100 100000 0.000073535
197 318 3 100 5000 0.000073564
220 156 3 100 100000 0.000073588
48 14 3 100 1000 0.000073619
156 274 3 100 10000 0.000073638
196 252 3 100 1000 0.000073645
59 262 3 100 50000 0.000073694
16 298 3 100 50000 0.000073707
228 193 3 100 10000 0.000073755
2 136 3 100 200000 0.000073765
0 15 3 100 1000 0.000073814
8 49 3 100 100000 0.000073912
92 104 3 100 10000 0.000073959
317 242 3 100 500000 0.000074189
230 301 3 100 500000 0.000074207
66 223 3 100 1000 0.000074253
111 65 3 100 200000 0.000074418
72 96 3 100 10000 0.000074422
25 122 3 100 5000 0.000074509
265 50 3 100 1000000 0.000074546
226 302 3 100 2000 0.000074553
249 64 3 100 200000 0.000074624
115 124 3 100 5000 0.000074827
259 135 3 100 10000 0.000074881
289 227 3 100 2000 0.000074894
137 4 3 100 20000 0.000074925
68 173 3 100 5000 0.000074984
149 167 3 100 10000 0.000075043
318 217 3 100 50000 0.000075043
52 146 3 100 200000 0.000075068
250 28 3 100 5000 0.000075078
172 37 3 100 10000 0.000075087
174 251 3 100 2000 0.000075265
73 197 3 100 5000 0.000075287
89 28 3 100 500000 0.000075325
147 141 3 100 100000 0.000075363
244 74 3 100 500000 0.000075427
97 213 3 100 50000 0.000075449
295 246 3 100 1000000 0.000075537
213 123 3 100 1000000 0.000075538
196 261 3 100 1000 0.000075985
224 264 3 100 5000 0.000075999
301 139 3 100 10000 0.000076020
186 151 3 100 5000 0.000076133
193 67 3 100 5000 0.000076168
189 256 3 100 1000 0.000076291
25 146 3 100 5000 0.000076508
228 103 3 100 20000 0.000076603
193 258 3 100 2000 0.000076717
305 170 3 100 5000000 0.000076867
304 38 3 100 100000 0.000076949
3 70 3 100 20000 0.000076997
241 280 3 100 5000 0.000077061
140 71 3 100 200000 0.000077178
284 267 3 100 1000 0.000077324
287 239 3 100 1000 0.000077369
160 70 3 100 20000 0.000077381
117 50 3 100 500000 0.000077415
268 159 3 100 1000000 0.000077604
295 269 3 100 2000000 0.000077605
220 290 3 100 10000 0.000077686
129 203 3 100 1000000 0.000077783
269 74 3 100 100000 0.000077796
92 163 3 100 200000 0.000077803
130 35 3 100 500000 0.000077948
135 59 3 100 2000 0.000078204
306 200 3 100 50000 0.000078209
182 250 3 100 50000 0.000078291
263 119 3 100 2000 0.000078410
292 144 3 100 500000 0.000078503
240 246 3 100 10000 0.000078566
79 123 3 100 50000 0.000078609
148 67 3 100 10000 0.000078702
227 306 3 100 1000000 0.000078712
181 153 3 100 2000000 0.000078746
180 292 3 100 100000 0.000078940
62 219 3 100 500000 0.000078984
74 269 3 100 1000 0.000078989
231 141 3 100 5000000 0.000079058
3 24 3 100 500000 0.000079359
77 63 3 100 5000 0.000079398
34 250 3 100 50000 0.000079513
315 102 3 100 10000 0.000079639
242 100 3 100 1000 0.000079708
314 275 3 100 2000 0.000079793
180 141 3 100 20000 0.000079886
285 60 3 100 5000 0.000079942
125 203 3 100 1000000 0.000080110
303 61 3 100 1000 0.000080154
137 196 3 100 1000000 0.000080305
0 308 3 100 1000 0.000080378
76 229 3 100 5000 0.000080379
146 227 3 100 1000 0.000080400
171 295 3 100 100000 0.000080416
247 288 3 100 20000 0.000080495
211 284 3 100 5000 0.000080568
111 1 3 100 200000 0.000080662
258 109 3 100 10000 0.000080668
300 272 3 100 5000 0.000080688
201 80 3 100 20000 0.000080733
110 229 3 100 500000 0.000080739
90 282 3 100 5000 0.000080826
158 190 3 100 100000 0.000080860
260 195 3 100 1000 0.000080981
114 266 3 100 5000 0.000080984
100 140 3 100 5000 0.000081057
200 48 3 100 20000 0.000081062
10 109 3 100 500000 0.000081134
46 77 3 100 20000 0.000081417
52 180 3 100 5000 0.000081549
179 6 3 100 200000 0.000081641
245 300 3 100 20000 0.000081701
173 310 3 100 500000 0.000081724
205 247 3 100 1000000 0.000081851
65 61 3 100 1000 0.000081913
22 296 3 100 100000 0.000082085
47 194 3 100 1000000 0.000082254
317 219 3 100 200000 0.000082302
168 293 3 100 10000 0.000082302
103 164 3 100 5000 0.000082332
46 257 3 100 1000000 0.000082352
260 171 3 100 10000 0.000082408
147 307 3 100 100000 0.000082432
85 228 3 100 5000 0.000082580
141 210 3 100 1000000 0.000082750
102 80 3 100 20000 0.000082751
145 103 3 100 5000000 0.000082851
216 132 3 100 20000 0.000082866
155 266 3 100 20000 0.000083018
218 43 3 100 10000 0.000083127
182 242 3 100 50000 0.000083137
169 16 3 100 2000 0.000083220
273 285 3 100 10000 0.000083406
37 129 3 100 1000000 0.000083444
3 81 3 100 200000 0.000083470
301 50 3 100 5000 0.000083722
79 43 3 100 20000 0.000083750
105 120 3 100 1000 0.000083760
262 165 3 100 100000 0.000083776
103 45 3 100 100000 0.000083844
261 163 3 100 50000 0.000083856
281 69 3 100 20000 0.000084034
264 192 3 100 50000 0.000084043
185 191 3 100 50000 0.000084164
119 251 3 100 20000 0.000084181
285 58 3 100 1000 0.000084189
305 135 3 100 2000 0.000084271
107 185 3 100 1000 0.000084354
69 38 3 100 2000 0.000084549
253 177 3 100 500000 0.000084553
41 89 3 100 20000 0.000084564
157 182 3 100 10000 0.000084567
239 182 3 100 2000 0.000084604
144 24 3 100 1000 0.000084624
8 210 3 100 20000 0.000084753
115 40 3 100 1000000 0.000084762
27 214 3 100 50000 0.000084802
241 313 3 100 10000 0.000084841
211 130 3 100 1000 0.000084916
282 181 3 100 1000 0.000085010
42 232 3 100 1000 0.000085084
292 302 3 100 10000 0.000085150
187 132 3 100 200000 0.000085154
40 41 3 100 50000 0.000085267
143 47 3 100 200000 0.000085298
96 173 3 100 50000 0.000085644
49 235 3 100 5000 0.000085650
157 153 3 100 5000 0.000085811
315 241 3 100 50000 0.000085819
0 279 3 100 20000 0.000085872
49 238 3 100 1000000 0.000085884
173 51 3 100 10000 0.000085960
305 102 3 100 100000 0.000086054
33 172 3 100 1000 0.000086221
129 251 3 100 1000000 0.000086322
34 243 3 100 100000 0.000086326
174 218 3 100 1000 0.000086358
284 22 3 100 100000 0.000086556
287 238 3 100 20000 0.000086579
25 276 3 100 1000 0.000086651
80 245 3 100 100000 0.000086711
52 128 3 100 100000 0.000086776
294 233 3 100 500000 0.000086860
105 157 3 100 2000 0.000086878
220 219 3 100 2000 0.000087111
76 240 3 100 1000000 0.000087154
315 223 3 100 1000 0.000087203
239 40 3 100 100000 0.000087400
24 62 3 100 20000 0.000087423
250 278 3 100 20000 0.000087428
56 250 3 100 100000 0.000087490
268 277 3 100 1000 0.000087503
16 21 3 100 10000 0.000087629
71 236 3 100 50000 0.000087640
261 257 3 100 100000 0.000087872
240 294 3 100 500000 0.000087959
21 100 3 100 10000 0.000088027
193 19 3 100 10000 0.000088035
4 174 3 100 1000 0.000088159
7 159 3 100 10000 0.000088347
64 46 3 100 200000 0.000088453
59 113 3 100 1000000 0.000088602
255 239 3 100 500000 0.000088713
78 74 3 100 1000 0.000088726
178 98 3 100 1000 0.000088766
207 165 3 100 200000 0.000088777
204 301 3 100 1000 0.000089015
282 15 3 100 10000 0.000089018
317 167 3 100 20000 0.000089322
112 57 3 100 1000 0.000089341
276 255 3 100 50000 0.000089443
312 243 3 100 100000 0.000089541
186 198 3 100 200000 0.000089573
276 252 3 100 5000 0.000089586
198 92 3 100 100000 0.000089636
59 266 3 100 10000 0.000089701
21 169 3 100 100000 0.000089825
98 97 3 100 1000 0.000089836
114 31 3 100 50000 0.000089841
60 282 3 100 200000 0.000089867
241 217 3 100 5000 0.000089878
125 139 3 100 200000 0.000089902
263 43 3 100 1000 0.000090012
31 6 3 100 500000 0.000090023
290 297 3 100 1000000 0.000090252
255 285 3 100 200000 0.000090265
103 19 3 100 1000000 0.000090393
72 77 3 100 1000000 0.000090422
163 51 3 100 5000 0.000090438
5 250 3 100 1000 0.000090478
9 276 3 100 500000 0.000090535
232 173 3 100 500000 0.000090584
25 196 3 100 100000 0.000090703
296 159 3 100 100000 0.000090819
175 116 3 100 50000 0.000090838
61 210 3 100 10000 0.000090903
305 251 3 100 1000 0.000090926
36 64 3 100 100000 0.000090969
265 305 3 100 50000 0.000090976
318 50 3 100 20000 0.000091216
263 317 3 100 1000000 0.000091402
256 285 3 100 200000 0.000091555
101 139 3 100 1000 0.000091591
231 104 3 100 20000 0.000091614
123 87 3 100 1000 0.000091679
22 226 3 100 20000 0.000091726
35 141 3 100 200000 0.000091775
286 273 3 100 1000 0.000091825
261 201 3 100 2000000 0.000091993
104 98 3 100 2000 0.000092115
217 195 3 100 10000 0.000092128
254 275 3 100 500000 0.000092153
42 59 3 100 2000000 0.000092294
46 51 3 100 500000 0.000092351
76 292 3 100 2000000 0.000092500
154 279 3 100 200000 0.000092616
194 70 3 100 20000 0.000092711
169 313 3 100 5000 0.000092714
250 128 3 100 500000 0.000092717
151 295 3 100 100000 0.000092989
181 164 3 100 5000 0.000093255
89 155 3 100 2000 0.000093418
55 287 3 100 10000 0.000093803
182 83 3 100 500000 0.000093805
15 135 3 100 20000 0.000093950
138 225 3 100 50000 0.000094135
277 295 3 100 500000 0.000094156
279 132 3 100 20000 0.000094237
64 214 3 100 20000 0.000094457
292 195 3 100 20000 0.000094641
246 280 3 100 1000 0.000094719
79 269 3 100 50000 0.000094834
161 176 3 100 1000000 0.000094878
83 180 3 100 100000 0.000094992
192 159 3 100 1000 0.000095125
103 90 3 100 1000000 0.000095163
312 138 3 100 20000 0.000095263
32 247 3 100 20000 0.000095285
243 49 3 100 20000 0.000095294
317 302 3 100 1000000 0.000095557
1 40 3 100 50000 0.000095749
60 231 3 100 500000 0.000095868
252 101 3 100 10000 0.000095871
103 203 3 100 200000 0.000096080
265 256 3 100 1000000 0.000096090
99 269 3 100 10000 0.000096135
306 251 3 100 20000 0.000096163
220 113 3 100 200000 0.000096424
201 253 3 100 500000 0.000096435
259 119 3 100 5000 0.000096510
245 85 3 100 2000 0.000096532
38 312 3 100 1000000 0.000096689
299 16 3 100 10000 0.000096859
297 305 3 100 200000 0.000096903
96 73 3 100 2000 0.000096923
19 142 3 100 10000 0.000097062
3 32 3 100 10000 0.000097063
78 241 3 100 100000 0.000097106
245 120 3 100 100000 0.000097111
252 111 3 100 2000000 0.000097197
142 201 3 100 20000 0.000097236
163 273 3 100 500000 0.000097277
254 282 3 100 2000 0.000097372
12 41 3 100 500000 0.000097589
22 242 3 100 200000 0.000097685
216 207 3 100 20000 0.000097734
131 304 3 100 100000 0.000097738
137 253 3 100 20000 0.000097756
91 295 3 100 5000 0.000097861
203 113 3 100 1000 0.000097983
318 285 3 100 200000 0.000098034
121 247 3 100 100000 0.000098060
216 60 3 100 50000 0.000098156
288 154 3 100 50000 0.000098362
201 251 3 100 10000 0.000098364
269 80 3 100 10000 0.000098419
121 272 3 100 50000 0.000098453
81 169 3 100 5000 0.000098482
64 159 3 100 200000 0.000098702
121 271 3 100 200000 0.000098749
253 98 3 100 1000 0.000098867
299 74 3 100 50000 0.000099044
58 74 3 100 2000000 0.000099102
213 318 3 100 5000 0.000099112
98 77 3 100 20000 0.000099166
93 81 3 100 500000 0.000099166
38 106 3 100 100000 0.000099280
12 34 3 100 100000 0.000099348
37 33 3 100 20000 0.000099544
86 163 3 100 100000 0.000099571
154 3 3 100 1000000 0.000099586
319 271 3 100 1000 0.000099935
131 127 3 100 100000 0.000099939
149 33 3 100 10000 0.000099974
153 205 3 100 1000 0.000100118
213 164 3 100 10000 0.000100121
154 277 3 100 10000 0.000100185
275 261 3 100 100000 0.000100268
82 136 3 100 500000 0.000100457
258 130 3 100 10000 0.000100472
211 79 3 100 1000 0.000100481
143 183 3 100 500000 0.000100499
108 228 3 100 500000 0.000100513
236 262 3 100 1000000 0.000100583
0 142 3 100 500000 0.000100654
282 273 3 100 500000 0.000100677
214 275 3 100 50000 0.000100702
244 172 3 100 20000 0.000100788
78 240 3 100 20000 0.000100809
0 81 3 100 100000 0.000100816
54 187 3 100 1000 0.000100878
78 40 3 100 1000 0.000100940
94 254 3 100 1000 0.000101105
15 26 3 100 1000 0.000101118
118 296 3 100 200000 0.000101161
103 148 3 100 500000 0.000101191
182 46 3 100 5000 0.000101223
103 290 3 100 100000 0.000101421
37 27 3 100 2000 0.000101452
208 74 3 100 500000 0.000101487
280 108 3 100 1000 0.000101506
132 301 3 100 100000 0.000101604
164 198 3 100 10000 0.000101929
100 278 3 100 10000 0.000102176
2 36 3 100 100000 0.000102282
4 232 3 100 1000 0.000102299
23 120 3 100 100000 0.000102311
178 222 3 100 5000 0.000102412
160 269 3 100 5000 0.000102886
274 279 3 100 1000 0.000102894
277 44 3 100 1000 0.000102941
234 314 3 100 2000 0.000103016
34 8 3 100 1000 0.000103055
237 14 3 100 20000 0.000103066
89 115 3 100 10000 0.000103074
303 192 3 100 100000 0.000103156
84 16 3 100 100000 0.000103216
278 33 3 100 5000 0.000103308
91 292 3 100 20000 0.000103729
180 205 3 100 1000 0.000103754
87 121 3 100 200000 0.000103789
252 222 3 100 10000 0.000103868
227 145 3 100 1000000 0.000103870
234 122 3 100 100000 0.000103926
95 187 3 100 200000 0.000104062
311 109 3 100 200000 0.000104137
134 274 3 100 2000 0.000104241
87 283 3 100 50000 0.000104450
189 271 3 100 5000 0.000104586
275 281 3 100 10000 0.000104586
240 261 3 100 5000 0.000104687
125 116 3 100 10000 0.000104745
98 256 3 100 200000 0.000104817
256 54 3 100 200000 0.000104851
107 31 3 100 500000 0.000104938
262 57 3 100 100000 0.000105043
310 218 3 100 10000 0.000105049
42 263 3 100 500000 0.000105128
90 314 3 100 50000 0.000105138
42 277 3 100 20000 0.000105156
72 175 3 100 2000000 0.000105263
259 292 3 100 10000 0.000105361
243 184 3 100 10000 0.000105393
187 93 3 100 1000000 0.000105448
301 236 3 100 200000 0.000105471
147 13 3 100 500000 0.000105618
254 209 3 100 100000 0.000105622
132 12 3 100 20000 0.000105654
219 281 3 100 20000 0.000105656
247 273 3 100 10000 0.000105802
179 267 3 100 200000 0.000105822
189 77 3 100 1000 0.000105964
12 61 3 100 1000000 0.000105994
85 251 3 100 5000 0.000106037
270 313 3 100 100000 0.000106220
63 136 3 100 1000 0.000106290
197 190 3 100 500000 0.000106299
185 144 3 100 5000 0.000106492
74 260 3 100 10000 0.000106502
42 265 3 100 10000 0.000106538
167 182 3 100 5000 0.000106614
181 45 3 100 2000 0.000106619
47 249 3 100 500000 0.000106683
46 269 3 100 1000000 0.000106736
249 119 3 100 1000 0.000106812
165 252 3 100 50000 0.000106847
278 140 3 100 10000 0.000106889
38 41 3 100 2000 0.000106899
2 125 3 100 2000 0.000106934
78 76 3 100 50000 0.000106960
190 73 3 100 10000 0.000106977
280 144 3 100 5000 0.000107074
192 301 3 100 10000 0.000107116
46 73 3 100 20000 0.000107119
316 103 3 100 10000 0.000107155
73 308 3 100 500000 0.000107170
249 111 3 100 10000 0.000107179
29 102 3 100 500000 0.000107385
72 88 3 100 1000 0.000107446
135 261 3 100 10000 0.000107508
47 35 3 100 5000 0.000107589
126 227 3 100 10000 0.000107820
76 144 3 100 200000 0.000107849
196 131 3 100 100000 0.000107854
316 291 3 100 1000 0.000107963
128 225 3 100 10000 0.000108211
201 142 3 100 1000 0.000108323
26 194 3 100 20000 0.000108326
70 161 3 100 2000 0.000108330
285 263 3 100 1000 0.000108364
252 141 3 100 50000 0.000108407
312 89 3 100 100000 0.000108426
281 274 3 100 500000 0.000108490
254 267 3 100 100000 0.000108523
222 314 3 100 100000 0.000108598
23 101 3 100 1000 0.000108617
179 76 3 100 1000 0.000108781
192 23 3 100 5000 0.000108789
292 108 3 100 100000 0.000108800
280 153 3 100 20000 0.000108815
203 149 3 100 50000 0.000108856
18 235 3 100 10000 0.000108858
210 188 3 100 200000 0.000108903
50 153 3 100 100000 0.000108911
284 44 3 100 10000 0.000108915
306 35 3 100 50000 0.000108986
144 235 3 100 1000 0.000109012
306 246 3 100 1000 0.000109068
308 230 3 100 1000000 0.000109085
248 223 3 100 10000 0.000109095
60 232 3 100 10000 0.000109106
83 29 3 100 1000 0.000109140
117 163 3 100 1000000 0.000109180
300 199 3 100 20000 0.000109202
124 199 3 100 100000 0.000109207
171 83 3 100 20000 0.000109218
34 124 3 100 10000 0.000109264
307 224 3 100 200000 0.000109274
185 32 3 100 10000 0.000109327
223 23 3 100 1000 0.000109333
312 92 3 100 200000 0.000109376
308 173 3 100 1000 0.000109496
254 66 3 100 2000 0.000109633
85 37 3 100 20000 0.000109653
13 37 3 100 1000 0.000109684
23 243 3 100 100000 0.000109790
118 100 3 100 10000 0.000109832
146 61 3 100 2000000 0.000109879
227 310 3 100 5000000 0.000109920
151 261 3 100 10000 0.000109978
70 226 3 100 100000 0.000110083
156 231 3 100 10000 0.000110100
305 220 3 100 5000 0.000110206
238 243 3 100 10000 0.000110253
254 54 3 100 20000 0.000110420
237 195 3 100 100000 0.000110456
225 3 3 100 20000 0.000110464
166 37 3 100 10000 0.000110604
253 68 3 100 5000 0.000110626
41 142 3 100 2000 0.000110691
131 313 3 100 1000 0.000110808
240 295 3 100 1000 0.000110911
264 22 3 100 5000 0.000111040
288 211 3 100 5000 0.000111057
0 79 3 100 5000 0.000111124
186 292 3 100 500000 0.000111253
212 266 3 100 1000 0.000111255
197 205 3 100 20000 0.000111304
106 191 3 100 20000 0.000111414
189 209 3 100 2000000 0.000111503
316 238 3 100 20000 0.000111601
276 243 3 100 20000 0.000111616
253 224 3 100 50000 0.000111624
38 80 3 100 1000 0.000111631
165 19 3 100 1000 0.000111632
75 316 3 100 1000 0.000111955
114 89 3 100 100000 0.000112041
161 198 3 100 5000 0.000112177
283 256 3 100 2000 0.000112276
68 39 3 100 20000 0.000112412
181 208 3 100 200000 0.000112505
264 102 3 100 200000 0.000112576
291 155 3 100 1000000 0.000112604
161 305 3 100 5000 0.000112831
150 267 3 100 20000 0.000112899
195 183 3 100 200000 0.000112906
254 292 3 100 100000 0.000112997
307 98 3 100 1000 0.000113011
48 150 3 100 10000 0.000113036
300 222 3 100 1000 0.000113089
221 296 3 100 20000 0.000113134
200 246 3 100 10000 0.000113208
54 135 3 100 50000 0.000113316
182 83 3 100 500000 0.000113335
169 254 3 100 1000 0.000113376
193 273 3 100 100000 0.000113379
248 199 3 100 500000 0.000113513
199 268 3 100 200000 0.000113665
319 138 3 100 100000 0.000113689
268 297 3 100 50000 0.000113699
177 229 3 100 2000 0.000113828
133 58 3 100 1000 0.000113939
49 80 3 100 1000 0.000113941
134 234 3 100 1000 0.000114019
188 190 3 100 5000 0.000114134
225 84 3 100 5000 0.000114173
232 26 3 100 2000 0.000114179
63 158 3 100 1000000 0.000114201
149 122 3 100 1000 0.000114234
132 43 3 100 1000 0.000114333
239 314 3 100 1000 0.000114389
176 17 3 100 20000 0.000114410
191 196 3 100 1000 0.000114435
137 227 3 100 20000 0.000114528
96 256 3 100 1000 0.000114559
201 193 3 100 20000 0.000114567
19 274 3 100 10000 0.000114712
15 141 3 100 1000 0.000114772
97 13 3 100 50000 0.000114940
120 30 3 100 20000 0.000114954
298 319 3 100 1000 0.000115060
77 139 3 100 20000 0.000115093
59 15 3 100 1000 0.000115253
101 300 3 100 5000 0.000115292
30 192 3 100 10000 0.000115294
290 0 3 100 200000 0.000115309
95 205 3 100 1000 0.000115355
258 203 3 100 1000 0.000115398
19 133 3 100 2000 0.000115406
68 261 3 100 2000 0.000115413
108 262 3 100 20000 0.000115486
206 262 3 100 5000 0.000115524
96 170 3 100 500000 0.000115543
105 159 3 100 100000 0.000115594
126 67 3 100 1000 0.000115612
267 115 3 100 2000 0.000115618
153 144 3 100 200000 0.000115625
7 191 3 100 20000 0.000115952
65 89 3 100 1000 0.000115978
112 314 3 100 200000 0.000116094
274 230 3 100 1000 0.000116122
316 175 3 100 5000 0.000116255
258 145 3 100 50000 0.000116272
277 91 3 100 2000 0.000116313
294 217 3 100 100000 0.000116322
238 293 3 100 5000 0.000116366
247 276 3 100 5000 0.000116371
249 255 3 100 5000000 0.000116433
149 222 3 100 1000 0.000116469
265 11 3 100 1000 0.000116476
101 271 3 100 5000 0.000116583
67 235 3 100 500000 0.000116601
137 15 3 100 200000 0.000116667
21 63 3 100 200000 0.000116811
119 180 3 100 2000 0.000116889
8 50 3 100 1000 0.000117120
55 32 3 100 100000 0.000117146
73 298 3 100 100000 0.000117221
130 209 3 100 100000 0.000117305
192 266 3 100 50000 0.000117307
218 176 3 100 5000 0.000117318
185 166 3 100 500000 0.000117348
202 287 3 100 5000 0.000117388
229 276 3 100 500000 0.000117597
74 92 3 100 1000000 0.000117664
27 308 3 100 500000 0.000117683
156 61 3 100 1000 0.000117731
121 146 3 100 1000 0.000117766
314 248 3 100 20000 0.000117948
288 81 3 100 2000000 0.000117979
61 216 3 100 500000 0.000118034
165 112 3 100 1000 0.000118194
58 89 3 100 1000 0.000118360
52 70 3 100 100000 0.000118409
280 3 3 100 1000 0.000118517
142 137 3 100 100000 0.000118586
269 60 3 100 2000 0.000118617
262 178 3 100 2000 0.000118696
247 157 3 100 10000 0.000118696
2 285 3 100 5000 0.000118761
140 30 3 100 50000 0.000118804
217 242 3 100 2000 0.000118919
226 11 3 100 5000 0.000118967
266 256 3 100 5000 0.000119005
273 25 3 100 2000 0.000119316
205 90 3 100 100000 0.000119501
3 239 3 100 20000 0.000119520
248 40 3 100 20000 0.000119690
57 183 3 100 1000 0.000119727
314 120 3 100 200000 0.000119769
241 190 3 100 10000 0.000119777
127 292 3 100 20000 0.000119815
87 282 3 100 1000 0.000120064
159 25 3 100 2000 0.000120066
278 107 3 100 100000 0.000120125
203 54 3 100 1000 0.000120461
266 131 3 100 500000 0.000120592
183 140 3 100 20000 0.000120642
117 211 3 100 1000 0.000120659
39 217 3 100 1000 0.000120669
252 124 3 100 1000 0.000120896
20 59 3 100 10000 0.000121018
130 155 3 100 5000 0.000121019
25 32 3 100 20000 0.000121080
201 235 3 100 20000 0.000121207
69 252 3 100 20000 0.000121283
195 20 3 100 50000 0.000121582
282 199 3 100 2000 0.000121651
186 113 3 100 100000 0.000121671
118 125 3 100 20000 0.000121674
220 141 3 100 500000 0.000121803
51 151 3 100 1000 0.000121912
252 243 3 100 100000 0.000121959
53 84 3 100 5000 0.000122129
226 303 3 100 2000 0.000122358
90 86 3 100 50000 0.000122445
283 247 3 100 200000 0.000122578
97 296 3 100 50000 0.000122589
50 128 3 100 20000 0.000122597
188 60 3 100 20000 0.000122764
137 16 3 100 5000 0.000122842
196 151 3 100 5000 0.000122978
101 51 3 100 20000 0.000123153
146 67 3 100 20000 0.000123479
216 316 3 100 1000 0.000123576
75 83 3 100 2000 0.000123673
309 23 3 100 5000 0.000123744
302 160 3 100 50000 0.000123752
281 211 3 100 1000000 0.000123876
44 35 3 100 5000 0.000123884
148 215 3 100 10000 0.000123964
129 166 3 100 10000 0.000124073
205 65 3 100 1000 0.000124228
207 287 3 100 20000 0.000124229
196 89 3 100 500000 0.000124251
244 207 3 100 500000 0.000124273
133 55 3 100 100000 0.000124353
260 213 3 100 1000000 0.000124518
277 304 3 100 50000 0.000124606
282 157 3 100 200000 0.000124731
292 96 3 100 50000 0.000124764
15 66 3 100 100000 0.000124830
153 44 3 100 50000 0.000124847
185 152 3 100 2000 0.000124850
203 71 3 100 500000 0.000124906
63 92 3 100 500000 0.000124918
316 80 3 100 200000 0.000124924
215 78 3 100 1000 0.000124954
116 108 3 100 1000000 0.000124963
153 102 3 100 5000 0.000125045
217 200 3 100 200000 0.000125073
214 107 3 100 100000 0.000125140
76 214 3 100 1000000 0.000125174
254 250 3 100 20000 0.000125192
281 266 3 100 5000 0.000125304
220 169 3 100 500000 0.000125378
219 148 3 100 100000 0.000125428
243 131 3 100 10000 0.000125600
36 52 3 100 500000 0.000125607
21 158 3 100 100000 0.000125663
114 253 3 100 1000 0.000125851
276 307 3 100 100000 0.000126070
244 82 3 100 10000 0.000126108
252 45 3 100 5000 0.000126133
256 234 3 100 200000 0.000126150
247 155 3 100 1000 0.000126153
197 244 3 100 200000 0.000126418
311 171 3 100 1000 0.000126422
38 304 3 100 20000 0.000126471
248 313 3 100 500000 0.000126478
261 294 3 100 20000 0.000126636
92 204 3 100 1000 0.000126671
12 296 3 100 50000 0.000126893
39 76 3 100 1000000 0.000126981
48 125 3 100 50000 0.000126998
198 313 3 100 1000 0.000127069
151 290 3 100 2000 0.000127139
38 147 3 100 200000 0.000127294
318 208 3 100 1000000 0.000127316
24 271 3 100 2000000 0.000127489
192 68 3 100 10000 0.000127524
260 116 3 100 200000 0.000127702
57 62 3 100 1000000 0.000127727
285 281 3 100 10000 0.000127747
74 248 3 100 2000 0.000128027
306 183 3 100 10000 0.000128063
80 32 3 100 200000 0.000128068
54 134 3 100 50000 0.000128350
2 28 3 100 5000 0.000128476
124 196 3 100 200000 0.000128484
210 308 3 100 2000 0.000128508
280 202 3 100 200000 0.000128564
167 89 3 100 10000 0.000128649
212 278 3 100 50000 0.000128690
133 124 3 100 20000 0.000128803
91 254 3 100 500000 0.000128981
297 288 3 100 5000 0.000129078
262 12 3 100 200000 0.000129165
270 313 3 100 5000 0.000129280
2 161 3 100 20000 0.000129285
172 82 3 100 200000 0.000129333
240 216 3 100 20000 0.000129401
174 307 3 100 20000 0.000129402
231 247 3 100 2000 0.000129572
126 285 3 100 50000 0.000129587
28 273 3 100 1000 0.000129794
146 45 3 100 200000 0.000129923
288 174 3 100 5000 0.000129981
135 294 3 100 10000 0.000129998
86 281 3 100 50000 0.000130212
142 38 3 100 100000 0.000130242
208 151 3 100 5000 0.000130562
179 51 3 100 1000000 0.000130755
318 151 3 100 5000 0.000130845
34 242 3 100 50000 0.000130857
2 290 3 100 500000 0.000130982
253 250 3 100 2000 0.000131018
25 238 3 100 20000 0.000131038
212 113 3 100 500000 0.000131081
274 103 3 100 500000 0.000131105
106 241 3 100 200000 0.000131163
246 268 3 100 200000 0.000131246
115 47 3 100 50000 0.000131313
294 217 3 100 50000 0.000131338
151 52 3 100 500000 0.000131381
84 189 3 100 10000 0.000131385
59 205 3 100 20000 0.000131412
29 122 3 100 1000 0.000131454
298 64 3 100 20000 0.000131496
50 196 3 100 500000 0.000131512
285 145 3 100 50000 0.000131530
249 16 3 100 10000 0.000131875
174 105 3 100 2000 0.000131931
225 143 3 100 5000 0.000132084
124 40 3 100 20000 0.000132220
147 154 3 100 5000 0.000132240
183 178 3 100 20000 0.000132350
15 226 3 100 50000 0.000132358
241 230 3 100 2000 0.000132463
41 251 3 100 1000000 0.000132508
219 101 3 100 200000 0.000132581
146 160 3 100 10000 0.000132602
55 154 3 100 100000 0.000132615
82 40 3 100 20000 0.000132642
312 45 3 100 100000 0.000132845
31 54 3 100 20000 0.000132848
261 148 3 100 200000 0.000132860
77 223 3 100 1000 0.000132944
276 280 3 100 5000 0.000133026
152 214 3 100 5000 0.000133034
79 259 3 100 50000 0.000133095
230 294 3 100 1000 0.000133305
191 7 3 100 500000 0.000133348
33 93 3 100 20000 0.000133399
246 134 3 100 100000 0.000133400
274 165 3 100 100000 0.000133448
46 79 3 100 1000 0.000133480
273 155 3 100 200000 0.000133667
96 76 3 100 100000 0.000133700
13 288 3 100 5000000 0.000133741
262 179 3 100 100000 0.000133761
7 61 3 100 5000 0.000134019
4 134 3 100 2000000 0.000134036
282 16 3 100 5000 0.000134090
59 227 3 100 1000 0.000134244
27 139 3 100 20000 0.000134286
83 186 3 100 20000 0.000134291
165 169 3 100 1000000 0.000134306
50 195 3 100 50000 0.000134308
258 154 3 100 1000 0.000134340
311 212 3 100 2000 0.000134355
65 117 3 100 20000 0.000134828
199 289 3 100 5000 0.000134969
27 172 3 100 100000 0.000135016
135 275 3 100 100000 0.000135091
271 138 3 100 1000000 0.000135145
88 37 3 100 20000 0.000135148
221 18 3 100 50000 0.000135234
223 52 3 100 200000 0.000135249
244 149 3 100 200000 0.000135430
21 151 3 100 50000 0.000135448
246 199 3 100 10000 0.000135583
233 29 3 100 1000000 0.000135620
13 109 3 100 20000 0.000135627
7 10 3 100 50000 0.000135659
55 23 3 100 1000000 0.000135690
193 24 3 100 100000 0.000135715
305 226 3 100 200000 0.000135759
95 185 3 100 50000 0.000135805
270 13 3 100 10000 0.000135828
64 290 3 100 50000 0.000135875
241 294 3 100 100000 0.000135947
272 292 3 100 50000 0.000136046
108 286 3 100 20000 0.000136055
228 214 3 100 500000 0.000136103
253 178 3 100 10000 0.000136138
47 147 3 100 5000000 0.000136173
285 159 3 100 100000 0.000136186
114 195 3 100 200000 0.000136316
59 311 3 100 1000 0.000136332
282 121 3 100 10000 0.000136340
45 96 3 100 2000000 0.000136346
250 62 3 100 2000000 0.000136382
175 267 3 100 20000 0.000136382
264 27 3 100 20000 0.000136425
25 215 3 100 10000 0.000136781
261 172 3 100 1000 0.000136831
230 244 3 100 200000 0.000136868
306 28 3 100 100000 0.000137003
319 294 3 100 200000 0.000137186
225 185 3 100 100000 0.000137212
66 160 3 100 50000 0.000137216
140 305 3 100 50000 0.000137638
95 258 3 100 20000 0.000137698
72 224 3 100 20000 0.000137925
123 169 3 100 50000 0.000137939
92 287 3 100 1000 0.000138144
190 41 3 100 20000 0.000138147
81 223 3 100 500000 0.000138290
183 154 3 100 100000 0.000138451
305 37 3 100 1000 0.000138461
32 303 3 100 5000 0.000138588
243 179 3 100 500000 0.000138751
10 84 3 100 10000 0.000138816
209 160 3 100 1000000 0.000138929
14 270 3 100 1000 0.000138938
155 234 3 100 2000000 0.000139015
13 178 3 100 500000 0.000139148
78 270 3 100 20000 0.000139159
213 58 3 100 10000 0.000139545
110 192 3 100 1000 0.000139546
1 316 3 100 500000 0.000139580
11 296 3 100 200000 0.000139592
59 319 3 100 100000 0.000139675
301 99 3 100 20000 0.000139740
40 165 3 100 100000 0.000139845
143 203 3 100 5000 0.000139859
165 66 3 100 10000 0.000139882
149 28 3 100 10000 0.000139953
256 53 3 100 2000 0.000139955
152 163 3 100 5000 0.000140107
104 207 3 100 500000 0.000140172
209 128 3 100 5000 0.000140300
2 255 3 100 10000 0.000140347
304 141 3 100 200000 0.000140399
174 41 3 100 20000 0.000140483
40 117 3 100 1000000 0.000140494
21 194 3 100 100000 0.000140727
220 183 3 100 200000 0.000140781
275 171 3 100 50000 0.000140825
105 151 3 100 10000 0.000140827
283 167 3 100 1000 0.000140958
11 160 3 100 1000 0.000141151
251 101 3 100 20000 0.000141157
200 197 3 100 1000 0.000141164
159 202 3 100 20000 0.000141208
155 48 3 100 20000 0.000141215
34 281 3 100 10000 0.000141297
122 235 3 100 50000 0.000141318
271 103 3 100 200000 0.000141384
146 195 3 100 200000 0.000141415
60 160 3 100 20000 0.000141522
42 226 3 100 200000 0.000141544
134 250 3 100 20000 0.000141550
263 147 3 100 1000 0.000141732
299 253 3 100 200000 0.000141784
69 296 3 100 20000 0.000141843
137 86 3 100 200000 0.000141960
273 85 3 100 20000 0.000142013
314 166 3 100 20000 0.000142032
290 231 3 100 50000 0.000142112
152 190 3 100 1000 0.000142117
7 112 3 100 1000 0.000142140
28 288 3 100 100000 0.000142209
201 45 3 100 500000 0.000142300
20 130 3 100 1000 0.000142318
145 154 3 100 2000 0.000142369
43 311 3 100 200000 0.000142383
126 13 3 100 1000 0.000142582
246 145 3 100 20000 0.000142627
37 155 3 100 1000 0.000142762
185 123 3 100 500000 0.000142902
271 224 3 100 500000 0.000143080
45 196 3 100 5000 0.000143109
252 316 3 100 10000 0.000143309
174 203 3 100 20000 0.000143525
278 55 3 100 50000 0.000143594
222 71 3 100 20000 0.000143683
90 87 3 100 100000 0.000143985
31 235 3 100 200000 0.000143994
204 234 3 100 100000 0.000144121
33 132 3 100 10000 0.000144261
28 219 3 100 1000 0.000144382
16 20 3 100 500000 0.000144448
247 69 3 100 10000 0.000144516
55 252 3 100 1000 0.000144685
165 30 3 100 1000 0.000144724
235 232 3 100 1000000 0.000144805
256 205 3 100 20000 0.000144886
202 174 3 100 10000 0.000144977
92 62 3 100 5000 0.000145002
255 188 3 100 200000 0.000145070
277 233 3 100 200000 0.000145077
207 213 3 100 100000 0.000145183
178 75 3 100 500000 0.000145269
79 240 3 100 1000 0.000145365
206 160 3 100 200000 0.000145488
154 4 3 100 1000000 0.000145540
154 192 3 100 500000 0.000145576
63 205 3 100 1000 0.000145624
311 84 3 100 20000 0.000145803
114 213 3 100 20000 0.000145829
246 269 3 100 500000 0.000145977
23 233 3 100 20000 0.000146054
294 181 3 100 5000 0.000146158
15 4 3 100 1000 0.000146190
313 242 3 100 20000 0.000146350
202 114 3 100 500000 0.000146360
30 38 3 100 50000 0.000146407
285 227 3 100 1000 0.000146437
255 315 3 100 5000 0.000146559
246 182 3 100 500000 0.000146695
36 240 3 100 20000 0.000146760
0 52 3 100 1000 0.000146858
186 243 3 100 1000000 0.000146877
226 20 3 100 500000 0.000146970
105 68 3 100 20000 0.000147012
285 25 3 100 1000 0.000147166
42 281 3 100 1000 0.000147185
164 88 3 100 2000 0.000147230
169 121 3 100 10000 0.000147278
17 90 3 100 500000 0.000147303
140 149 3 100 5000 0.000147330
255 36 3 100 500000 0.000147587
130 216 3 100 200000 0.000147660
48 92 3 100 2000 0.000147682
181 191 3 100 500000 0.000147823
308 21 3 100 20000 0.000147915
17 170 3 100 200000 0.000147925
118 172 3 100 5000 0.000148022
41 209 3 100 10000 0.000148244
119 250 3 100 2000 0.000148467
127 86 3 100 1000 0.000148471
91 154 3 100 20000 0.000148530
285 218 3 100 10000 0.000148537
222 289 3 100 100000 0.000148575
240 257 3 100 10000 0.000148688
133 169 3 100 50000 0.000148700
296 273 3 100 200000 0.000148794
172 47 3 100 10000 0.000148962
171 17 3 100 5000 0.000149008
219 169 3 100 10000 0.000149134
0 176 3 100 100000 0.000149379
8 55 3 100 5000 0.000149409
194 261 3 100 200000 0.000149442
70 302 3 100 1000 0.000149522
130 306 3 100 20000 0.000149565
255 110 3 100 1000000 0.000149598
158 43 3 100 50000 0.000149608
309 7 3 100 2000 0.000149678
61 147 3 100 100000 0.000149679
48 195 3 100 100000 0.000149721
37 285 3 100 200000 0.000149833
310 205 3 100 10000 0.000149842
231 247 3 100 5000 0.000149869
208 183 3 100 500000 0.000149871
24 226 3 100 100000 0.000149919
128 304 3 100 1000 0.000150097
316 313 3 100 1000000 0.000150109
16 127 3 100 100000 0.000150293
102 243 3 100 20000 0.000150510
313 22 3 100 1000 0.000150664
1 98 3 100 200000 0.000150705
205 310 3 100 500000 0.000150786
12 214 3 100 100000 0.000150834
182 109 3 100 500000 0.000150843
226 85 3 100 5000 0.000150907
309 157 3 100 500000 0.000150948
179 51 3 100 200000 0.000151254
55 275 3 100 1000 0.000151318
18 116 3 100 5000 0.000151434
302 34 3 100 1000 0.000151442
96 167 3 100 1000000 0.000151661
253 306 3 100 1000000 0.000151799
1 116 3 100 200000 0.000151867
92 49 3 100 1000 0.000152064
255 118 3 100 50000 0.000152130
289 35 3 100 50000 0.000152246
280 14 3 100 500000 0.000152286
236 294 3 100 5000 0.000152344
197 85 3 100 1000 0.000152356
315 232 3 100 2000 0.000152376
148 241 3 100 1000000 0.000152434
68 179 3 100 200000 0.000152519
194 58 3 100 200000 0.000152546
208 287 3 100 500000 0.000152551
178 34 3 100 1000 0.000152661
75 319 3 100 500000 0.000152929
159 218 3 100 2000 0.000153166
309 312 3 100 2000 0.000153485
223 140 3 100 500000 0.000153511
268 70 3 100 10000 0.000153602
297 296 3 100 2000 0.000153674
143 108 3 100 20000 0.000153776
308 267 3 100 20000 0.000153811
302 53 3 100 100000 0.000153990
97 298 3 100 20000 0.000154264
290 295 3 100 20000 0.000154362
101 51 3 100 100000 0.000154470
272 19 3 100 20000 0.000154509
8 229 3 100 1000 0.000154638
114 94 3 100 200000 0.000154665
221 276 3 100 20000 0.000154668
