162
2 0 3 100 209715200 0.000000000
3 1 3 200 209715200 0.000000000
4 1 3 1000 65536 0.020000000
5 1 3 1100 65536 0.020000000
6 1 3 1200 65536 0.020000000
7 1 3 1300 65536 0.020000000
8 1 3 1400 65536 0.020000000
9 1 3 1500 65536 0.020000000
10 1 3 1600 65536 0.020000000
11 1 3 1700 65536 0.020000000
12 1 3 1800 65536 0.020000000
13 1 3 1900 65536 0.020000000
14 1 3 2000 65536 0.020000000
15 1 3 2100 65536 0.020000000
16 1 3 2200 65536 0.020000000
17 1 3 2300 65536 0.020000000
18 1 3 2400 65536 0.020000000
19 1 3 2500 65536 0.020000000
20 1 3 2600 65536 0.020000000
21 1 3 2700 65536 0.020000000
22 1 3 2800 65536 0.020000000
23 1 3 2900 65536 0.020000000
4 1 3 1001 65536 0.020500000
5 1 3 1101 65536 0.020500000
6 1 3 1201 65536 0.020500000
7 1 3 1301 65536 0.020500000
8 1 3 1401 65536 0.020500000
9 1 3 1501 65536 0.020500000
10 1 3 1601 65536 0.020500000
11 1 3 1701 65536 0.020500000
12 1 3 1801 65536 0.020500000
13 1 3 1901 65536 0.020500000
14 1 3 2001 65536 0.020500000
15 1 3 2101 65536 0.020500000
16 1 3 2201 65536 0.020500000
17 1 3 2301 65536 0.020500000
18 1 3 2401 65536 0.020500000
19 1 3 2501 65536 0.020500000
20 1 3 2601 65536 0.020500000
21 1 3 2701 65536 0.020500000
22 1 3 2801 65536 0.020500000
23 1 3 2901 65536 0.020500000
4 1 3 1002 65536 0.021000000
5 1 3 1102 65536 0.021000000
6 1 3 1202 65536 0.021000000
7 1 3 1302 65536 0.021000000
8 1 3 1402 65536 0.021000000
9 1 3 1502 65536 0.021000000
10 1 3 1602 65536 0.021000000
11 1 3 1702 65536 0.021000000
12 1 3 1802 65536 0.021000000
13 1 3 1902 65536 0.021000000
14 1 3 2002 65536 0.021000000
15 1 3 2102 65536 0.021000000
16 1 3 2202 65536 0.021000000
17 1 3 2302 65536 0.021000000
18 1 3 2402 65536 0.021000000
19 1 3 2502 65536 0.021000000
20 1 3 2602 65536 0.021000000
21 1 3 2702 65536 0.021000000
22 1 3 2802 65536 0.021000000
23 1 3 2902 65536 0.021000000
4 1 3 1003 65536 0.021500000
5 1 3 1103 65536 0.021500000
6 1 3 1203 65536 0.021500000
7 1 3 1303 65536 0.021500000
8 1 3 1403 65536 0.021500000
9 1 3 1503 65536 0.021500000
10 1 3 1603 65536 0.021500000
11 1 3 1703 65536 0.021500000
12 1 3 1803 65536 0.021500000
13 1 3 1903 65536 0.021500000
14 1 3 2003 65536 0.021500000
15 1 3 2103 65536 0.021500000
16 1 3 2203 65536 0.021500000
17 1 3 2303 65536 0.021500000
18 1 3 2403 65536 0.021500000
19 1 3 2503 65536 0.021500000
20 1 3 2603 65536 0.021500000
21 1 3 2703 65536 0.021500000
22 1 3 2803 65536 0.021500000
23 1 3 2903 65536 0.021500000
4 1 3 1004 65536 0.022000000
5 1 3 1104 65536 0.022000000
6 1 3 1204 65536 0.022000000
7 1 3 1304 65536 0.022000000
8 1 3 1404 65536 0.022000000
9 1 3 1504 65536 0.022000000
10 1 3 1604 65536 0.022000000
11 1 3 1704 65536 0.022000000
12 1 3 1804 65536 0.022000000
13 1 3 1904 65536 0.022000000
14 1 3 2004 65536 0.022000000
15 1 3 2104 65536 0.022000000
16 1 3 2204 65536 0.022000000
17 1 3 2304 65536 0.022000000
18 1 3 2404 65536 0.022000000
19 1 3 2504 65536 0.022000000
20 1 3 2604 65536 0.022000000
21 1 3 2704 65536 0.022000000
22 1 3 2804 65536 0.022000000
23 1 3 2904 65536 0.022000000
4 1 3 1005 65536 0.022500000
5 1 3 1105 65536 0.022500000
6 1 3 1205 65536 0.022500000
7 1 3 1305 65536 0.022500000
8 1 3 1405 65536 0.022500000
9 1 3 1505 65536 0.022500000
10 1 3 1605 65536 0.022500000
11 1 3 1705 65536 0.022500000
12 1 3 1805 65536 0.022500000
13 1 3 1905 65536 0.022500000
14 1 3 2005 65536 0.022500000
15 1 3 2105 65536 0.022500000
16 1 3 2205 65536 0.022500000
17 1 3 2305 65536 0.022500000
18 1 3 2405 65536 0.022500000
19 1 3 2505 65536 0.022500000
20 1 3 2605 65536 0.022500000
21 1 3 2705 65536 0.022500000
22 1 3 2805 65536 0.022500000
23 1 3 2905 65536 0.022500000
4 1 3 1006 65536 0.023000000
5 1 3 1106 65536 0.023000000
6 1 3 1206 65536 0.023000000
7 1 3 1306 65536 0.023000000
8 1 3 1406 65536 0.023000000
9 1 3 1506 65536 0.023000000
10 1 3 1606 65536 0.023000000
11 1 3 1706 65536 0.023000000
12 1 3 1806 65536 0.023000000
13 1 3 1906 65536 0.023000000
14 1 3 2006 65536 0.023000000
15 1 3 2106 65536 0.023000000
16 1 3 2206 65536 0.023000000
17 1 3 2306 65536 0.023000000
18 1 3 2406 65536 0.023000000
19 1 3 2506 65536 0.023000000
20 1 3 2606 65536 0.023000000
21 1 3 2706 65536 0.023000000
22 1 3 2806 65536 0.023000000
23 1 3 2906 65536 0.023000000
4 1 3 1007 65536 0.023500000
5 1 3 1107 65536 0.023500000
6 1 3 1207 65536 0.023500000
7 1 3 1307 65536 0.023500000
8 1 3 1407 65536 0.023500000
9 1 3 1507 65536 0.023500000
10 1 3 1607 65536 0.023500000
11 1 3 1707 65536 0.023500000
12 1 3 1807 65536 0.023500000
13 1 3 1907 65536 0.023500000
14 1 3 2007 65536 0.023500000
15 1 3 2107 65536 0.023500000
16 1 3 2207 65536 0.023500000
17 1 3 2307 65536 0.023500000
18 1 3 2407 65536 0.023500000
19 1 3 2507 65536 0.023500000
20 1 3 2607 65536 0.023500000
21 1 3 2707 65536 0.023500000
22 1 3 2807 65536 0.023500000
23 1 3 2907 65536 0.023500000
