# time_ns sip dip sport dport rate_bps
50000 184549889 184549377 10000 100 100000000000
50000 184550145 184549633 10000 200 100000000000
100000 184549889 184549377 10000 100 100000000000
100000 184550145 184549633 10000 200 100000000000
150000 184549889 184549377 10000 100 100000000000
150000 184550145 184549633 10000 200 100000000000
200000 184549889 184549377 10000 100 100000000000
200000 184550145 184549633 10000 200 100000000000
250000 184549889 184549377 10000 100 100000000000
250000 184550145 184549633 10000 200 100000000000
300000 184549889 184549377 10000 100 100000000000
300000 184550145 184549633 10000 200 100000000000
350000 184549889 184549377 10000 100 100000000000
350000 184550145 184549633 10000 200 100000000000
400000 184549889 184549377 10000 100 100000000000
400000 184550145 184549633 10000 200 100000000000
450000 184549889 184549377 10000 100 100000000000
450000 184550145 184549633 10000 200 100000000000
500000 184549889 184549377 10000 100 100000000000
500000 184550145 184549633 10000 200 100000000000
550000 184549889 184549377 10000 100 100000000000
550000 184550145 184549633 10000 200 100000000000
600000 184549889 184549377 10000 100 100000000000
600000 184550145 184549633 10000 200 100000000000
650000 184549889 184549377 10000 100 100000000000
650000 184550145 184549633 10000 200 100000000000
700000 184549889 184549377 10000 100 100000000000
700000 184550145 184549633 10000 200 100000000000
750000 184549889 184549377 10000 100 100000000000
750000 184550145 184549633 10000 200 100000000000
800000 184549889 184549377 10000 100 100000000000
800000 184550145 184549633 10000 200 100000000000
850000 184549889 184549377 10000 100 100000000000
850000 184550145 184549633 10000 200 100000000000
900000 184549889 184549377 10000 100 100000000000
900000 184550145 184549633 10000 200 100000000000
950000 184549889 184549377 10000 100 100000000000
950000 184550145 184549633 10000 200 100000000000
1000000 184549889 184549377 10000 100 100000000000
1000000 184550145 184549633 10000 200 100000000000
1050000 184549889 184549377 10000 100 100000000000
1050000 184550145 184549633 10000 200 100000000000
1100000 184549889 184549377 10000 100 100000000000
1100000 184550145 184549633 10000 200 100000000000
1150000 184549889 184549377 10000 100 100000000000
1150000 184550145 184549633 10000 200 100000000000
1200000 184549889 184549377 10000 100 100000000000
1200000 184550145 184549633 10000 200 100000000000
1250000 184549889 184549377 10000 100 100000000000
1250000 184550145 184549633 10000 200 100000000000
1300000 184549889 184549377 10000 100 100000000000
1300000 184550145 184549633 10000 200 100000000000
1350000 184549889 184549377 10000 100 100000000000
1350000 184550145 184549633 10000 200 100000000000
1400000 184549889 184549377 10000 100 100000000000
1400000 184550145 184549633 10000 200 100000000000
1450000 184549889 184549377 10000 100 100000000000
1450000 184550145 184549633 10000 200 100000000000
1500000 184549889 184549377 10000 100 100000000000
1500000 184550145 184549633 10000 200 100000000000
1550000 184549889 184549377 10000 100 100000000000
1550000 184550145 184549633 10000 200 100000000000
1600000 184549889 184549377 10000 100 100000000000
1600000 184550145 184549633 10000 200 100000000000
1650000 184549889 184549377 10000 100 100000000000
1650000 184550145 184549633 10000 200 100000000000
1700000 184549889 184549377 10000 100 100000000000
1700000 184550145 184549633 10000 200 100000000000
1750000 184549889 184549377 10000 100 100000000000
1750000 184550145 184549633 10000 200 100000000000
1800000 184549889 184549377 10000 100 100000000000
1800000 184550145 184549633 10000 200 100000000000
1850000 184549889 184549377 10000 100 100000000000
1850000 184550145 184549633 10000 200 100000000000
1900000 184549889 184549377 10000 100 100000000000
1900000 184550145 184549633 10000 200 100000000000
1950000 184549889 184549377 10000 100 100000000000
1950000 184550145 184549633 10000 200 100000000000
2000000 184549889 184549377 10000 100 100000000000
2000000 184550145 184549633 10000 200 100000000000
2050000 184549889 184549377 10000 100 100000000000
2050000 184550145 184549633 10000 200 100000000000
2100000 184549889 184549377 10000 100 100000000000
2100000 184550145 184549633 10000 200 100000000000
2150000 184549889 184549377 10000 100 100000000000
2150000 184550145 184549633 10000 200 100000000000
2200000 184549889 184549377 10000 100 100000000000
2200000 184550145 184549633 10000 200 100000000000
2250000 184549889 184549377 10000 100 100000000000
2250000 184550145 184549633 10000 200 100000000000
2300000 184549889 184549377 10000 100 100000000000
2300000 184550145 184549633 10000 200 100000000000
2350000 184549889 184549377 10000 100 100000000000
2350000 184550145 184549633 10000 200 100000000000
2400000 184549889 184549377 10000 100 100000000000
2400000 184550145 184549633 10000 200 100000000000
2450000 184549889 184549377 10000 100 100000000000
2450000 184550145 184549633 10000 200 100000000000
2500000 184549889 184549377 10000 100 100000000000
2500000 184550145 184549633 10000 200 100000000000
2550000 184549889 184549377 10000 100 100000000000
2550000 184550145 184549633 10000 200 100000000000
2600000 184549889 184549377 10000 100 100000000000
2600000 184550145 184549633 10000 200 100000000000
2650000 184549889 184549377 10000 100 100000000000
2650000 184550145 184549633 10000 200 100000000000
2700000 184549889 184549377 10000 100 100000000000
2700000 184550145 184549633 10000 200 100000000000
2750000 184549889 184549377 10000 100 100000000000
2750000 184550145 184549633 10000 200 100000000000
2800000 184549889 184549377 10000 100 100000000000
2800000 184550145 184549633 10000 200 100000000000
2850000 184549889 184549377 10000 100 100000000000
2850000 184550145 184549633 10000 200 100000000000
2900000 184549889 184549377 10000 100 100000000000
2900000 184550145 184549633 10000 200 100000000000
2950000 184549889 184549377 10000 100 100000000000
2950000 184550145 184549633 10000 200 100000000000
3000000 184549889 184549377 10000 100 100000000000
3000000 184550145 184549633 10000 200 100000000000
3050000 184549889 184549377 10000 100 100000000000
3050000 184550145 184549633 10000 200 100000000000
3100000 184549889 184549377 10000 100 100000000000
3100000 184550145 184549633 10000 200 100000000000
3150000 184549889 184549377 10000 100 100000000000
3150000 184550145 184549633 10000 200 100000000000
3200000 184549889 184549377 10000 100 100000000000
3200000 184550145 184549633 10000 200 100000000000
3250000 184549889 184549377 10000 100 100000000000
3250000 184550145 184549633 10000 200 100000000000
3300000 184549889 184549377 10000 100 100000000000
3300000 184550145 184549633 10000 200 100000000000
3350000 184549889 184549377 10000 100 100000000000
3350000 184550145 184549633 10000 200 100000000000
3400000 184549889 184549377 10000 100 100000000000
3400000 184550145 184549633 10000 200 100000000000
3450000 184549889 184549377 10000 100 100000000000
3450000 184550145 184549633 10000 200 100000000000
3500000 184549889 184549377 10000 100 100000000000
3500000 184550145 184549633 10000 200 100000000000
3550000 184549889 184549377 10000 100 100000000000
3550000 184550145 184549633 10000 200 100000000000
3600000 184549889 184549377 10000 100 100000000000
3600000 184550145 184549633 10000 200 100000000000
3650000 184549889 184549377 10000 100 100000000000
3650000 184550145 184549633 10000 200 100000000000
3700000 184549889 184549377 10000 100 100000000000
3700000 184550145 184549633 10000 200 100000000000
3750000 184549889 184549377 10000 100 100000000000
3750000 184550145 184549633 10000 200 100000000000
3800000 184549889 184549377 10000 100 100000000000
3800000 184550145 184549633 10000 200 100000000000
3850000 184549889 184549377 10000 100 100000000000
3850000 184550145 184549633 10000 200 100000000000
3900000 184549889 184549377 10000 100 100000000000
3900000 184550145 184549633 10000 200 100000000000
3950000 184549889 184549377 10000 100 100000000000
3950000 184550145 184549633 10000 200 100000000000
4000000 184549889 184549377 10000 100 100000000000
4000000 184550145 184549633 10000 200 100000000000
4050000 184549889 184549377 10000 100 100000000000
4050000 184550145 184549633 10000 200 100000000000
4100000 184549889 184549377 10000 100 100000000000
4100000 184550145 184549633 10000 200 100000000000
4150000 184549889 184549377 10000 100 100000000000
4150000 184550145 184549633 10000 200 100000000000
4200000 184549889 184549377 10000 100 100000000000
4200000 184550145 184549633 10000 200 100000000000
4250000 184549889 184549377 10000 100 100000000000
4250000 184550145 184549633 10000 200 100000000000
4300000 184549889 184549377 10000 100 100000000000
4300000 184550145 184549633 10000 200 100000000000
4350000 184549889 184549377 10000 100 100000000000
4350000 184550145 184549633 10000 200 100000000000
4400000 184549889 184549377 10000 100 100000000000
4400000 184550145 184549633 10000 200 100000000000
4450000 184549889 184549377 10000 100 100000000000
4450000 184550145 184549633 10000 200 100000000000
4500000 184549889 184549377 10000 100 100000000000
4500000 184550145 184549633 10000 200 100000000000
4550000 184549889 184549377 10000 100 100000000000
4550000 184550145 184549633 10000 200 100000000000
4600000 184549889 184549377 10000 100 100000000000
4600000 184550145 184549633 10000 200 100000000000
4650000 184549889 184549377 10000 100 100000000000
4650000 184550145 184549633 10000 200 100000000000
4700000 184549889 184549377 10000 100 100000000000
4700000 184550145 184549633 10000 200 100000000000
4750000 184549889 184549377 10000 100 100000000000
4750000 184550145 184549633 10000 200 100000000000
4800000 184549889 184549377 10000 100 100000000000
4800000 184550145 184549633 10000 200 100000000000
4850000 184549889 184549377 10000 100 100000000000
4850000 184550145 184549633 10000 200 100000000000
4900000 184549889 184549377 10000 100 100000000000
4900000 184550145 184549633 10000 200 100000000000
4950000 184549889 184549377 10000 100 100000000000
4950000 184550145 184549633 10000 200 100000000000
5000000 184549889 184549377 10000 100 100000000000
5000000 184550145 184549633 10000 200 100000000000
5050000 184549889 184549377 10000 100 100000000000
5050000 184550145 184549633 10000 200 100000000000
5100000 184549889 184549377 10000 100 100000000000
5100000 184550145 184549633 10000 200 100000000000
5150000 184549889 184549377 10000 100 100000000000
5150000 184550145 184549633 10000 200 100000000000
5200000 184549889 184549377 10000 100 100000000000
5200000 184550145 184549633 10000 200 100000000000
5250000 184549889 184549377 10000 100 100000000000
5250000 184550145 184549633 10000 200 100000000000
5300000 184549889 184549377 10000 100 100000000000
5300000 184550145 184549633 10000 200 100000000000
5350000 184549889 184549377 10000 100 100000000000
5350000 184550145 184549633 10000 200 100000000000
5400000 184549889 184549377 10000 100 100000000000
5400000 184550145 184549633 10000 200 100000000000
5450000 184549889 184549377 10000 100 100000000000
5450000 184550145 184549633 10000 200 100000000000
5500000 184549889 184549377 10000 100 100000000000
5500000 184550145 184549633 10000 200 100000000000
5550000 184549889 184549377 10000 100 100000000000
5550000 184550145 184549633 10000 200 100000000000
5600000 184549889 184549377 10000 100 100000000000
5600000 184550145 184549633 10000 200 100000000000
5650000 184549889 184549377 10000 100 100000000000
5650000 184550145 184549633 10000 200 100000000000
5700000 184549889 184549377 10000 100 100000000000
5700000 184550145 184549633 10000 200 100000000000
5750000 184549889 184549377 10000 100 100000000000
5750000 184550145 184549633 10000 200 100000000000
5800000 184549889 184549377 10000 100 100000000000
5800000 184550145 184549633 10000 200 100000000000
5850000 184549889 184549377 10000 100 100000000000
5850000 184550145 184549633 10000 200 100000000000
5900000 184549889 184549377 10000 100 100000000000
5900000 184550145 184549633 10000 200 100000000000
5950000 184549889 184549377 10000 100 100000000000
5950000 184550145 184549633 10000 200 100000000000
6000000 184549889 184549377 10000 100 100000000000
6000000 184550145 184549633 10000 200 100000000000
6050000 184549889 184549377 10000 100 100000000000
6050000 184550145 184549633 10000 200 100000000000
6100000 184549889 184549377 10000 100 100000000000
6100000 184550145 184549633 10000 200 100000000000
6150000 184549889 184549377 10000 100 100000000000
6150000 184550145 184549633 10000 200 100000000000
6200000 184549889 184549377 10000 100 100000000000
6200000 184550145 184549633 10000 200 100000000000
6250000 184549889 184549377 10000 100 100000000000
6250000 184550145 184549633 10000 200 100000000000
6300000 184549889 184549377 10000 100 100000000000
6300000 184550145 184549633 10000 200 100000000000
6350000 184549889 184549377 10000 100 100000000000
6350000 184550145 184549633 10000 200 100000000000
6400000 184549889 184549377 10000 100 100000000000
6400000 184550145 184549633 10000 200 100000000000
6450000 184549889 184549377 10000 100 100000000000
6450000 184550145 184549633 10000 200 100000000000
6500000 184549889 184549377 10000 100 100000000000
6500000 184550145 184549633 10000 200 100000000000
6550000 184549889 184549377 10000 100 100000000000
6550000 184550145 184549633 10000 200 100000000000
6600000 184549889 184549377 10000 100 100000000000
6600000 184550145 184549633 10000 200 100000000000
6650000 184549889 184549377 10000 100 100000000000
6650000 184550145 184549633 10000 200 100000000000
6700000 184549889 184549377 10000 100 100000000000
6700000 184550145 184549633 10000 200 100000000000
6750000 184549889 184549377 10000 100 100000000000
6750000 184550145 184549633 10000 200 100000000000
6800000 184549889 184549377 10000 100 100000000000
6800000 184550145 184549633 10000 200 100000000000
6850000 184549889 184549377 10000 100 100000000000
6850000 184550145 184549633 10000 200 100000000000
6900000 184549889 184549377 10000 100 100000000000
6900000 184550145 184549633 10000 200 100000000000
6950000 184549889 184549377 10000 100 100000000000
6950000 184550145 184549633 10000 200 100000000000
7000000 184549889 184549377 10000 100 100000000000
7000000 184550145 184549633 10000 200 100000000000
7050000 184549889 184549377 10000 100 100000000000
7050000 184550145 184549633 10000 200 100000000000
7100000 184549889 184549377 10000 100 100000000000
7100000 184550145 184549633 10000 200 100000000000
7150000 184549889 184549377 10000 100 100000000000
7150000 184550145 184549633 10000 200 100000000000
7200000 184549889 184549377 10000 100 100000000000
7200000 184550145 184549633 10000 200 100000000000
7250000 184549889 184549377 10000 100 100000000000
7250000 184550145 184549633 10000 200 100000000000
7300000 184549889 184549377 10000 100 100000000000
7300000 184550145 184549633 10000 200 100000000000
7350000 184549889 184549377 10000 100 100000000000
7350000 184550145 184549633 10000 200 100000000000
7400000 184549889 184549377 10000 100 100000000000
7400000 184550145 184549633 10000 200 100000000000
7450000 184549889 184549377 10000 100 100000000000
7450000 184550145 184549633 10000 200 100000000000
7500000 184549889 184549377 10000 100 100000000000
7500000 184550145 184549633 10000 200 100000000000
7550000 184549889 184549377 10000 100 100000000000
7550000 184550145 184549633 10000 200 100000000000
7600000 184549889 184549377 10000 100 100000000000
7600000 184550145 184549633 10000 200 100000000000
7650000 184549889 184549377 10000 100 100000000000
7650000 184550145 184549633 10000 200 100000000000
7700000 184549889 184549377 10000 100 100000000000
7700000 184550145 184549633 10000 200 100000000000
7750000 184549889 184549377 10000 100 100000000000
7750000 184550145 184549633 10000 200 100000000000
7800000 184549889 184549377 10000 100 100000000000
7800000 184550145 184549633 10000 200 100000000000
7850000 184549889 184549377 10000 100 100000000000
7850000 184550145 184549633 10000 200 100000000000
7900000 184549889 184549377 10000 100 100000000000
7900000 184550145 184549633 10000 200 100000000000
7950000 184549889 184549377 10000 100 100000000000
7950000 184550145 184549633 10000 200 100000000000
8000000 184549889 184549377 10000 100 100000000000
8000000 184550145 184549633 10000 200 100000000000
8050000 184549889 184549377 10000 100 100000000000
8050000 184550145 184549633 10000 200 100000000000
8100000 184549889 184549377 10000 100 100000000000
8100000 184550145 184549633 10000 200 100000000000
8150000 184549889 184549377 10000 100 100000000000
8150000 184550145 184549633 10000 200 100000000000
8200000 184549889 184549377 10000 100 100000000000
8200000 184550145 184549633 10000 200 100000000000
8250000 184549889 184549377 10000 100 100000000000
8250000 184550145 184549633 10000 200 100000000000
8300000 184549889 184549377 10000 100 100000000000
8300000 184550145 184549633 10000 200 100000000000
8350000 184549889 184549377 10000 100 100000000000
8350000 184550145 184549633 10000 200 100000000000
8400000 184549889 184549377 10000 100 100000000000
8400000 184550145 184549633 10000 200 100000000000
8450000 184549889 184549377 10000 100 100000000000
8450000 184550145 184549633 10000 200 100000000000
8500000 184549889 184549377 10000 100 100000000000
8500000 184550145 184549633 10000 200 100000000000
8550000 184549889 184549377 10000 100 100000000000
8550000 184550145 184549633 10000 200 100000000000
8600000 184549889 184549377 10000 100 100000000000
8600000 184550145 184549633 10000 200 100000000000
8650000 184549889 184549377 10000 100 100000000000
8650000 184550145 184549633 10000 200 100000000000
8700000 184549889 184549377 10000 100 100000000000
8700000 184550145 184549633 10000 200 100000000000
8750000 184549889 184549377 10000 100 100000000000
8750000 184550145 184549633 10000 200 100000000000
8800000 184549889 184549377 10000 100 100000000000
8800000 184550145 184549633 10000 200 100000000000
8850000 184549889 184549377 10000 100 100000000000
8850000 184550145 184549633 10000 200 100000000000
8900000 184549889 184549377 10000 100 100000000000
8900000 184550145 184549633 10000 200 100000000000
8950000 184549889 184549377 10000 100 100000000000
8950000 184550145 184549633 10000 200 100000000000
9000000 184549889 184549377 10000 100 100000000000
9000000 184550145 184549633 10000 200 100000000000
9050000 184549889 184549377 10000 100 100000000000
9050000 184550145 184549633 10000 200 100000000000
9100000 184549889 184549377 10000 100 100000000000
9100000 184550145 184549633 10000 200 100000000000
9150000 184549889 184549377 10000 100 100000000000
9150000 184550145 184549633 10000 200 100000000000
9200000 184549889 184549377 10000 100 100000000000
9200000 184550145 184549633 10000 200 100000000000
9250000 184549889 184549377 10000 100 100000000000
9250000 184550145 184549633 10000 200 100000000000
9300000 184549889 184549377 10000 100 100000000000
9300000 184550145 184549633 10000 200 100000000000
9350000 184549889 184549377 10000 100 100000000000
9350000 184550145 184549633 10000 200 100000000000
9400000 184549889 184549377 10000 100 100000000000
9400000 184550145 184549633 10000 200 100000000000
9450000 184549889 184549377 10000 100 100000000000
9450000 184550145 184549633 10000 200 100000000000
9500000 184549889 184549377 10000 100 100000000000
9500000 184550145 184549633 10000 200 100000000000
9550000 184549889 184549377 10000 100 100000000000
9550000 184550145 184549633 10000 200 100000000000
9600000 184549889 184549377 10000 100 100000000000
9600000 184550145 184549633 10000 200 100000000000
9650000 184549889 184549377 10000 100 100000000000
9650000 184550145 184549633 10000 200 100000000000
9700000 184549889 184549377 10000 100 100000000000
9700000 184550145 184549633 10000 200 100000000000
9750000 184549889 184549377 10000 100 100000000000
9750000 184550145 184549633 10000 200 100000000000
9800000 184549889 184549377 10000 100 100000000000
9800000 184550145 184549633 10000 200 100000000000
9850000 184549889 184549377 10000 100 100000000000
9850000 184550145 184549633 10000 200 100000000000
9900000 184549889 184549377 10000 100 100000000000
9900000 184550145 184549633 10000 200 100000000000
9950000 184549889 184549377 10000 100 100000000000
9950000 184550145 184549633 10000 200 100000000000
10000000 184549889 184549377 10000 100 100000000000
10000000 184550145 184549633 10000 200 100000000000
10050000 184549889 184549377 10000 100 100000000000
10050000 184550145 184549633 10000 200 100000000000
10100000 184549889 184549377 10000 100 100000000000
10100000 184550145 184549633 10000 200 100000000000
10150000 184549889 184549377 10000 100 100000000000
10150000 184550145 184549633 10000 200 100000000000
10200000 184549889 184549377 10000 100 100000000000
10200000 184550145 184549633 10000 200 100000000000
10250000 184549889 184549377 10000 100 100000000000
10250000 184550145 184549633 10000 200 100000000000
10300000 184549889 184549377 10000 100 100000000000
10300000 184550145 184549633 10000 200 100000000000
10350000 184549889 184549377 10000 100 100000000000
10350000 184550145 184549633 10000 200 100000000000
10400000 184549889 184549377 10000 100 100000000000
10400000 184550145 184549633 10000 200 100000000000
10450000 184549889 184549377 10000 100 100000000000
10450000 184550145 184549633 10000 200 100000000000
10500000 184549889 184549377 10000 100 100000000000
10500000 184550145 184549633 10000 200 100000000000
10550000 184549889 184549377 10000 100 100000000000
10550000 184550145 184549633 10000 200 100000000000
10600000 184549889 184549377 10000 100 100000000000
10600000 184550145 184549633 10000 200 100000000000
10650000 184549889 184549377 10000 100 100000000000
10650000 184550145 184549633 10000 200 100000000000
10700000 184549889 184549377 10000 100 100000000000
10700000 184550145 184549633 10000 200 100000000000
10750000 184549889 184549377 10000 100 100000000000
10750000 184550145 184549633 10000 200 100000000000
10800000 184549889 184549377 10000 100 100000000000
10800000 184550145 184549633 10000 200 100000000000
10850000 184549889 184549377 10000 100 100000000000
10850000 184550145 184549633 10000 200 100000000000
10900000 184549889 184549377 10000 100 100000000000
10900000 184550145 184549633 10000 200 100000000000
10950000 184549889 184549377 10000 100 100000000000
10950000 184550145 184549633 10000 200 100000000000
11000000 184549889 184549377 10000 100 100000000000
11000000 184550145 184549633 10000 200 100000000000
11050000 184549889 184549377 10000 100 100000000000
11050000 184550145 184549633 10000 200 100000000000
11100000 184549889 184549377 10000 100 100000000000
11100000 184550145 184549633 10000 200 100000000000
11150000 184549889 184549377 10000 100 100000000000
11150000 184550145 184549633 10000 200 100000000000
11200000 184549889 184549377 10000 100 100000000000
11200000 184550145 184549633 10000 200 100000000000
11250000 184549889 184549377 10000 100 100000000000
11250000 184550145 184549633 10000 200 100000000000
11300000 184549889 184549377 10000 100 100000000000
11300000 184550145 184549633 10000 200 100000000000
11350000 184549889 184549377 10000 100 100000000000
11350000 184550145 184549633 10000 200 100000000000
11400000 184549889 184549377 10000 100 100000000000
11400000 184550145 184549633 10000 200 100000000000
11450000 184549889 184549377 10000 100 100000000000
11450000 184550145 184549633 10000 200 100000000000
11500000 184549889 184549377 10000 100 100000000000
11500000 184550145 184549633 10000 200 100000000000
11550000 184549889 184549377 10000 100 100000000000
11550000 184550145 184549633 10000 200 100000000000
11600000 184549889 184549377 10000 100 100000000000
11600000 184550145 184549633 10000 200 100000000000
11650000 184549889 184549377 10000 100 100000000000
11650000 184550145 184549633 10000 200 100000000000
11700000 184549889 184549377 10000 100 100000000000
11700000 184550145 184549633 10000 200 100000000000
11750000 184549889 184549377 10000 100 100000000000
11750000 184550145 184549633 10000 200 100000000000
11800000 184549889 184549377 10000 100 100000000000
11800000 184550145 184549633 10000 200 100000000000
11850000 184549889 184549377 10000 100 100000000000
11850000 184550145 184549633 10000 200 100000000000
11900000 184549889 184549377 10000 100 100000000000
11900000 184550145 184549633 10000 200 100000000000
11950000 184549889 184549377 10000 100 100000000000
11950000 184550145 184549633 10000 200 100000000000
12000000 184549889 184549377 10000 100 100000000000
12000000 184550145 184549633 10000 200 100000000000
12050000 184549889 184549377 10000 100 100000000000
12050000 184550145 184549633 10000 200 100000000000
12100000 184549889 184549377 10000 100 100000000000
12100000 184550145 184549633 10000 200 100000000000
12150000 184549889 184549377 10000 100 100000000000
12150000 184550145 184549633 10000 200 100000000000
12200000 184549889 184549377 10000 100 100000000000
12200000 184550145 184549633 10000 200 100000000000
12250000 184549889 184549377 10000 100 100000000000
12250000 184550145 184549633 10000 200 100000000000
12300000 184549889 184549377 10000 100 100000000000
12300000 184550145 184549633 10000 200 100000000000
12350000 184549889 184549377 10000 100 100000000000
12350000 184550145 184549633 10000 200 100000000000
12400000 184549889 184549377 10000 100 100000000000
12400000 184550145 184549633 10000 200 100000000000
12450000 184549889 184549377 10000 100 100000000000
12450000 184550145 184549633 10000 200 100000000000
12500000 184549889 184549377 10000 100 100000000000
12500000 184550145 184549633 10000 200 100000000000
12550000 184549889 184549377 10000 100 100000000000
12550000 184550145 184549633 10000 200 100000000000
12600000 184549889 184549377 10000 100 100000000000
12600000 184550145 184549633 10000 200 100000000000
12650000 184549889 184549377 10000 100 100000000000
12650000 184550145 184549633 10000 200 100000000000
12700000 184549889 184549377 10000 100 100000000000
12700000 184550145 184549633 10000 200 100000000000
12750000 184549889 184549377 10000 100 100000000000
12750000 184550145 184549633 10000 200 100000000000
12800000 184549889 184549377 10000 100 100000000000
12800000 184550145 184549633 10000 200 100000000000
12850000 184549889 184549377 10000 100 100000000000
12850000 184550145 184549633 10000 200 100000000000
12900000 184549889 184549377 10000 100 100000000000
12900000 184550145 184549633 10000 200 100000000000
12950000 184549889 184549377 10000 100 100000000000
12950000 184550145 184549633 10000 200 100000000000
13000000 184549889 184549377 10000 100 100000000000
13000000 184550145 184549633 10000 200 100000000000
13050000 184549889 184549377 10000 100 100000000000
13050000 184550145 184549633 10000 200 100000000000
13100000 184549889 184549377 10000 100 100000000000
13100000 184550145 184549633 10000 200 100000000000
13150000 184549889 184549377 10000 100 100000000000
13150000 184550145 184549633 10000 200 100000000000
13200000 184549889 184549377 10000 100 100000000000
13200000 184550145 184549633 10000 200 100000000000
13250000 184549889 184549377 10000 100 100000000000
13250000 184550145 184549633 10000 200 100000000000
13300000 184549889 184549377 10000 100 100000000000
13300000 184550145 184549633 10000 200 100000000000
13350000 184549889 184549377 10000 100 100000000000
13350000 184550145 184549633 10000 200 100000000000
13400000 184549889 184549377 10000 100 100000000000
13400000 184550145 184549633 10000 200 100000000000
13450000 184549889 184549377 10000 100 100000000000
13450000 184550145 184549633 10000 200 100000000000
13500000 184549889 184549377 10000 100 100000000000
13500000 184550145 184549633 10000 200 100000000000
13550000 184549889 184549377 10000 100 100000000000
13550000 184550145 184549633 10000 200 100000000000
13600000 184549889 184549377 10000 100 100000000000
13600000 184550145 184549633 10000 200 100000000000
13650000 184549889 184549377 10000 100 100000000000
13650000 184550145 184549633 10000 200 100000000000
13700000 184549889 184549377 10000 100 100000000000
13700000 184550145 184549633 10000 200 100000000000
13750000 184549889 184549377 10000 100 100000000000
13750000 184550145 184549633 10000 200 100000000000
13800000 184549889 184549377 10000 100 100000000000
13800000 184550145 184549633 10000 200 100000000000
13850000 184549889 184549377 10000 100 100000000000
13850000 184550145 184549633 10000 200 100000000000
13900000 184549889 184549377 10000 100 100000000000
13900000 184550145 184549633 10000 200 100000000000
13950000 184549889 184549377 10000 100 100000000000
13950000 184550145 184549633 10000 200 100000000000
14000000 184549889 184549377 10000 100 100000000000
14000000 184550145 184549633 10000 200 100000000000
14050000 184549889 184549377 10000 100 100000000000
14050000 184550145 184549633 10000 200 100000000000
14100000 184549889 184549377 10000 100 100000000000
14100000 184550145 184549633 10000 200 100000000000
14150000 184549889 184549377 10000 100 100000000000
14150000 184550145 184549633 10000 200 100000000000
14200000 184549889 184549377 10000 100 100000000000
14200000 184550145 184549633 10000 200 100000000000
14250000 184549889 184549377 10000 100 100000000000
14250000 184550145 184549633 10000 200 100000000000
14300000 184549889 184549377 10000 100 100000000000
14300000 184550145 184549633 10000 200 100000000000
14350000 184549889 184549377 10000 100 100000000000
14350000 184550145 184549633 10000 200 100000000000
14400000 184549889 184549377 10000 100 100000000000
14400000 184550145 184549633 10000 200 100000000000
14450000 184549889 184549377 10000 100 100000000000
14450000 184550145 184549633 10000 200 100000000000
14500000 184549889 184549377 10000 100 100000000000
14500000 184550145 184549633 10000 200 100000000000
14550000 184549889 184549377 10000 100 100000000000
14550000 184550145 184549633 10000 200 100000000000
14600000 184549889 184549377 10000 100 100000000000
14600000 184550145 184549633 10000 200 100000000000
14650000 184549889 184549377 10000 100 100000000000
14650000 184550145 184549633 10000 200 100000000000
14700000 184549889 184549377 10000 100 100000000000
14700000 184550145 184549633 10000 200 100000000000
14750000 184549889 184549377 10000 100 100000000000
14750000 184550145 184549633 10000 200 100000000000
14800000 184549889 184549377 10000 100 100000000000
14800000 184550145 184549633 10000 200 100000000000
14850000 184549889 184549377 10000 100 100000000000
14850000 184550145 184549633 10000 200 100000000000
14900000 184549889 184549377 10000 100 100000000000
14900000 184550145 184549633 10000 200 100000000000
14950000 184549889 184549377 10000 100 100000000000
14950000 184550145 184549633 10000 200 100000000000
15000000 184549889 184549377 10000 100 100000000000
15000000 184550145 184549633 10000 200 100000000000
15050000 184549889 184549377 10000 100 100000000000
15050000 184550145 184549633 10000 200 100000000000
15100000 184549889 184549377 10000 100 100000000000
15100000 184550145 184549633 10000 200 100000000000
15150000 184549889 184549377 10000 100 100000000000
15150000 184550145 184549633 10000 200 100000000000
15200000 184549889 184549377 10000 100 100000000000
15200000 184550145 184549633 10000 200 100000000000
15250000 184549889 184549377 10000 100 100000000000
15250000 184550145 184549633 10000 200 100000000000
15300000 184549889 184549377 10000 100 100000000000
15300000 184550145 184549633 10000 200 100000000000
15350000 184549889 184549377 10000 100 100000000000
15350000 184550145 184549633 10000 200 100000000000
15400000 184549889 184549377 10000 100 100000000000
15400000 184550145 184549633 10000 200 100000000000
15450000 184549889 184549377 10000 100 100000000000
15450000 184550145 184549633 10000 200 100000000000
15500000 184549889 184549377 10000 100 100000000000
15500000 184550145 184549633 10000 200 100000000000
15550000 184549889 184549377 10000 100 100000000000
15550000 184550145 184549633 10000 200 100000000000
15600000 184549889 184549377 10000 100 100000000000
15600000 184550145 184549633 10000 200 100000000000
15650000 184549889 184549377 10000 100 100000000000
15650000 184550145 184549633 10000 200 100000000000
15700000 184549889 184549377 10000 100 100000000000
15700000 184550145 184549633 10000 200 100000000000
15750000 184549889 184549377 10000 100 100000000000
15750000 184550145 184549633 10000 200 100000000000
15800000 184549889 184549377 10000 100 100000000000
15800000 184550145 184549633 10000 200 100000000000
15850000 184549889 184549377 10000 100 100000000000
15850000 184550145 184549633 10000 200 100000000000
15900000 184549889 184549377 10000 100 100000000000
15900000 184550145 184549633 10000 200 100000000000
15950000 184549889 184549377 10000 100 100000000000
15950000 184550145 184549633 10000 200 100000000000
16000000 184549889 184549377 10000 100 100000000000
16000000 184550145 184549633 10000 200 100000000000
16050000 184549889 184549377 10000 100 100000000000
16050000 184550145 184549633 10000 200 100000000000
16100000 184549889 184549377 10000 100 100000000000
16100000 184550145 184549633 10000 200 100000000000
16150000 184549889 184549377 10000 100 100000000000
16150000 184550145 184549633 10000 200 100000000000
16200000 184549889 184549377 10000 100 100000000000
16200000 184550145 184549633 10000 200 100000000000
16250000 184549889 184549377 10000 100 100000000000
16250000 184550145 184549633 10000 200 100000000000
16300000 184549889 184549377 10000 100 100000000000
16300000 184550145 184549633 10000 200 100000000000
16350000 184549889 184549377 10000 100 100000000000
16350000 184550145 184549633 10000 200 100000000000
16400000 184549889 184549377 10000 100 100000000000
16400000 184550145 184549633 10000 200 100000000000
16450000 184549889 184549377 10000 100 100000000000
16450000 184550145 184549633 10000 200 100000000000
16500000 184549889 184549377 10000 100 100000000000
16500000 184550145 184549633 10000 200 100000000000
16550000 184549889 184549377 10000 100 100000000000
16550000 184550145 184549633 10000 200 100000000000
16600000 184549889 184549377 10000 100 100000000000
16600000 184550145 184549633 10000 200 100000000000
16650000 184549889 184549377 10000 100 100000000000
16650000 184550145 184549633 10000 200 100000000000
16700000 184549889 184549377 10000 100 100000000000
16700000 184550145 184549633 10000 200 100000000000
16750000 184549889 184549377 10000 100 100000000000
16750000 184550145 184549633 10000 200 100000000000
16800000 184549889 184549377 10000 100 100000000000
16800000 184550145 184549633 10000 200 100000000000
16850000 184549889 184549377 10000 100 100000000000
16850000 184550145 184549633 10000 200 100000000000
16900000 184549889 184549377 10000 100 100000000000
16900000 184550145 184549633 10000 200 100000000000
16950000 184549889 184549377 10000 100 100000000000
16950000 184550145 184549633 10000 200 100000000000
17000000 184549889 184549377 10000 100 100000000000
17000000 184550145 184549633 10000 200 100000000000
17050000 184549889 184549377 10000 100 100000000000
17050000 184550145 184549633 10000 200 100000000000
17100000 184549889 184549377 10000 100 100000000000
17100000 184550145 184549633 10000 200 100000000000
17150000 184549889 184549377 10000 100 100000000000
17150000 184550145 184549633 10000 200 100000000000
17200000 184549889 184549377 10000 100 100000000000
17200000 184550145 184549633 10000 200 100000000000
17250000 184549889 184549377 10000 100 100000000000
17250000 184550145 184549633 10000 200 100000000000
17300000 184549889 184549377 10000 100 100000000000
17300000 184550145 184549633 10000 200 100000000000
17350000 184549889 184549377 10000 100 100000000000
17350000 184550145 184549633 10000 200 100000000000
17400000 184549889 184549377 10000 100 100000000000
17400000 184550145 184549633 10000 200 100000000000
17450000 184549889 184549377 10000 100 100000000000
17450000 184550145 184549633 10000 200 100000000000
17500000 184549889 184549377 10000 100 100000000000
17500000 184550145 184549633 10000 200 100000000000
17550000 184549889 184549377 10000 100 100000000000
17550000 184550145 184549633 10000 200 100000000000
17600000 184549889 184549377 10000 100 100000000000
17600000 184550145 184549633 10000 200 100000000000
17650000 184549889 184549377 10000 100 100000000000
17650000 184550145 184549633 10000 200 100000000000
17700000 184549889 184549377 10000 100 100000000000
17700000 184550145 184549633 10000 200 100000000000
17750000 184549889 184549377 10000 100 100000000000
17750000 184550145 184549633 10000 200 100000000000
17800000 184549889 184549377 10000 100 100000000000
17800000 184550145 184549633 10000 200 100000000000
17850000 184549889 184549377 10000 100 100000000000
17850000 184550145 184549633 10000 200 100000000000
17900000 184549889 184549377 10000 100 100000000000
17900000 184550145 184549633 10000 200 100000000000
17950000 184549889 184549377 10000 100 100000000000
17950000 184550145 184549633 10000 200 100000000000
18000000 184549889 184549377 10000 100 100000000000
18000000 184550145 184549633 10000 200 100000000000
18050000 184549889 184549377 10000 100 100000000000
18050000 184550145 184549633 10000 200 100000000000
18100000 184549889 184549377 10000 100 100000000000
18100000 184550145 184549633 10000 200 100000000000
18150000 184549889 184549377 10000 100 100000000000
18150000 184550145 184549633 10000 200 100000000000
18200000 184549889 184549377 10000 100 100000000000
18200000 184550145 184549633 10000 200 100000000000
18250000 184549889 184549377 10000 100 100000000000
18250000 184550145 184549633 10000 200 100000000000
18300000 184549889 184549377 10000 100 100000000000
18300000 184550145 184549633 10000 200 100000000000
18350000 184549889 184549377 10000 100 100000000000
18350000 184550145 184549633 10000 200 100000000000
18400000 184549889 184549377 10000 100 100000000000
18400000 184550145 184549633 10000 200 100000000000
18450000 184549889 184549377 10000 100 100000000000
18450000 184550145 184549633 10000 200 100000000000
18500000 184549889 184549377 10000 100 100000000000
18500000 184550145 184549633 10000 200 100000000000
18550000 184549889 184549377 10000 100 100000000000
18550000 184550145 184549633 10000 200 100000000000
18600000 184549889 184549377 10000 100 100000000000
18600000 184550145 184549633 10000 200 100000000000
18650000 184549889 184549377 10000 100 100000000000
18650000 184550145 184549633 10000 200 100000000000
18700000 184549889 184549377 10000 100 100000000000
18700000 184550145 184549633 10000 200 100000000000
18750000 184549889 184549377 10000 100 100000000000
18750000 184550145 184549633 10000 200 100000000000
18800000 184549889 184549377 10000 100 100000000000
18800000 184550145 184549633 10000 200 100000000000
18850000 184549889 184549377 10000 100 100000000000
18850000 184550145 184549633 10000 200 100000000000
18900000 184549889 184549377 10000 100 100000000000
18900000 184550145 184549633 10000 200 100000000000
18950000 184549889 184549377 10000 100 100000000000
18950000 184550145 184549633 10000 200 100000000000
19000000 184549889 184549377 10000 100 100000000000
19000000 184550145 184549633 10000 200 100000000000
19050000 184549889 184549377 10000 100 100000000000
19050000 184550145 184549633 10000 200 100000000000
19100000 184549889 184549377 10000 100 100000000000
19100000 184550145 184549633 10000 200 100000000000
19150000 184549889 184549377 10000 100 100000000000
19150000 184550145 184549633 10000 200 100000000000
19200000 184549889 184549377 10000 100 100000000000
19200000 184550145 184549633 10000 200 100000000000
19250000 184549889 184549377 10000 100 100000000000
19250000 184550145 184549633 10000 200 100000000000
19300000 184549889 184549377 10000 100 100000000000
19300000 184550145 184549633 10000 200 100000000000
19350000 184549889 184549377 10000 100 100000000000
19350000 184550145 184549633 10000 200 100000000000
19400000 184549889 184549377 10000 100 100000000000
19400000 184550145 184549633 10000 200 100000000000
19450000 184549889 184549377 10000 100 100000000000
19450000 184550145 184549633 10000 200 100000000000
19500000 184549889 184549377 10000 100 100000000000
19500000 184550145 184549633 10000 200 100000000000
19550000 184549889 184549377 10000 100 100000000000
19550000 184550145 184549633 10000 200 100000000000
19600000 184549889 184549377 10000 100 100000000000
19600000 184550145 184549633 10000 200 100000000000
19650000 184549889 184549377 10000 100 100000000000
19650000 184550145 184549633 10000 200 100000000000
19700000 184549889 184549377 10000 100 100000000000
19700000 184550145 184549633 10000 200 100000000000
19750000 184549889 184549377 10000 100 100000000000
19750000 184550145 184549633 10000 200 100000000000
19800000 184549889 184549377 10000 100 100000000000
19800000 184550145 184549633 10000 200 100000000000
19850000 184549889 184549377 10000 100 100000000000
19850000 184550145 184549633 10000 200 100000000000
19900000 184549889 184549377 10000 100 100000000000
19900000 184550145 184549633 10000 200 100000000000
19950000 184549889 184549377 10000 100 100000000000
19950000 184550145 184549633 10000 200 100000000000
20000000 184549889 184549377 10000 100 100000000000
20000000 184550145 184549633 10000 200 100000000000
20050000 184549889 184549377 10000 100 100000000000
20050000 184550145 184549633 10000 200 100000000000
20050000 184550401 184549633 10000 1000 100000000000
20050000 184550657 184549633 10000 1100 100000000000
20050000 184550913 184549633 10000 1200 100000000000
20050000 184551169 184549633 10000 1300 100000000000
20050000 184551425 184549633 10000 1400 100000000000
20050000 184551681 184549633 10000 1500 100000000000
20050000 184551937 184549633 10000 1600 100000000000
20050000 184552193 184549633 10000 1700 100000000000
20050000 184552449 184549633 10000 1800 100000000000
20050000 184552705 184549633 10000 1900 100000000000
20050000 184552961 184549633 10000 2000 100000000000
20050000 184553217 184549633 10000 2100 100000000000
20050000 184553473 184549633 10000 2200 100000000000
20050000 184553729 184549633 10000 2300 100000000000
20050000 184553985 184549633 10000 2400 100000000000
20050000 184554241 184549633 10000 2500 100000000000
20050000 184554497 184549633 10000 2600 100000000000
20050000 184554753 184549633 10000 2700 100000000000
20050000 184555009 184549633 10000 2800 100000000000
20050000 184555265 184549633 10000 2900 100000000000
20100000 184549889 184549377 10000 100 100000000000
20100000 184550145 184549633 10000 200 100000000000
20100000 184550401 184549633 10000 1000 100000000000
20100000 184550657 184549633 10000 1100 100000000000
20100000 184550913 184549633 10000 1200 100000000000
20100000 184551169 184549633 10000 1300 100000000000
20100000 184551425 184549633 10000 1400 100000000000
20100000 184551681 184549633 10000 1500 100000000000
20100000 184551937 184549633 10000 1600 100000000000
20100000 184552193 184549633 10000 1700 100000000000
20100000 184552449 184549633 10000 1800 100000000000
20100000 184552705 184549633 10000 1900 100000000000
20100000 184552961 184549633 10000 2000 100000000000
20100000 184553217 184549633 10000 2100 100000000000
20100000 184553473 184549633 10000 2200 100000000000
20100000 184553729 184549633 10000 2300 100000000000
20100000 184553985 184549633 10000 2400 100000000000
20100000 184554241 184549633 10000 2500 100000000000
20100000 184554497 184549633 10000 2600 100000000000
20100000 184554753 184549633 10000 2700 100000000000
20100000 184555009 184549633 10000 2800 100000000000
20100000 184555265 184549633 10000 2900 100000000000
20150000 184549889 184549377 10000 100 100000000000
20150000 184550145 184549633 10000 200 100000000000
20150000 184550401 184549633 10000 1000 100000000000
20150000 184550657 184549633 10000 1100 100000000000
20150000 184550913 184549633 10000 1200 100000000000
20150000 184551169 184549633 10000 1300 100000000000
20150000 184551425 184549633 10000 1400 100000000000
20150000 184551681 184549633 10000 1500 100000000000
20150000 184551937 184549633 10000 1600 100000000000
20150000 184552193 184549633 10000 1700 100000000000
20150000 184552449 184549633 10000 1800 100000000000
20150000 184552705 184549633 10000 1900 100000000000
20150000 184552961 184549633 10000 2000 100000000000
20150000 184553217 184549633 10000 2100 100000000000
20150000 184553473 184549633 10000 2200 100000000000
20150000 184553729 184549633 10000 2300 100000000000
20150000 184553985 184549633 10000 2400 100000000000
20150000 184554241 184549633 10000 2500 100000000000
20150000 184554497 184549633 10000 2600 100000000000
20150000 184554753 184549633 10000 2700 100000000000
20150000 184555009 184549633 10000 2800 100000000000
20150000 184555265 184549633 10000 2900 100000000000
20200000 184549889 184549377 10000 100 26527006197
20200000 184550145 184549633 10000 200 28118771709
20250000 184549889 184549377 10000 100 26927006197
20250000 184550145 184549633 10000 200 28518771709
20300000 184549889 184549377 10000 100 27527006197
20300000 184550145 184549633 10000 200 29018771709
20350000 184549889 184549377 10000 100 28127006197
20350000 184550145 184549633 10000 200 29618771709
20400000 184549889 184549377 10000 100 28727006197
20400000 184550145 184549633 10000 200 30218771709
20450000 184549889 184549377 10000 100 29327006197
20450000 184550145 184549633 10000 200 30818771709
20500000 184549889 184549377 10000 100 29827006197
20500000 184550145 184549633 10000 200 31418771709
20550000 184549889 184549377 10000 100 30027006197
20550000 184550145 184549633 10000 200 31818771709
20550000 184550401 184549633 10001 1001 100000000000
20550000 184550657 184549633 10001 1101 100000000000
20550000 184550913 184549633 10001 1201 100000000000
20550000 184551169 184549633 10001 1301 100000000000
20550000 184551425 184549633 10001 1401 100000000000
20550000 184551681 184549633 10001 1501 100000000000
20550000 184551937 184549633 10001 1601 100000000000
20550000 184552193 184549633 10001 1701 100000000000
20550000 184552449 184549633 10001 1801 100000000000
20550000 184552705 184549633 10001 1901 100000000000
20550000 184552961 184549633 10001 2001 100000000000
20550000 184553217 184549633 10001 2101 100000000000
20550000 184553473 184549633 10001 2201 100000000000
20550000 184553729 184549633 10001 2301 100000000000
20550000 184553985 184549633 10001 2401 100000000000
20550000 184554241 184549633 10001 2501 100000000000
20550000 184554497 184549633 10001 2601 100000000000
20550000 184554753 184549633 10001 2701 100000000000
20550000 184555009 184549633 10001 2801 100000000000
20550000 184555265 184549633 10001 2901 100000000000
20600000 184549889 184549377 10000 100 30027006197
20600000 184550145 184549633 10000 200 32018771709
20600000 184550401 184549633 10001 1001 100000000000
20600000 184550657 184549633 10001 1101 100000000000
20600000 184550913 184549633 10001 1201 100000000000
20600000 184551169 184549633 10001 1301 100000000000
20600000 184551425 184549633 10001 1401 100000000000
20600000 184551681 184549633 10001 1501 100000000000
20600000 184551937 184549633 10001 1601 100000000000
20600000 184552193 184549633 10001 1701 100000000000
20600000 184552449 184549633 10001 1801 100000000000
20600000 184552705 184549633 10001 1901 100000000000
20600000 184552961 184549633 10001 2001 100000000000
20600000 184553217 184549633 10001 2101 100000000000
20600000 184553473 184549633 10001 2201 100000000000
20600000 184553729 184549633 10001 2301 100000000000
20600000 184553985 184549633 10001 2401 100000000000
20600000 184554241 184549633 10001 2501 100000000000
20600000 184554497 184549633 10001 2601 100000000000
20600000 184554753 184549633 10001 2701 100000000000
20600000 184555009 184549633 10001 2801 100000000000
20600000 184555265 184549633 10001 2901 100000000000
20650000 184549889 184549377 10000 100 15221693829
20650000 184550145 184549633 10000 200 32218771709
20700000 184549889 184549377 10000 100 15571693829
20700000 184550145 184549633 10000 200 32818771709
20750000 184549889 184549377 10000 100 16171693829
20750000 184550145 184549633 10000 200 33418771709
20800000 184549889 184549377 10000 100 16671693829
20800000 184550145 184549633 10000 200 34018771709
20850000 184549889 184549377 10000 100 17271693829
20850000 184550145 184549633 10000 200 34618771709
20900000 184549889 184549377 10000 100 17871693829
20900000 184550145 184549633 10000 200 35218771709
20950000 184549889 184549377 10000 100 18471693829
20950000 184550145 184549633 10000 200 35818771709
21000000 184549889 184549377 10000 100 19071693829
21000000 184550145 184549633 10000 200 36418771709
21050000 184549889 184549377 10000 100 19171693829
21050000 184550145 184549633 10000 200 36718771709
21050000 184550401 184549633 10002 1002 100000000000
21050000 184550657 184549633 10002 1102 100000000000
21050000 184550913 184549633 10002 1202 100000000000
21050000 184551169 184549633 10002 1302 100000000000
21050000 184551425 184549633 10002 1402 100000000000
21050000 184551681 184549633 10002 1502 100000000000
21050000 184551937 184549633 10002 1602 100000000000
21050000 184552193 184549633 10002 1702 100000000000
21050000 184552449 184549633 10002 1802 100000000000
21050000 184552705 184549633 10002 1902 100000000000
21050000 184552961 184549633 10002 2002 100000000000
21050000 184553217 184549633 10002 2102 100000000000
21050000 184553473 184549633 10002 2202 100000000000
21050000 184553729 184549633 10002 2302 100000000000
21050000 184553985 184549633 10002 2402 100000000000
21050000 184554241 184549633 10002 2502 100000000000
21050000 184554497 184549633 10002 2602 100000000000
21050000 184554753 184549633 10002 2702 100000000000
21050000 184555009 184549633 10002 2802 100000000000
21050000 184555265 184549633 10002 2902 100000000000
21100000 184549889 184549377 10000 100 19171693829
21100000 184550145 184549633 10000 200 36918771709
21100000 184550401 184549633 10002 1002 100000000000
21100000 184550657 184549633 10002 1102 100000000000
21100000 184550913 184549633 10002 1202 100000000000
21100000 184551169 184549633 10002 1302 100000000000
21100000 184551425 184549633 10002 1402 100000000000
21100000 184551681 184549633 10002 1502 100000000000
21100000 184551937 184549633 10002 1602 100000000000
21100000 184552193 184549633 10002 1702 100000000000
21100000 184552449 184549633 10002 1802 100000000000
21100000 184552705 184549633 10002 1902 100000000000
21100000 184552961 184549633 10002 2002 100000000000
21100000 184553217 184549633 10002 2102 100000000000
21100000 184553473 184549633 10002 2202 100000000000
21100000 184553729 184549633 10002 2302 100000000000
21100000 184553985 184549633 10002 2402 100000000000
21100000 184554241 184549633 10002 2502 100000000000
21100000 184554497 184549633 10002 2602 100000000000
21100000 184554753 184549633 10002 2702 100000000000
21100000 184555009 184549633 10002 2802 100000000000
21100000 184555265 184549633 10002 2902 100000000000
21150000 184549889 184549377 10000 100 8249266174
21150000 184550145 184549633 10000 200 37218771709
21200000 184549889 184549377 10000 100 8599266174
21200000 184550145 184549633 10000 200 37718771709
21250000 184549889 184549377 10000 100 9099266174
21250000 184550145 184549633 10000 200 38318771709
21300000 184549889 184549377 10000 100 9699266174
21300000 184550145 184549633 10000 200 38918771709
21350000 184549889 184549377 10000 100 10299266174
21350000 184550145 184549633 10000 200 39518771709
21400000 184549889 184549377 10000 100 10799266174
21400000 184550145 184549633 10000 200 40118771709
21450000 184549889 184549377 10000 100 11399266174
21450000 184550145 184549633 10000 200 40718771709
21500000 184549889 184549377 10000 100 11999266174
21500000 184550145 184549633 10000 200 41318771709
21500000 184550401 184549633 10003 1003 100000000000
21500000 184550657 184549633 10003 1103 100000000000
21500000 184550913 184549633 10003 1203 100000000000
21500000 184551169 184549633 10003 1303 100000000000
21500000 184551425 184549633 10003 1403 100000000000
21500000 184551681 184549633 10003 1503 100000000000
21500000 184551937 184549633 10003 1603 100000000000
21500000 184552193 184549633 10003 1703 100000000000
21500000 184552449 184549633 10003 1803 100000000000
21500000 184552705 184549633 10003 1903 100000000000
21500000 184552961 184549633 10003 2003 100000000000
21500000 184553217 184549633 10003 2103 100000000000
21500000 184553473 184549633 10003 2203 100000000000
21500000 184553729 184549633 10003 2303 100000000000
21500000 184553985 184549633 10003 2403 100000000000
21500000 184554241 184549633 10003 2503 100000000000
21500000 184554497 184549633 10003 2603 100000000000
21500000 184554753 184549633 10003 2703 100000000000
21500000 184555009 184549633 10003 2803 100000000000
21500000 184555265 184549633 10003 2903 100000000000
21550000 184549889 184549377 10000 100 12099266174
21550000 184550145 184549633 10000 200 41718771709
21550000 184550401 184549633 10003 1003 100000000000
21550000 184550657 184549633 10003 1103 100000000000
21550000 184550913 184549633 10003 1203 100000000000
21550000 184551169 184549633 10003 1303 100000000000
21550000 184551425 184549633 10003 1403 100000000000
21550000 184551681 184549633 10003 1503 100000000000
21550000 184551937 184549633 10003 1603 100000000000
21550000 184552193 184549633 10003 1703 100000000000
21550000 184552449 184549633 10003 1803 100000000000
21550000 184552705 184549633 10003 1903 100000000000
21550000 184552961 184549633 10003 2003 100000000000
21550000 184553217 184549633 10003 2103 100000000000
21550000 184553473 184549633 10003 2203 100000000000
21550000 184553729 184549633 10003 2303 100000000000
21550000 184553985 184549633 10003 2403 100000000000
21550000 184554241 184549633 10003 2503 100000000000
21550000 184554497 184549633 10003 2603 100000000000
21550000 184554753 184549633 10003 2703 100000000000
21550000 184555009 184549633 10003 2803 100000000000
21550000 184555265 184549633 10003 2903 100000000000
21600000 184549889 184549377 10000 100 12099266174
21600000 184550145 184549633 10000 200 41918771709
21600000 184550401 184549633 10003 1003 100000000000
21600000 184550657 184549633 10003 1103 100000000000
21600000 184550913 184549633 10003 1203 100000000000
21600000 184551169 184549633 10003 1303 100000000000
21600000 184551425 184549633 10003 1403 100000000000
21600000 184551681 184549633 10003 1503 100000000000
21600000 184551937 184549633 10003 1603 100000000000
21600000 184552193 184549633 10003 1703 100000000000
21600000 184552449 184549633 10003 1803 100000000000
21600000 184552705 184549633 10003 1903 100000000000
21600000 184552961 184549633 10003 2003 100000000000
21600000 184553217 184549633 10003 2103 100000000000
21600000 184553473 184549633 10003 2203 100000000000
21600000 184553729 184549633 10003 2303 100000000000
21600000 184553985 184549633 10003 2403 100000000000
21600000 184554241 184549633 10003 2503 100000000000
21600000 184554497 184549633 10003 2603 100000000000
21600000 184554753 184549633 10003 2703 100000000000
21600000 184555009 184549633 10003 2803 100000000000
21600000 184555265 184549633 10003 2903 100000000000
21650000 184549889 184549377 10000 100 5951688616
21650000 184550145 184549633 10000 200 42018771709
21700000 184549889 184549377 10000 100 6201688616
21700000 184550145 184549633 10000 200 42618771709
21750000 184549889 184549377 10000 100 6801688616
21750000 184550145 184549633 10000 200 43218771709
21800000 184549889 184549377 10000 100 7301688616
21800000 184550145 184549633 10000 200 43818771709
21850000 184549889 184549377 10000 100 7901688616
21850000 184550145 184549633 10000 200 44418771709
21900000 184549889 184549377 10000 100 8501688616
21900000 184550145 184549633 10000 200 45018771709
21950000 184549889 184549377 10000 100 9001688616
21950000 184550145 184549633 10000 200 45618771709
22000000 184549889 184549377 10000 100 9601688616
22000000 184550145 184549633 10000 200 46218771709
22000000 184550401 184549633 10004 1004 100000000000
22000000 184550657 184549633 10004 1104 100000000000
22000000 184550913 184549633 10004 1204 100000000000
22000000 184551169 184549633 10004 1304 100000000000
22000000 184551425 184549633 10004 1404 100000000000
22000000 184551681 184549633 10004 1504 100000000000
22000000 184551937 184549633 10004 1604 100000000000
22000000 184552193 184549633 10004 1704 100000000000
22000000 184552449 184549633 10004 1804 100000000000
22000000 184552705 184549633 10004 1904 100000000000
22000000 184552961 184549633 10004 2004 100000000000
22000000 184553217 184549633 10004 2104 100000000000
22000000 184553473 184549633 10004 2204 100000000000
22000000 184553729 184549633 10004 2304 100000000000
22000000 184553985 184549633 10004 2404 100000000000
22000000 184554241 184549633 10004 2504 100000000000
22000000 184554497 184549633 10004 2604 100000000000
22000000 184554753 184549633 10004 2704 100000000000
22000000 184555009 184549633 10004 2804 100000000000
22000000 184555265 184549633 10004 2904 100000000000
22050000 184549889 184549377 10000 100 9701688616
22050000 184550145 184549633 10000 200 46618771709
22050000 184550401 184549633 10004 1004 100000000000
22050000 184550657 184549633 10004 1104 100000000000
22050000 184550913 184549633 10004 1204 100000000000
22050000 184551169 184549633 10004 1304 100000000000
22050000 184551425 184549633 10004 1404 100000000000
22050000 184551681 184549633 10004 1504 100000000000
22050000 184551937 184549633 10004 1604 100000000000
22050000 184552193 184549633 10004 1704 100000000000
22050000 184552449 184549633 10004 1804 100000000000
22050000 184552705 184549633 10004 1904 100000000000
22050000 184552961 184549633 10004 2004 100000000000
22050000 184553217 184549633 10004 2104 100000000000
22050000 184553473 184549633 10004 2204 100000000000
22050000 184553729 184549633 10004 2304 100000000000
22050000 184553985 184549633 10004 2404 100000000000
22050000 184554241 184549633 10004 2504 100000000000
22050000 184554497 184549633 10004 2604 100000000000
22050000 184554753 184549633 10004 2704 100000000000
22050000 184555009 184549633 10004 2804 100000000000
22050000 184555265 184549633 10004 2904 100000000000
22100000 184549889 184549377 10000 100 9701688616
22100000 184550145 184549633 10000 200 46718771709
22100000 184550401 184549633 10004 1004 100000000000
22100000 184550657 184549633 10004 1104 100000000000
22100000 184550913 184549633 10004 1204 100000000000
22100000 184551169 184549633 10004 1304 100000000000
22100000 184551425 184549633 10004 1404 100000000000
22100000 184551681 184549633 10004 1504 100000000000
22100000 184551937 184549633 10004 1604 100000000000
22100000 184552193 184549633 10004 1704 100000000000
22100000 184552449 184549633 10004 1804 100000000000
22100000 184552705 184549633 10004 1904 100000000000
22100000 184552961 184549633 10004 2004 100000000000
22100000 184553217 184549633 10004 2104 100000000000
22100000 184553473 184549633 10004 2204 100000000000
22100000 184553729 184549633 10004 2304 100000000000
22100000 184553985 184549633 10004 2404 100000000000
22100000 184554241 184549633 10004 2504 100000000000
22100000 184554497 184549633 10004 2604 100000000000
22100000 184554753 184549633 10004 2704 100000000000
22100000 184555009 184549633 10004 2804 100000000000
22100000 184555265 184549633 10004 2904 100000000000
22150000 184549889 184549377 10000 100 4682327267
22150000 184550145 184549633 10000 200 46918771709
22200000 184549889 184549377 10000 100 4932327267
22200000 184550145 184549633 10000 200 47518771709
22250000 184549889 184549377 10000 100 5532327267
22250000 184550145 184549633 10000 200 48118771709
22300000 184549889 184549377 10000 100 6132327267
22300000 184550145 184549633 10000 200 48718771709
22350000 184549889 184549377 10000 100 6632327267
22350000 184550145 184549633 10000 200 49318771709
22400000 184549889 184549377 10000 100 7232327267
22400000 184550145 184549633 10000 200 49918771709
22450000 184549889 184549377 10000 100 7732327267
22450000 184550145 184549633 10000 200 50518771709
22500000 184549889 184549377 10000 100 8332327267
22500000 184550145 184549633 10000 200 51118771709
22500000 184550401 184549633 10005 1005 100000000000
22500000 184550657 184549633 10005 1105 100000000000
22500000 184550913 184549633 10005 1205 100000000000
22500000 184551169 184549633 10005 1305 100000000000
22500000 184551425 184549633 10005 1405 100000000000
22500000 184551681 184549633 10005 1505 100000000000
22500000 184551937 184549633 10005 1605 100000000000
22500000 184552193 184549633 10005 1705 100000000000
22500000 184552449 184549633 10005 1805 100000000000
22500000 184552705 184549633 10005 1905 100000000000
22500000 184552961 184549633 10005 2005 100000000000
22500000 184553217 184549633 10005 2105 100000000000
22500000 184553473 184549633 10005 2205 100000000000
22500000 184553729 184549633 10005 2305 100000000000
22500000 184553985 184549633 10005 2405 100000000000
22500000 184554241 184549633 10005 2505 100000000000
22500000 184554497 184549633 10005 2605 100000000000
22500000 184554753 184549633 10005 2705 100000000000
22500000 184555009 184549633 10005 2805 100000000000
22500000 184555265 184549633 10005 2905 100000000000
22550000 184549889 184549377 10000 100 8432327267
22550000 184550145 184549633 10000 200 51418771709
22550000 184550401 184549633 10005 1005 100000000000
22550000 184550657 184549633 10005 1105 100000000000
22550000 184550913 184549633 10005 1205 100000000000
22550000 184551169 184549633 10005 1305 100000000000
22550000 184551425 184549633 10005 1405 100000000000
22550000 184551681 184549633 10005 1505 100000000000
22550000 184551937 184549633 10005 1605 100000000000
22550000 184552193 184549633 10005 1705 100000000000
22550000 184552449 184549633 10005 1805 100000000000
22550000 184552705 184549633 10005 1905 100000000000
22550000 184552961 184549633 10005 2005 100000000000
22550000 184553217 184549633 10005 2105 100000000000
22550000 184553473 184549633 10005 2205 100000000000
22550000 184553729 184549633 10005 2305 100000000000
22550000 184553985 184549633 10005 2405 100000000000
22550000 184554241 184549633 10005 2505 100000000000
22550000 184554497 184549633 10005 2605 100000000000
22550000 184554753 184549633 10005 2705 100000000000
22550000 184555009 184549633 10005 2805 100000000000
22550000 184555265 184549633 10005 2905 100000000000
22600000 184549889 184549377 10000 100 8432327267
22600000 184550145 184549633 10000 200 51618771709
22600000 184550401 184549633 10005 1005 100000000000
22600000 184550657 184549633 10005 1105 100000000000
22600000 184550913 184549633 10005 1205 100000000000
22600000 184551169 184549633 10005 1305 100000000000
22600000 184551425 184549633 10005 1405 100000000000
22600000 184551681 184549633 10005 1505 100000000000
22600000 184551937 184549633 10005 1605 100000000000
22600000 184552193 184549633 10005 1705 100000000000
22600000 184552449 184549633 10005 1805 100000000000
22600000 184552705 184549633 10005 1905 100000000000
22600000 184552961 184549633 10005 2005 100000000000
22600000 184553217 184549633 10005 2105 100000000000
22600000 184553473 184549633 10005 2205 100000000000
22600000 184553729 184549633 10005 2305 100000000000
22600000 184553985 184549633 10005 2405 100000000000
22600000 184554241 184549633 10005 2505 100000000000
22600000 184554497 184549633 10005 2605 100000000000
22600000 184554753 184549633 10005 2705 100000000000
22600000 184555009 184549633 10005 2805 100000000000
22600000 184555265 184549633 10005 2905 100000000000
22650000 184549889 184549377 10000 100 3382758077
22650000 184550145 184549633 10000 200 51718771709
22650000 184551681 184549633 10005 1505 100000000000
22650000 184551937 184549633 10005 1605 100000000000
22650000 184552193 184549633 10005 1705 100000000000
22650000 184552449 184549633 10005 1805 100000000000
22650000 184552705 184549633 10005 1905 100000000000
22650000 184552961 184549633 10005 2005 100000000000
22650000 184553217 184549633 10005 2105 100000000000
22650000 184553473 184549633 10005 2205 100000000000
22650000 184553729 184549633 10005 2305 100000000000
22650000 184553985 184549633 10005 2405 100000000000
22650000 184554241 184549633 10005 2505 100000000000
22650000 184554497 184549633 10005 2605 100000000000
22650000 184554753 184549633 10005 2705 100000000000
22650000 184555009 184549633 10005 2805 100000000000
22650000 184555265 184549633 10005 2905 100000000000
22700000 184549889 184549377 10000 100 3632758077
22700000 184550145 184549633 10000 200 52318771709
22750000 184549889 184549377 10000 100 4132758077
22750000 184550145 184549633 10000 200 52918771709
22800000 184549889 184549377 10000 100 4632758077
22800000 184550145 184549633 10000 200 53518771709
22850000 184549889 184549377 10000 100 5232758077
22850000 184550145 184549633 10000 200 54118771709
22900000 184549889 184549377 10000 100 5732758077
22900000 184550145 184549633 10000 200 54718771709
22950000 184549889 184549377 10000 100 6332758077
22950000 184550145 184549633 10000 200 55318771709
23000000 184549889 184549377 10000 100 6832758077
23000000 184550145 184549633 10000 200 55918771709
23000000 184550401 184549633 10006 1006 100000000000
23000000 184550657 184549633 10006 1106 100000000000
23000000 184550913 184549633 10006 1206 100000000000
23000000 184551169 184549633 10006 1306 100000000000
23000000 184551425 184549633 10006 1406 100000000000
23000000 184551681 184549633 10006 1506 100000000000
23000000 184551937 184549633 10006 1606 100000000000
23000000 184552193 184549633 10006 1706 100000000000
23000000 184552449 184549633 10006 1806 100000000000
23000000 184552705 184549633 10006 1906 100000000000
23000000 184552961 184549633 10006 2006 100000000000
23000000 184553217 184549633 10006 2106 100000000000
23000000 184553473 184549633 10006 2206 100000000000
23000000 184553729 184549633 10006 2306 100000000000
23000000 184553985 184549633 10006 2406 100000000000
23000000 184554241 184549633 10006 2506 100000000000
23000000 184554497 184549633 10006 2606 100000000000
23000000 184554753 184549633 10006 2706 100000000000
23000000 184555009 184549633 10006 2806 100000000000
23000000 184555265 184549633 10006 2906 100000000000
23050000 184549889 184549377 10000 100 6932758077
23050000 184550145 184549633 10000 200 56218771709
23050000 184550401 184549633 10006 1006 100000000000
23050000 184550657 184549633 10006 1106 100000000000
23050000 184550913 184549633 10006 1206 100000000000
23050000 184551169 184549633 10006 1306 100000000000
23050000 184551425 184549633 10006 1406 100000000000
23050000 184551681 184549633 10006 1506 100000000000
23050000 184551937 184549633 10006 1606 100000000000
23050000 184552193 184549633 10006 1706 100000000000
23050000 184552449 184549633 10006 1806 100000000000
23050000 184552705 184549633 10006 1906 100000000000
23050000 184552961 184549633 10006 2006 100000000000
23050000 184553217 184549633 10006 2106 100000000000
23050000 184553473 184549633 10006 2206 100000000000
23050000 184553729 184549633 10006 2306 100000000000
23050000 184553985 184549633 10006 2406 100000000000
23050000 184554241 184549633 10006 2506 100000000000
23050000 184554497 184549633 10006 2606 100000000000
23050000 184554753 184549633 10006 2706 100000000000
23050000 184555009 184549633 10006 2806 100000000000
23050000 184555265 184549633 10006 2906 100000000000
23100000 184549889 184549377 10000 100 6932758077
23100000 184550145 184549633 10000 200 56418771709
23100000 184550401 184549633 10006 1006 100000000000
23100000 184550657 184549633 10006 1106 100000000000
23100000 184550913 184549633 10006 1206 100000000000
23100000 184551169 184549633 10006 1306 100000000000
23100000 184551425 184549633 10006 1406 100000000000
23100000 184551681 184549633 10006 1506 100000000000
23100000 184551937 184549633 10006 1606 100000000000
23100000 184552193 184549633 10006 1706 100000000000
23100000 184552449 184549633 10006 1806 100000000000
23100000 184552705 184549633 10006 1906 100000000000
23100000 184552961 184549633 10006 2006 100000000000
23100000 184553217 184549633 10006 2106 100000000000
23100000 184553473 184549633 10006 2206 100000000000
23100000 184553729 184549633 10006 2306 100000000000
23100000 184553985 184549633 10006 2406 100000000000
23100000 184554241 184549633 10006 2506 100000000000
23100000 184554497 184549633 10006 2606 100000000000
23100000 184554753 184549633 10006 2706 100000000000
23100000 184555009 184549633 10006 2806 100000000000
23100000 184555265 184549633 10006 2906 100000000000
23150000 184549889 184549377 10000 100 3000650156
23150000 184550145 184549633 10000 200 56518771709
23150000 184550401 184549633 10006 1006 100000000000
23150000 184550657 184549633 10006 1106 100000000000
23150000 184550913 184549633 10006 1206 100000000000
23150000 184551169 184549633 10006 1306 100000000000
23150000 184551425 184549633 10006 1406 100000000000
23150000 184551681 184549633 10006 1506 100000000000
23150000 184551937 184549633 10006 1606 100000000000
23150000 184552193 184549633 10006 1706 100000000000
23150000 184552449 184549633 10006 1806 100000000000
23150000 184552705 184549633 10006 1906 100000000000
23150000 184552961 184549633 10006 2006 100000000000
23150000 184553217 184549633 10006 2106 100000000000
23150000 184553473 184549633 10006 2206 100000000000
23150000 184553729 184549633 10006 2306 100000000000
23150000 184553985 184549633 10006 2406 100000000000
23150000 184554241 184549633 10006 2506 100000000000
23150000 184554497 184549633 10006 2606 100000000000
23150000 184554753 184549633 10006 2706 100000000000
23150000 184555009 184549633 10006 2806 100000000000
23150000 184555265 184549633 10006 2906 100000000000
23200000 184549889 184549377 10000 100 3200650156
23200000 184550145 184549633 10000 200 57118771709
23250000 184549889 184549377 10000 100 3650650156
23250000 184550145 184549633 10000 200 57718771709
23300000 184549889 184549377 10000 100 4250650156
23300000 184550145 184549633 10000 200 58318771709
23350000 184549889 184549377 10000 100 4750650156
23350000 184550145 184549633 10000 200 58918771709
23400000 184549889 184549377 10000 100 5350650156
23400000 184550145 184549633 10000 200 59518771709
23450000 184549889 184549377 10000 100 5850650156
23450000 184550145 184549633 10000 200 60118771709
23500000 184549889 184549377 10000 100 6350650156
23500000 184550145 184549633 10000 200 60718771709
23550000 184549889 184549377 10000 100 6550650156
23550000 184550145 184549633 10000 200 61018771709
23550000 184550401 184549633 10007 1007 100000000000
23550000 184550657 184549633 10007 1107 100000000000
23550000 184550913 184549633 10007 1207 100000000000
23550000 184551169 184549633 10007 1307 100000000000
23550000 184551425 184549633 10007 1407 100000000000
23550000 184551681 184549633 10007 1507 100000000000
23550000 184551937 184549633 10007 1607 100000000000
23550000 184552193 184549633 10007 1707 100000000000
23550000 184552449 184549633 10007 1807 100000000000
23550000 184552705 184549633 10007 1907 100000000000
23550000 184552961 184549633 10007 2007 100000000000
23550000 184553217 184549633 10007 2107 100000000000
23550000 184553473 184549633 10007 2207 100000000000
23550000 184553729 184549633 10007 2307 100000000000
23550000 184553985 184549633 10007 2407 100000000000
23550000 184554241 184549633 10007 2507 100000000000
23550000 184554497 184549633 10007 2607 100000000000
23550000 184554753 184549633 10007 2707 100000000000
23550000 184555009 184549633 10007 2807 100000000000
23550000 184555265 184549633 10007 2907 100000000000
23600000 184549889 184549377 10000 100 6550650156
23600000 184550145 184549633 10000 200 61118771709
23600000 184550401 184549633 10007 1007 100000000000
23600000 184550657 184549633 10007 1107 100000000000
23600000 184550913 184549633 10007 1207 100000000000
23600000 184551169 184549633 10007 1307 100000000000
23600000 184551425 184549633 10007 1407 100000000000
23600000 184551681 184549633 10007 1507 100000000000
23600000 184551937 184549633 10007 1607 100000000000
23600000 184552193 184549633 10007 1707 100000000000
23600000 184552449 184549633 10007 1807 100000000000
23600000 184552705 184549633 10007 1907 100000000000
23600000 184552961 184549633 10007 2007 100000000000
23600000 184553217 184549633 10007 2107 100000000000
23600000 184553473 184549633 10007 2207 100000000000
23600000 184553729 184549633 10007 2307 100000000000
23600000 184553985 184549633 10007 2407 100000000000
23600000 184554241 184549633 10007 2507 100000000000
23600000 184554497 184549633 10007 2607 100000000000
23600000 184554753 184549633 10007 2707 100000000000
23600000 184555009 184549633 10007 2807 100000000000
23600000 184555265 184549633 10007 2907 100000000000
23650000 184549889 184549377 10000 100 6550650156
23650000 184550145 184549633 10000 200 61318771709
23650000 184550401 184549633 10007 1007 100000000000
23650000 184550657 184549633 10007 1107 100000000000
23650000 184550913 184549633 10007 1207 100000000000
23650000 184551169 184549633 10007 1307 100000000000
23650000 184551425 184549633 10007 1407 100000000000
23650000 184551681 184549633 10007 1507 100000000000
23650000 184551937 184549633 10007 1607 100000000000
23650000 184552193 184549633 10007 1707 100000000000
23650000 184552449 184549633 10007 1807 100000000000
23650000 184552705 184549633 10007 1907 100000000000
23650000 184552961 184549633 10007 2007 100000000000
23650000 184553217 184549633 10007 2107 100000000000
23650000 184553473 184549633 10007 2207 100000000000
23650000 184553729 184549633 10007 2307 100000000000
23650000 184553985 184549633 10007 2407 100000000000
23650000 184554241 184549633 10007 2507 100000000000
23650000 184554497 184549633 10007 2607 100000000000
23650000 184554753 184549633 10007 2707 100000000000
23650000 184555009 184549633 10007 2807 100000000000
23650000 184555265 184549633 10007 2907 100000000000
23700000 184549889 184549377 10000 100 2350279099
23700000 184550145 184549633 10000 200 61818771709
23750000 184549889 184549377 10000 100 2800279099
23750000 184550145 184549633 10000 200 62418771709
23800000 184549889 184549377 10000 100 3300279099
23800000 184550145 184549633 10000 200 63018771709
23850000 184549889 184549377 10000 100 3800279099
23850000 184550145 184549633 10000 200 63618771709
23900000 184549889 184549377 10000 100 4400279099
23900000 184550145 184549633 10000 200 64218771709
23950000 184549889 184549377 10000 100 4900279099
23950000 184550145 184549633 10000 200 64818771709
24000000 184549889 184549377 10000 100 5500279099
24000000 184550145 184549633 10000 200 65418771709
24050000 184549889 184549377 10000 100 6000279099
24050000 184550145 184549633 10000 200 66018771709
24100000 184549889 184549377 10000 100 6600279099
24100000 184550145 184549633 10000 200 66618771709
24150000 184549889 184549377 10000 100 7100279099
24150000 184550145 184549633 10000 200 67218771709
24200000 184549889 184549377 10000 100 7700279099
24200000 184550145 184549633 10000 200 67818771709
24250000 184549889 184549377 10000 100 8200279099
24250000 184550145 184549633 10000 200 68418771709
24300000 184549889 184549377 10000 100 8800279099
24300000 184550145 184549633 10000 200 69018771709
24350000 184549889 184549377 10000 100 9400279099
24350000 184550145 184549633 10000 200 69618771709
24400000 184549889 184549377 10000 100 9900279099
24400000 184550145 184549633 10000 200 70218771709
24450000 184549889 184549377 10000 100 10500279099
24450000 184550145 184549633 10000 200 70818771709
24500000 184549889 184549377 10000 100 11100279099
24500000 184550145 184549633 10000 200 71318771709
24550000 184549889 184549377 10000 100 11600279099
24550000 184550145 184549633 10000 200 71918771709
24600000 184549889 184549377 10000 100 12200279099
24600000 184550145 184549633 10000 200 72518771709
24650000 184549889 184549377 10000 100 12800279099
24650000 184550145 184549633 10000 200 73118771709
24700000 184549889 184549377 10000 100 13400279099
24700000 184550145 184549633 10000 200 73718771709
24750000 184549889 184549377 10000 100 13900279099
24750000 184550145 184549633 10000 200 74318771709
24800000 184549889 184549377 10000 100 14500279099
24800000 184550145 184549633 10000 200 74918771709
24850000 184549889 184549377 10000 100 15100279099
24850000 184550145 184549633 10000 200 75518771709
24900000 184549889 184549377 10000 100 15700279099
24900000 184550145 184549633 10000 200 76118771709
24950000 184549889 184549377 10000 100 16300279099
24950000 184550145 184549633 10000 200 76718771709
25000000 184549889 184549377 10000 100 16800279099
25000000 184550145 184549633 10000 200 77318771709
25050000 184549889 184549377 10000 100 17400279099
25050000 184550145 184549633 10000 200 77918771709
25100000 184549889 184549377 10000 100 18000279099
25100000 184550145 184549633 10000 200 78518771709
25150000 184549889 184549377 10000 100 18600279099
25150000 184550145 184549633 10000 200 79118771709
25200000 184549889 184549377 10000 100 19200279099
25200000 184550145 184549633 10000 200 79718771709
25250000 184549889 184549377 10000 100 19700279099
25250000 184550145 184549633 10000 200 80318771709
25300000 184549889 184549377 10000 100 20300279099
25300000 184550145 184549633 10000 200 80818771709
25350000 184549889 184549377 10000 100 20900279099
25350000 184550145 184549633 10000 200 81418771709
25400000 184549889 184549377 10000 100 21400279099
25400000 184550145 184549633 10000 200 81918771709
25450000 184549889 184549377 10000 100 21800279099
25450000 184550145 184549633 10000 200 82418771709
25500000 184549889 184549377 10000 100 22200279099
25500000 184550145 184549633 10000 200 82818771709
25550000 184549889 184549377 10000 100 22700279099
25550000 184550145 184549633 10000 200 83218771709
25600000 184549889 184549377 10000 100 23100279099
25600000 184550145 184549633 10000 200 83718771709
25650000 184549889 184549377 10000 100 23500279099
25650000 184550145 184549633 10000 200 84118771709
25700000 184549889 184549377 10000 100 23900279099
25700000 184550145 184549633 10000 200 84518771709
25750000 184549889 184549377 10000 100 24400279099
25750000 184550145 184549633 10000 200 84918771709
25800000 184549889 184549377 10000 100 24800279099
25800000 184550145 184549633 10000 200 85318771709
25850000 184549889 184549377 10000 100 25200279099
25850000 184550145 184549633 10000 200 85718771709
25900000 184549889 184549377 10000 100 25600279099
25900000 184550145 184549633 10000 200 86218771709
25950000 184549889 184549377 10000 100 26000279099
25950000 184550145 184549633 10000 200 86618771709
26000000 184549889 184549377 10000 100 26400279099
26000000 184550145 184549633 10000 200 87018771709
26050000 184549889 184549377 10000 100 26800279099
26050000 184550145 184549633 10000 200 87418771709
26100000 184549889 184549377 10000 100 27200279099
26100000 184550145 184549633 10000 200 87818771709
26150000 184549889 184549377 10000 100 27600279099
26150000 184550145 184549633 10000 200 88218771709
26200000 184549889 184549377 10000 100 28000279099
26200000 184550145 184549633 10000 200 88618771709
26250000 184549889 184549377 10000 100 28400279099
26250000 184550145 184549633 10000 200 88918771709
26300000 184549889 184549377 10000 100 28800279099
26300000 184550145 184549633 10000 200 89318771709
26350000 184549889 184549377 10000 100 29100279099
26350000 184550145 184549633 10000 200 89718771709
26400000 184549889 184549377 10000 100 29500279099
26400000 184550145 184549633 10000 200 90118771709
26450000 184549889 184549377 10000 100 29900279099
26450000 184550145 184549633 10000 200 90518771709
26500000 184549889 184549377 10000 100 30300279099
26500000 184550145 184549633 10000 200 90918771709
26550000 184549889 184549377 10000 100 30700279099
26550000 184550145 184549633 10000 200 91218771709
26600000 184549889 184549377 10000 100 31000279099
26600000 184550145 184549633 10000 200 91618771709
26650000 184549889 184549377 10000 100 31400279099
26650000 184550145 184549633 10000 200 92018771709
26700000 184549889 184549377 10000 100 31800279099
26700000 184550145 184549633 10000 200 92318771709
26750000 184549889 184549377 10000 100 32100279099
26750000 184550145 184549633 10000 200 92718771709
26800000 184549889 184549377 10000 100 32500279099
26800000 184550145 184549633 10000 200 93118771709
26850000 184549889 184549377 10000 100 32900279099
26850000 184550145 184549633 10000 200 93418771709
26900000 184549889 184549377 10000 100 33200279099
26900000 184550145 184549633 10000 200 93818771709
26950000 184549889 184549377 10000 100 33600279099
26950000 184550145 184549633 10000 200 94118771709
27000000 184549889 184549377 10000 100 33900279099
27000000 184550145 184549633 10000 200 94518771709
27050000 184549889 184549377 10000 100 34300279099
27050000 184550145 184549633 10000 200 94918771709
27100000 184549889 184549377 10000 100 34600279099
27100000 184550145 184549633 10000 200 95218771709
27150000 184549889 184549377 10000 100 35000279099
27150000 184550145 184549633 10000 200 95618771709
27200000 184549889 184549377 10000 100 35300279099
27200000 184550145 184549633 10000 200 95918771709
27250000 184549889 184549377 10000 100 35700279099
27250000 184550145 184549633 10000 200 96318771709
27300000 184549889 184549377 10000 100 36000279099
27300000 184550145 184549633 10000 200 96618771709
27350000 184549889 184549377 10000 100 36400279099
27350000 184550145 184549633 10000 200 96918771709
27400000 184549889 184549377 10000 100 36700279099
27400000 184550145 184549633 10000 200 97318771709
27450000 184549889 184549377 10000 100 37100279099
27450000 184550145 184549633 10000 200 97618771709
27500000 184549889 184549377 10000 100 37400279099
27500000 184550145 184549633 10000 200 98018771709
27550000 184549889 184549377 10000 100 37700279099
27550000 184550145 184549633 10000 200 98318771709
27600000 184549889 184549377 10000 100 38100279099
27600000 184550145 184549633 10000 200 98618771709
27650000 184549889 184549377 10000 100 38400279099
27650000 184550145 184549633 10000 200 99018771709
27700000 184549889 184549377 10000 100 38700279099
27700000 184550145 184549633 10000 200 99318771709
27750000 184549889 184549377 10000 100 39100279099
27750000 184550145 184549633 10000 200 99618771709
27800000 184549889 184549377 10000 100 39400279099
27800000 184550145 184549633 10000 200 99918771709
27850000 184549889 184549377 10000 100 39700279099
27850000 184550145 184549633 10000 200 100000000000
27900000 184549889 184549377 10000 100 40000279099
27900000 184550145 184549633 10000 200 100000000000
27950000 184549889 184549377 10000 100 40400279099
27950000 184550145 184549633 10000 200 100000000000
28000000 184549889 184549377 10000 100 40700279099
28000000 184550145 184549633 10000 200 100000000000
28050000 184549889 184549377 10000 100 41000279099
28050000 184550145 184549633 10000 200 100000000000
28100000 184549889 184549377 10000 100 41300279099
28100000 184550145 184549633 10000 200 100000000000
28150000 184549889 184549377 10000 100 41700279099
28150000 184550145 184549633 10000 200 100000000000
28200000 184549889 184549377 10000 100 42000279099
28200000 184550145 184549633 10000 200 100000000000
28250000 184549889 184549377 10000 100 42300279099
28250000 184550145 184549633 10000 200 100000000000
28300000 184549889 184549377 10000 100 42600279099
28300000 184550145 184549633 10000 200 100000000000
28350000 184549889 184549377 10000 100 42900279099
28350000 184550145 184549633 10000 200 100000000000
28400000 184549889 184549377 10000 100 43300279099
28400000 184550145 184549633 10000 200 100000000000
28450000 184549889 184549377 10000 100 43600279099
28450000 184550145 184549633 10000 200 100000000000
28500000 184549889 184549377 10000 100 43900279099
28500000 184550145 184549633 10000 200 100000000000
28550000 184549889 184549377 10000 100 44200279099
28550000 184550145 184549633 10000 200 100000000000
28600000 184549889 184549377 10000 100 44500279099
28600000 184550145 184549633 10000 200 100000000000
28650000 184549889 184549377 10000 100 44900279099
28650000 184550145 184549633 10000 200 100000000000
28700000 184549889 184549377 10000 100 45200279099
28700000 184550145 184549633 10000 200 100000000000
28750000 184549889 184549377 10000 100 45500279099
28750000 184550145 184549633 10000 200 100000000000
28800000 184549889 184549377 10000 100 45800279099
28800000 184550145 184549633 10000 200 100000000000
28850000 184549889 184549377 10000 100 46100279099
28850000 184550145 184549633 10000 200 100000000000
28900000 184549889 184549377 10000 100 46400279099
28900000 184550145 184549633 10000 200 100000000000
28950000 184549889 184549377 10000 100 46700279099
28950000 184550145 184549633 10000 200 100000000000
29000000 184549889 184549377 10000 100 47000279099
29000000 184550145 184549633 10000 200 100000000000
29050000 184549889 184549377 10000 100 47400279099
29050000 184550145 184549633 10000 200 100000000000
29100000 184549889 184549377 10000 100 47700279099
29100000 184550145 184549633 10000 200 100000000000
29150000 184549889 184549377 10000 100 48000279099
29150000 184550145 184549633 10000 200 100000000000
29200000 184549889 184549377 10000 100 48300279099
29200000 184550145 184549633 10000 200 100000000000
29250000 184549889 184549377 10000 100 48600279099
29250000 184550145 184549633 10000 200 100000000000
29300000 184549889 184549377 10000 100 48900279099
29300000 184550145 184549633 10000 200 100000000000
29350000 184549889 184549377 10000 100 49200279099
29350000 184550145 184549633 10000 200 100000000000
29400000 184549889 184549377 10000 100 49500279099
29400000 184550145 184549633 10000 200 100000000000
29450000 184549889 184549377 10000 100 49800279099
29450000 184550145 184549633 10000 200 100000000000
29500000 184549889 184549377 10000 100 50100279099
29500000 184550145 184549633 10000 200 100000000000
29550000 184549889 184549377 10000 100 50400279099
29550000 184550145 184549633 10000 200 100000000000
29600000 184549889 184549377 10000 100 50700279099
29600000 184550145 184549633 10000 200 100000000000
29650000 184549889 184549377 10000 100 51000279099
29650000 184550145 184549633 10000 200 100000000000
29700000 184549889 184549377 10000 100 51300279099
29700000 184550145 184549633 10000 200 100000000000
29750000 184549889 184549377 10000 100 51600279099
29750000 184550145 184549633 10000 200 100000000000
29800000 184549889 184549377 10000 100 51900279099
29800000 184550145 184549633 10000 200 100000000000
29850000 184549889 184549377 10000 100 52200279099
29850000 184550145 184549633 10000 200 100000000000
29900000 184549889 184549377 10000 100 52500279099
29900000 184550145 184549633 10000 200 100000000000
29950000 184549889 184549377 10000 100 52800279099
29950000 184550145 184549633 10000 200 100000000000
30000000 184549889 184549377 10000 100 53100279099
30000000 184550145 184549633 10000 200 100000000000
30050000 184549889 184549377 10000 100 53400279099
30050000 184550145 184549633 10000 200 100000000000
30100000 184549889 184549377 10000 100 53700279099
30100000 184550145 184549633 10000 200 100000000000
30150000 184549889 184549377 10000 100 54000279099
30150000 184550145 184549633 10000 200 100000000000
30200000 184549889 184549377 10000 100 54300279099
30200000 184550145 184549633 10000 200 100000000000
30250000 184549889 184549377 10000 100 54600279099
30250000 184550145 184549633 10000 200 100000000000
30300000 184549889 184549377 10000 100 54900279099
30300000 184550145 184549633 10000 200 100000000000
30350000 184549889 184549377 10000 100 55200279099
30350000 184550145 184549633 10000 200 100000000000
30400000 184549889 184549377 10000 100 55500279099
30400000 184550145 184549633 10000 200 100000000000
30450000 184549889 184549377 10000 100 55800279099
30450000 184550145 184549633 10000 200 100000000000
30500000 184549889 184549377 10000 100 56100279099
30500000 184550145 184549633 10000 200 100000000000
30550000 184549889 184549377 10000 100 56400279099
30550000 184550145 184549633 10000 200 100000000000
30600000 184549889 184549377 10000 100 56700279099
30600000 184550145 184549633 10000 200 100000000000
30650000 184549889 184549377 10000 100 57000279099
30650000 184550145 184549633 10000 200 100000000000
30700000 184549889 184549377 10000 100 57300279099
30700000 184550145 184549633 10000 200 100000000000
30750000 184549889 184549377 10000 100 57500279099
30750000 184550145 184549633 10000 200 100000000000
30800000 184549889 184549377 10000 100 57800279099
30800000 184550145 184549633 10000 200 100000000000
30850000 184549889 184549377 10000 100 58100279099
30850000 184550145 184549633 10000 200 100000000000
30900000 184549889 184549377 10000 100 58400279099
30900000 184550145 184549633 10000 200 100000000000
30950000 184549889 184549377 10000 100 58700279099
30950000 184550145 184549633 10000 200 100000000000
31000000 184549889 184549377 10000 100 59000279099
31000000 184550145 184549633 10000 200 100000000000
31050000 184549889 184549377 10000 100 59300279099
31050000 184550145 184549633 10000 200 100000000000
31100000 184549889 184549377 10000 100 59600279099
31100000 184550145 184549633 10000 200 100000000000
31150000 184549889 184549377 10000 100 59900279099
31150000 184550145 184549633 10000 200 100000000000
31200000 184549889 184549377 10000 100 60100279099
31200000 184550145 184549633 10000 200 100000000000
31250000 184549889 184549377 10000 100 60400279099
31250000 184550145 184549633 10000 200 100000000000
31300000 184549889 184549377 10000 100 60700279099
31300000 184550145 184549633 10000 200 100000000000
31350000 184549889 184549377 10000 100 61000279099
31350000 184550145 184549633 10000 200 100000000000
31400000 184549889 184549377 10000 100 61300279099
31400000 184550145 184549633 10000 200 100000000000
31450000 184549889 184549377 10000 100 61600279099
31450000 184550145 184549633 10000 200 100000000000
31500000 184549889 184549377 10000 100 61800279099
31500000 184550145 184549633 10000 200 100000000000
31550000 184549889 184549377 10000 100 62100279099
31550000 184550145 184549633 10000 200 100000000000
31600000 184549889 184549377 10000 100 62400279099
31600000 184550145 184549633 10000 200 100000000000
31650000 184549889 184549377 10000 100 62700279099
31650000 184550145 184549633 10000 200 100000000000
31700000 184549889 184549377 10000 100 63000279099
31700000 184550145 184549633 10000 200 100000000000
31750000 184549889 184549377 10000 100 63200279099
31750000 184550145 184549633 10000 200 100000000000
31800000 184549889 184549377 10000 100 63500279099
31800000 184550145 184549633 10000 200 100000000000
31850000 184549889 184549377 10000 100 63800279099
31850000 184550145 184549633 10000 200 100000000000
31900000 184549889 184549377 10000 100 64100279099
31900000 184550145 184549633 10000 200 100000000000
31950000 184549889 184549377 10000 100 64400279099
31950000 184550145 184549633 10000 200 100000000000
32000000 184549889 184549377 10000 100 64600279099
32000000 184550145 184549633 10000 200 100000000000
32050000 184549889 184549377 10000 100 64900279099
32050000 184550145 184549633 10000 200 100000000000
32100000 184549889 184549377 10000 100 65200279099
32100000 184550145 184549633 10000 200 100000000000
32150000 184549889 184549377 10000 100 65500279099
32150000 184550145 184549633 10000 200 100000000000
32200000 184549889 184549377 10000 100 65700279099
32200000 184550145 184549633 10000 200 100000000000
32250000 184549889 184549377 10000 100 66000279099
32250000 184550145 184549633 10000 200 100000000000
32300000 184549889 184549377 10000 100 66300279099
32300000 184550145 184549633 10000 200 100000000000
32350000 184549889 184549377 10000 100 66600279099
32350000 184550145 184549633 10000 200 100000000000
32400000 184549889 184549377 10000 100 66800279099
32400000 184550145 184549633 10000 200 100000000000
32450000 184549889 184549377 10000 100 67100279099
32450000 184550145 184549633 10000 200 100000000000
32500000 184549889 184549377 10000 100 67400279099
32500000 184550145 184549633 10000 200 100000000000
32550000 184549889 184549377 10000 100 67700279099
32550000 184550145 184549633 10000 200 100000000000
32600000 184549889 184549377 10000 100 67900279099
32600000 184550145 184549633 10000 200 100000000000
32650000 184549889 184549377 10000 100 68200279099
32650000 184550145 184549633 10000 200 100000000000
32700000 184549889 184549377 10000 100 68500279099
32700000 184550145 184549633 10000 200 100000000000
32750000 184549889 184549377 10000 100 68800279099
32750000 184550145 184549633 10000 200 100000000000
32800000 184549889 184549377 10000 100 69200279099
32850000 184549889 184549377 10000 100 69800279099
32900000 184549889 184549377 10000 100 70400279099
32950000 184549889 184549377 10000 100 71000279099
33000000 184549889 184549377 10000 100 71600279099
33050000 184549889 184549377 10000 100 72200279099
33100000 184549889 184549377 10000 100 72800279099
33150000 184549889 184549377 10000 100 73400279099
33200000 184549889 184549377 10000 100 74000279099
33250000 184549889 184549377 10000 100 74600279099
33300000 184549889 184549377 10000 100 75200279099
33350000 184549889 184549377 10000 100 75800279099
33400000 184549889 184549377 10000 100 76400279099
33450000 184549889 184549377 10000 100 77000279099
33500000 184549889 184549377 10000 100 77600279099
33550000 184549889 184549377 10000 100 78100279099
33600000 184549889 184549377 10000 100 78700279099
33650000 184549889 184549377 10000 100 79300279099
33700000 184549889 184549377 10000 100 79900279099
33750000 184549889 184549377 10000 100 80500279099
33800000 184549889 184549377 10000 100 81100279099
33850000 184549889 184549377 10000 100 81700279099
33900000 184549889 184549377 10000 100 82300279099
33950000 184549889 184549377 10000 100 82900279099
34000000 184549889 184549377 10000 100 83500279099
34050000 184549889 184549377 10000 100 84100279099
34100000 184549889 184549377 10000 100 84700279099
34150000 184549889 184549377 10000 100 85300279099
34200000 184549889 184549377 10000 100 85900279099
34250000 184549889 184549377 10000 100 86500279099
34300000 184549889 184549377 10000 100 87100279099
34350000 184549889 184549377 10000 100 87700279099
34400000 184549889 184549377 10000 100 88300279099
34450000 184549889 184549377 10000 100 88900279099
34500000 184549889 184549377 10000 100 89500279099
34550000 184549889 184549377 10000 100 90100279099
34600000 184549889 184549377 10000 100 90600279099
34650000 184549889 184549377 10000 100 91200279099
34700000 184549889 184549377 10000 100 91800279099
34750000 184549889 184549377 10000 100 92400279099
34800000 184549889 184549377 10000 100 93000279099
34850000 184549889 184549377 10000 100 93600279099
34900000 184549889 184549377 10000 100 94200279099
34950000 184549889 184549377 10000 100 94800279099
35000000 184549889 184549377 10000 100 95400279099
35050000 184549889 184549377 10000 100 96000279099
35100000 184549889 184549377 10000 100 96600279099
35150000 184549889 184549377 10000 100 97200279099
35200000 184549889 184549377 10000 100 97800279099
35250000 184549889 184549377 10000 100 98400279099
35300000 184549889 184549377 10000 100 99000279099
35350000 184549889 184549377 10000 100 99600279099
35400000 184549889 184549377 10000 100 100000000000
35450000 184549889 184549377 10000 100 100000000000
35500000 184549889 184549377 10000 100 100000000000
35550000 184549889 184549377 10000 100 100000000000
35600000 184549889 184549377 10000 100 100000000000
35650000 184549889 184549377 10000 100 100000000000
35700000 184549889 184549377 10000 100 100000000000
35750000 184549889 184549377 10000 100 100000000000
35800000 184549889 184549377 10000 100 100000000000
35850000 184549889 184549377 10000 100 100000000000
35900000 184549889 184549377 10000 100 100000000000
35950000 184549889 184549377 10000 100 100000000000
36000000 184549889 184549377 10000 100 100000000000
36050000 184549889 184549377 10000 100 100000000000
36100000 184549889 184549377 10000 100 100000000000
36150000 184549889 184549377 10000 100 100000000000
36200000 184549889 184549377 10000 100 100000000000
36250000 184549889 184549377 10000 100 100000000000
36300000 184549889 184549377 10000 100 100000000000
36350000 184549889 184549377 10000 100 100000000000
36400000 184549889 184549377 10000 100 100000000000
36450000 184549889 184549377 10000 100 100000000000
36500000 184549889 184549377 10000 100 100000000000
36550000 184549889 184549377 10000 100 100000000000
36600000 184549889 184549377 10000 100 100000000000
36650000 184549889 184549377 10000 100 100000000000
36700000 184549889 184549377 10000 100 100000000000
36750000 184549889 184549377 10000 100 100000000000
36800000 184549889 184549377 10000 100 100000000000
36850000 184549889 184549377 10000 100 100000000000
36900000 184549889 184549377 10000 100 100000000000
36950000 184549889 184549377 10000 100 100000000000
37000000 184549889 184549377 10000 100 100000000000
37050000 184549889 184549377 10000 100 100000000000
37100000 184549889 184549377 10000 100 100000000000
37150000 184549889 184549377 10000 100 100000000000
37200000 184549889 184549377 10000 100 100000000000
37250000 184549889 184549377 10000 100 100000000000
37300000 184549889 184549377 10000 100 100000000000
37350000 184549889 184549377 10000 100 100000000000
37400000 184549889 184549377 10000 100 100000000000
37450000 184549889 184549377 10000 100 100000000000
37500000 184549889 184549377 10000 100 100000000000
37550000 184549889 184549377 10000 100 100000000000
37600000 184549889 184549377 10000 100 100000000000
37650000 184549889 184549377 10000 100 100000000000
37700000 184549889 184549377 10000 100 100000000000
37750000 184549889 184549377 10000 100 100000000000
37800000 184549889 184549377 10000 100 100000000000
37850000 184549889 184549377 10000 100 100000000000
37900000 184549889 184549377 10000 100 100000000000
