# time_ns sip dip sport dport rate_bps
50000 184549889 184549377 10000 100 100000000000
50000 184550145 184549633 10000 200 100000000000
100000 184549889 184549377 10000 100 100000000000
100000 184550145 184549633 10000 200 100000000000
150000 184549889 184549377 10000 100 100000000000
150000 184550145 184549633 10000 200 100000000000
200000 184549889 184549377 10000 100 100000000000
200000 184550145 184549633 10000 200 100000000000
250000 184549889 184549377 10000 100 100000000000
250000 184550145 184549633 10000 200 100000000000
300000 184549889 184549377 10000 100 100000000000
300000 184550145 184549633 10000 200 100000000000
350000 184549889 184549377 10000 100 100000000000
350000 184550145 184549633 10000 200 100000000000
400000 184549889 184549377 10000 100 100000000000
400000 184550145 184549633 10000 200 100000000000
450000 184549889 184549377 10000 100 100000000000
450000 184550145 184549633 10000 200 100000000000
500000 184549889 184549377 10000 100 100000000000
500000 184550145 184549633 10000 200 100000000000
550000 184549889 184549377 10000 100 100000000000
550000 184550145 184549633 10000 200 100000000000
600000 184549889 184549377 10000 100 100000000000
600000 184550145 184549633 10000 200 100000000000
650000 184549889 184549377 10000 100 100000000000
650000 184550145 184549633 10000 200 100000000000
700000 184549889 184549377 10000 100 100000000000
700000 184550145 184549633 10000 200 100000000000
750000 184549889 184549377 10000 100 100000000000
750000 184550145 184549633 10000 200 100000000000
800000 184549889 184549377 10000 100 100000000000
800000 184550145 184549633 10000 200 100000000000
850000 184549889 184549377 10000 100 100000000000
850000 184550145 184549633 10000 200 100000000000
900000 184549889 184549377 10000 100 100000000000
900000 184550145 184549633 10000 200 100000000000
950000 184549889 184549377 10000 100 100000000000
950000 184550145 184549633 10000 200 100000000000
1000000 184549889 184549377 10000 100 100000000000
1000000 184550145 184549633 10000 200 100000000000
1050000 184549889 184549377 10000 100 100000000000
1050000 184550145 184549633 10000 200 100000000000
1100000 184549889 184549377 10000 100 100000000000
1100000 184550145 184549633 10000 200 100000000000
1150000 184549889 184549377 10000 100 100000000000
1150000 184550145 184549633 10000 200 100000000000
1200000 184549889 184549377 10000 100 100000000000
1200000 184550145 184549633 10000 200 100000000000
1250000 184549889 184549377 10000 100 100000000000
1250000 184550145 184549633 10000 200 100000000000
1300000 184549889 184549377 10000 100 100000000000
1300000 184550145 184549633 10000 200 100000000000
1350000 184549889 184549377 10000 100 100000000000
1350000 184550145 184549633 10000 200 100000000000
1400000 184549889 184549377 10000 100 100000000000
1400000 184550145 184549633 10000 200 100000000000
1450000 184549889 184549377 10000 100 100000000000
1450000 184550145 184549633 10000 200 100000000000
1500000 184549889 184549377 10000 100 100000000000
1500000 184550145 184549633 10000 200 100000000000
1550000 184549889 184549377 10000 100 100000000000
1550000 184550145 184549633 10000 200 100000000000
1600000 184549889 184549377 10000 100 100000000000
1600000 184550145 184549633 10000 200 100000000000
1650000 184549889 184549377 10000 100 100000000000
1650000 184550145 184549633 10000 200 100000000000
1700000 184549889 184549377 10000 100 100000000000
1700000 184550145 184549633 10000 200 100000000000
1750000 184549889 184549377 10000 100 100000000000
1750000 184550145 184549633 10000 200 100000000000
1800000 184549889 184549377 10000 100 100000000000
1800000 184550145 184549633 10000 200 100000000000
1850000 184549889 184549377 10000 100 100000000000
1850000 184550145 184549633 10000 200 100000000000
1900000 184549889 184549377 10000 100 100000000000
1900000 184550145 184549633 10000 200 100000000000
1950000 184549889 184549377 10000 100 100000000000
1950000 184550145 184549633 10000 200 100000000000
2000000 184549889 184549377 10000 100 100000000000
2000000 184550145 184549633 10000 200 100000000000
2050000 184549889 184549377 10000 100 100000000000
2050000 184550145 184549633 10000 200 100000000000
2100000 184549889 184549377 10000 100 100000000000
2100000 184550145 184549633 10000 200 100000000000
2150000 184549889 184549377 10000 100 100000000000
2150000 184550145 184549633 10000 200 100000000000
2200000 184549889 184549377 10000 100 100000000000
2200000 184550145 184549633 10000 200 100000000000
2250000 184549889 184549377 10000 100 100000000000
2250000 184550145 184549633 10000 200 100000000000
2300000 184549889 184549377 10000 100 100000000000
2300000 184550145 184549633 10000 200 100000000000
2350000 184549889 184549377 10000 100 100000000000
2350000 184550145 184549633 10000 200 100000000000
2400000 184549889 184549377 10000 100 100000000000
2400000 184550145 184549633 10000 200 100000000000
2450000 184549889 184549377 10000 100 100000000000
2450000 184550145 184549633 10000 200 100000000000
2500000 184549889 184549377 10000 100 100000000000
2500000 184550145 184549633 10000 200 100000000000
2550000 184549889 184549377 10000 100 100000000000
2550000 184550145 184549633 10000 200 100000000000
2600000 184549889 184549377 10000 100 100000000000
2600000 184550145 184549633 10000 200 100000000000
2650000 184549889 184549377 10000 100 100000000000
2650000 184550145 184549633 10000 200 100000000000
2700000 184549889 184549377 10000 100 100000000000
2700000 184550145 184549633 10000 200 100000000000
2750000 184549889 184549377 10000 100 100000000000
2750000 184550145 184549633 10000 200 100000000000
2800000 184549889 184549377 10000 100 100000000000
2800000 184550145 184549633 10000 200 100000000000
2850000 184549889 184549377 10000 100 100000000000
2850000 184550145 184549633 10000 200 100000000000
2900000 184549889 184549377 10000 100 100000000000
2900000 184550145 184549633 10000 200 100000000000
2950000 184549889 184549377 10000 100 100000000000
2950000 184550145 184549633 10000 200 100000000000
3000000 184549889 184549377 10000 100 100000000000
3000000 184550145 184549633 10000 200 100000000000
3050000 184549889 184549377 10000 100 100000000000
3050000 184550145 184549633 10000 200 100000000000
3100000 184549889 184549377 10000 100 100000000000
3100000 184550145 184549633 10000 200 100000000000
3150000 184549889 184549377 10000 100 100000000000
3150000 184550145 184549633 10000 200 100000000000
3200000 184549889 184549377 10000 100 100000000000
3200000 184550145 184549633 10000 200 100000000000
3250000 184549889 184549377 10000 100 100000000000
3250000 184550145 184549633 10000 200 100000000000
3300000 184549889 184549377 10000 100 100000000000
3300000 184550145 184549633 10000 200 100000000000
3350000 184549889 184549377 10000 100 100000000000
3350000 184550145 184549633 10000 200 100000000000
3400000 184549889 184549377 10000 100 100000000000
3400000 184550145 184549633 10000 200 100000000000
3450000 184549889 184549377 10000 100 100000000000
3450000 184550145 184549633 10000 200 100000000000
3500000 184549889 184549377 10000 100 100000000000
3500000 184550145 184549633 10000 200 100000000000
3550000 184549889 184549377 10000 100 100000000000
3550000 184550145 184549633 10000 200 100000000000
3600000 184549889 184549377 10000 100 100000000000
3600000 184550145 184549633 10000 200 100000000000
3650000 184549889 184549377 10000 100 100000000000
3650000 184550145 184549633 10000 200 100000000000
3700000 184549889 184549377 10000 100 100000000000
3700000 184550145 184549633 10000 200 100000000000
3750000 184549889 184549377 10000 100 100000000000
3750000 184550145 184549633 10000 200 100000000000
3800000 184549889 184549377 10000 100 100000000000
3800000 184550145 184549633 10000 200 100000000000
3850000 184549889 184549377 10000 100 100000000000
3850000 184550145 184549633 10000 200 100000000000
3900000 184549889 184549377 10000 100 100000000000
3900000 184550145 184549633 10000 200 100000000000
3950000 184549889 184549377 10000 100 100000000000
3950000 184550145 184549633 10000 200 100000000000
4000000 184549889 184549377 10000 100 100000000000
4000000 184550145 184549633 10000 200 100000000000
4050000 184549889 184549377 10000 100 100000000000
4050000 184550145 184549633 10000 200 100000000000
4100000 184549889 184549377 10000 100 100000000000
4100000 184550145 184549633 10000 200 100000000000
4150000 184549889 184549377 10000 100 100000000000
4150000 184550145 184549633 10000 200 100000000000
4200000 184549889 184549377 10000 100 100000000000
4200000 184550145 184549633 10000 200 100000000000
4250000 184549889 184549377 10000 100 100000000000
4250000 184550145 184549633 10000 200 100000000000
4300000 184549889 184549377 10000 100 100000000000
4300000 184550145 184549633 10000 200 100000000000
4350000 184549889 184549377 10000 100 100000000000
4350000 184550145 184549633 10000 200 100000000000
4400000 184549889 184549377 10000 100 100000000000
4400000 184550145 184549633 10000 200 100000000000
4450000 184549889 184549377 10000 100 100000000000
4450000 184550145 184549633 10000 200 100000000000
4500000 184549889 184549377 10000 100 100000000000
4500000 184550145 184549633 10000 200 100000000000
4550000 184549889 184549377 10000 100 100000000000
4550000 184550145 184549633 10000 200 100000000000
4600000 184549889 184549377 10000 100 100000000000
4600000 184550145 184549633 10000 200 100000000000
4650000 184549889 184549377 10000 100 100000000000
4650000 184550145 184549633 10000 200 100000000000
4700000 184549889 184549377 10000 100 100000000000
4700000 184550145 184549633 10000 200 100000000000
4750000 184549889 184549377 10000 100 100000000000
4750000 184550145 184549633 10000 200 100000000000
4800000 184549889 184549377 10000 100 100000000000
4800000 184550145 184549633 10000 200 100000000000
4850000 184549889 184549377 10000 100 100000000000
4850000 184550145 184549633 10000 200 100000000000
4900000 184549889 184549377 10000 100 100000000000
4900000 184550145 184549633 10000 200 100000000000
4950000 184549889 184549377 10000 100 100000000000
4950000 184550145 184549633 10000 200 100000000000
5000000 184549889 184549377 10000 100 100000000000
5000000 184550145 184549633 10000 200 100000000000
5050000 184549889 184549377 10000 100 100000000000
5050000 184550145 184549633 10000 200 100000000000
5100000 184549889 184549377 10000 100 100000000000
5100000 184550145 184549633 10000 200 100000000000
5150000 184549889 184549377 10000 100 100000000000
5150000 184550145 184549633 10000 200 100000000000
5200000 184549889 184549377 10000 100 100000000000
5200000 184550145 184549633 10000 200 100000000000
5250000 184549889 184549377 10000 100 100000000000
5250000 184550145 184549633 10000 200 100000000000
5300000 184549889 184549377 10000 100 100000000000
5300000 184550145 184549633 10000 200 100000000000
5350000 184549889 184549377 10000 100 100000000000
5350000 184550145 184549633 10000 200 100000000000
5400000 184549889 184549377 10000 100 100000000000
5400000 184550145 184549633 10000 200 100000000000
5450000 184549889 184549377 10000 100 100000000000
5450000 184550145 184549633 10000 200 100000000000
5500000 184549889 184549377 10000 100 100000000000
5500000 184550145 184549633 10000 200 100000000000
5550000 184549889 184549377 10000 100 100000000000
5550000 184550145 184549633 10000 200 100000000000
5600000 184549889 184549377 10000 100 100000000000
5600000 184550145 184549633 10000 200 100000000000
5650000 184549889 184549377 10000 100 100000000000
5650000 184550145 184549633 10000 200 100000000000
5700000 184549889 184549377 10000 100 100000000000
5700000 184550145 184549633 10000 200 100000000000
5750000 184549889 184549377 10000 100 100000000000
5750000 184550145 184549633 10000 200 100000000000
5800000 184549889 184549377 10000 100 100000000000
5800000 184550145 184549633 10000 200 100000000000
5850000 184549889 184549377 10000 100 100000000000
5850000 184550145 184549633 10000 200 100000000000
5900000 184549889 184549377 10000 100 100000000000
5900000 184550145 184549633 10000 200 100000000000
5950000 184549889 184549377 10000 100 100000000000
5950000 184550145 184549633 10000 200 100000000000
6000000 184549889 184549377 10000 100 100000000000
6000000 184550145 184549633 10000 200 100000000000
6050000 184549889 184549377 10000 100 100000000000
6050000 184550145 184549633 10000 200 100000000000
6100000 184549889 184549377 10000 100 100000000000
6100000 184550145 184549633 10000 200 100000000000
6150000 184549889 184549377 10000 100 100000000000
6150000 184550145 184549633 10000 200 100000000000
6200000 184549889 184549377 10000 100 100000000000
6200000 184550145 184549633 10000 200 100000000000
6250000 184549889 184549377 10000 100 100000000000
6250000 184550145 184549633 10000 200 100000000000
6300000 184549889 184549377 10000 100 100000000000
6300000 184550145 184549633 10000 200 100000000000
6350000 184549889 184549377 10000 100 100000000000
6350000 184550145 184549633 10000 200 100000000000
6400000 184549889 184549377 10000 100 100000000000
6400000 184550145 184549633 10000 200 100000000000
6450000 184549889 184549377 10000 100 100000000000
6450000 184550145 184549633 10000 200 100000000000
6500000 184549889 184549377 10000 100 100000000000
6500000 184550145 184549633 10000 200 100000000000
6550000 184549889 184549377 10000 100 100000000000
6550000 184550145 184549633 10000 200 100000000000
6600000 184549889 184549377 10000 100 100000000000
6600000 184550145 184549633 10000 200 100000000000
6650000 184549889 184549377 10000 100 100000000000
6650000 184550145 184549633 10000 200 100000000000
6700000 184549889 184549377 10000 100 100000000000
6700000 184550145 184549633 10000 200 100000000000
6750000 184549889 184549377 10000 100 100000000000
6750000 184550145 184549633 10000 200 100000000000
6800000 184549889 184549377 10000 100 100000000000
6800000 184550145 184549633 10000 200 100000000000
6850000 184549889 184549377 10000 100 100000000000
6850000 184550145 184549633 10000 200 100000000000
6900000 184549889 184549377 10000 100 100000000000
6900000 184550145 184549633 10000 200 100000000000
6950000 184549889 184549377 10000 100 100000000000
6950000 184550145 184549633 10000 200 100000000000
7000000 184549889 184549377 10000 100 100000000000
7000000 184550145 184549633 10000 200 100000000000
7050000 184549889 184549377 10000 100 100000000000
7050000 184550145 184549633 10000 200 100000000000
7100000 184549889 184549377 10000 100 100000000000
7100000 184550145 184549633 10000 200 100000000000
7150000 184549889 184549377 10000 100 100000000000
7150000 184550145 184549633 10000 200 100000000000
7200000 184549889 184549377 10000 100 100000000000
7200000 184550145 184549633 10000 200 100000000000
7250000 184549889 184549377 10000 100 100000000000
7250000 184550145 184549633 10000 200 100000000000
7300000 184549889 184549377 10000 100 100000000000
7300000 184550145 184549633 10000 200 100000000000
7350000 184549889 184549377 10000 100 100000000000
7350000 184550145 184549633 10000 200 100000000000
7400000 184549889 184549377 10000 100 100000000000
7400000 184550145 184549633 10000 200 100000000000
7450000 184549889 184549377 10000 100 100000000000
7450000 184550145 184549633 10000 200 100000000000
7500000 184549889 184549377 10000 100 100000000000
7500000 184550145 184549633 10000 200 100000000000
7550000 184549889 184549377 10000 100 100000000000
7550000 184550145 184549633 10000 200 100000000000
7600000 184549889 184549377 10000 100 100000000000
7600000 184550145 184549633 10000 200 100000000000
7650000 184549889 184549377 10000 100 100000000000
7650000 184550145 184549633 10000 200 100000000000
7700000 184549889 184549377 10000 100 100000000000
7700000 184550145 184549633 10000 200 100000000000
7750000 184549889 184549377 10000 100 100000000000
7750000 184550145 184549633 10000 200 100000000000
7800000 184549889 184549377 10000 100 100000000000
7800000 184550145 184549633 10000 200 100000000000
7850000 184549889 184549377 10000 100 100000000000
7850000 184550145 184549633 10000 200 100000000000
7900000 184549889 184549377 10000 100 100000000000
7900000 184550145 184549633 10000 200 100000000000
7950000 184549889 184549377 10000 100 100000000000
7950000 184550145 184549633 10000 200 100000000000
8000000 184549889 184549377 10000 100 100000000000
8000000 184550145 184549633 10000 200 100000000000
8050000 184549889 184549377 10000 100 100000000000
8050000 184550145 184549633 10000 200 100000000000
8100000 184549889 184549377 10000 100 100000000000
8100000 184550145 184549633 10000 200 100000000000
8150000 184549889 184549377 10000 100 100000000000
8150000 184550145 184549633 10000 200 100000000000
8200000 184549889 184549377 10000 100 100000000000
8200000 184550145 184549633 10000 200 100000000000
8250000 184549889 184549377 10000 100 100000000000
8250000 184550145 184549633 10000 200 100000000000
8300000 184549889 184549377 10000 100 100000000000
8300000 184550145 184549633 10000 200 100000000000
8350000 184549889 184549377 10000 100 100000000000
8350000 184550145 184549633 10000 200 100000000000
8400000 184549889 184549377 10000 100 100000000000
8400000 184550145 184549633 10000 200 100000000000
8450000 184549889 184549377 10000 100 100000000000
8450000 184550145 184549633 10000 200 100000000000
8500000 184549889 184549377 10000 100 100000000000
8500000 184550145 184549633 10000 200 100000000000
8550000 184549889 184549377 10000 100 100000000000
8550000 184550145 184549633 10000 200 100000000000
8600000 184549889 184549377 10000 100 100000000000
8600000 184550145 184549633 10000 200 100000000000
8650000 184549889 184549377 10000 100 100000000000
8650000 184550145 184549633 10000 200 100000000000
8700000 184549889 184549377 10000 100 100000000000
8700000 184550145 184549633 10000 200 100000000000
8750000 184549889 184549377 10000 100 100000000000
8750000 184550145 184549633 10000 200 100000000000
8800000 184549889 184549377 10000 100 100000000000
8800000 184550145 184549633 10000 200 100000000000
8850000 184549889 184549377 10000 100 100000000000
8850000 184550145 184549633 10000 200 100000000000
8900000 184549889 184549377 10000 100 100000000000
8900000 184550145 184549633 10000 200 100000000000
8950000 184549889 184549377 10000 100 100000000000
8950000 184550145 184549633 10000 200 100000000000
9000000 184549889 184549377 10000 100 100000000000
9000000 184550145 184549633 10000 200 100000000000
9050000 184549889 184549377 10000 100 100000000000
9050000 184550145 184549633 10000 200 100000000000
9100000 184549889 184549377 10000 100 100000000000
9100000 184550145 184549633 10000 200 100000000000
9150000 184549889 184549377 10000 100 100000000000
9150000 184550145 184549633 10000 200 100000000000
9200000 184549889 184549377 10000 100 100000000000
9200000 184550145 184549633 10000 200 100000000000
9250000 184549889 184549377 10000 100 100000000000
9250000 184550145 184549633 10000 200 100000000000
9300000 184549889 184549377 10000 100 100000000000
9300000 184550145 184549633 10000 200 100000000000
9350000 184549889 184549377 10000 100 100000000000
9350000 184550145 184549633 10000 200 100000000000
9400000 184549889 184549377 10000 100 100000000000
9400000 184550145 184549633 10000 200 100000000000
9450000 184549889 184549377 10000 100 100000000000
9450000 184550145 184549633 10000 200 100000000000
9500000 184549889 184549377 10000 100 100000000000
9500000 184550145 184549633 10000 200 100000000000
9550000 184549889 184549377 10000 100 100000000000
9550000 184550145 184549633 10000 200 100000000000
9600000 184549889 184549377 10000 100 100000000000
9600000 184550145 184549633 10000 200 100000000000
9650000 184549889 184549377 10000 100 100000000000
9650000 184550145 184549633 10000 200 100000000000
9700000 184549889 184549377 10000 100 100000000000
9700000 184550145 184549633 10000 200 100000000000
9750000 184549889 184549377 10000 100 100000000000
9750000 184550145 184549633 10000 200 100000000000
9800000 184549889 184549377 10000 100 100000000000
9800000 184550145 184549633 10000 200 100000000000
9850000 184549889 184549377 10000 100 100000000000
9850000 184550145 184549633 10000 200 100000000000
9900000 184549889 184549377 10000 100 100000000000
9900000 184550145 184549633 10000 200 100000000000
9950000 184549889 184549377 10000 100 100000000000
9950000 184550145 184549633 10000 200 100000000000
10000000 184549889 184549377 10000 100 100000000000
10000000 184550145 184549633 10000 200 100000000000
10050000 184549889 184549377 10000 100 100000000000
10050000 184550145 184549633 10000 200 100000000000
10100000 184549889 184549377 10000 100 100000000000
10100000 184550145 184549633 10000 200 100000000000
10150000 184549889 184549377 10000 100 100000000000
10150000 184550145 184549633 10000 200 100000000000
10200000 184549889 184549377 10000 100 100000000000
10200000 184550145 184549633 10000 200 100000000000
10250000 184549889 184549377 10000 100 100000000000
10250000 184550145 184549633 10000 200 100000000000
10300000 184549889 184549377 10000 100 100000000000
10300000 184550145 184549633 10000 200 100000000000
10350000 184549889 184549377 10000 100 100000000000
10350000 184550145 184549633 10000 200 100000000000
10400000 184549889 184549377 10000 100 100000000000
10400000 184550145 184549633 10000 200 100000000000
10450000 184549889 184549377 10000 100 100000000000
10450000 184550145 184549633 10000 200 100000000000
10500000 184549889 184549377 10000 100 100000000000
10500000 184550145 184549633 10000 200 100000000000
10550000 184549889 184549377 10000 100 100000000000
10550000 184550145 184549633 10000 200 100000000000
10600000 184549889 184549377 10000 100 100000000000
10600000 184550145 184549633 10000 200 100000000000
10650000 184549889 184549377 10000 100 100000000000
10650000 184550145 184549633 10000 200 100000000000
10700000 184549889 184549377 10000 100 100000000000
10700000 184550145 184549633 10000 200 100000000000
10750000 184549889 184549377 10000 100 100000000000
10750000 184550145 184549633 10000 200 100000000000
10800000 184549889 184549377 10000 100 100000000000
10800000 184550145 184549633 10000 200 100000000000
10850000 184549889 184549377 10000 100 100000000000
10850000 184550145 184549633 10000 200 100000000000
10900000 184549889 184549377 10000 100 100000000000
10900000 184550145 184549633 10000 200 100000000000
10950000 184549889 184549377 10000 100 100000000000
10950000 184550145 184549633 10000 200 100000000000
11000000 184549889 184549377 10000 100 100000000000
11000000 184550145 184549633 10000 200 100000000000
11050000 184549889 184549377 10000 100 100000000000
11050000 184550145 184549633 10000 200 100000000000
11100000 184549889 184549377 10000 100 100000000000
11100000 184550145 184549633 10000 200 100000000000
11150000 184549889 184549377 10000 100 100000000000
11150000 184550145 184549633 10000 200 100000000000
11200000 184549889 184549377 10000 100 100000000000
11200000 184550145 184549633 10000 200 100000000000
11250000 184549889 184549377 10000 100 100000000000
11250000 184550145 184549633 10000 200 100000000000
11300000 184549889 184549377 10000 100 100000000000
11300000 184550145 184549633 10000 200 100000000000
11350000 184549889 184549377 10000 100 100000000000
11350000 184550145 184549633 10000 200 100000000000
11400000 184549889 184549377 10000 100 100000000000
11400000 184550145 184549633 10000 200 100000000000
11450000 184549889 184549377 10000 100 100000000000
11450000 184550145 184549633 10000 200 100000000000
11500000 184549889 184549377 10000 100 100000000000
11500000 184550145 184549633 10000 200 100000000000
11550000 184549889 184549377 10000 100 100000000000
11550000 184550145 184549633 10000 200 100000000000
11600000 184549889 184549377 10000 100 100000000000
11600000 184550145 184549633 10000 200 100000000000
11650000 184549889 184549377 10000 100 100000000000
11650000 184550145 184549633 10000 200 100000000000
11700000 184549889 184549377 10000 100 100000000000
11700000 184550145 184549633 10000 200 100000000000
11750000 184549889 184549377 10000 100 100000000000
11750000 184550145 184549633 10000 200 100000000000
11800000 184549889 184549377 10000 100 100000000000
11800000 184550145 184549633 10000 200 100000000000
11850000 184549889 184549377 10000 100 100000000000
11850000 184550145 184549633 10000 200 100000000000
11900000 184549889 184549377 10000 100 100000000000
11900000 184550145 184549633 10000 200 100000000000
11950000 184549889 184549377 10000 100 100000000000
11950000 184550145 184549633 10000 200 100000000000
12000000 184549889 184549377 10000 100 100000000000
12000000 184550145 184549633 10000 200 100000000000
12050000 184549889 184549377 10000 100 100000000000
12050000 184550145 184549633 10000 200 100000000000
12100000 184549889 184549377 10000 100 100000000000
12100000 184550145 184549633 10000 200 100000000000
12150000 184549889 184549377 10000 100 100000000000
12150000 184550145 184549633 10000 200 100000000000
12200000 184549889 184549377 10000 100 100000000000
12200000 184550145 184549633 10000 200 100000000000
12250000 184549889 184549377 10000 100 100000000000
12250000 184550145 184549633 10000 200 100000000000
12300000 184549889 184549377 10000 100 100000000000
12300000 184550145 184549633 10000 200 100000000000
12350000 184549889 184549377 10000 100 100000000000
12350000 184550145 184549633 10000 200 100000000000
12400000 184549889 184549377 10000 100 100000000000
12400000 184550145 184549633 10000 200 100000000000
12450000 184549889 184549377 10000 100 100000000000
12450000 184550145 184549633 10000 200 100000000000
12500000 184549889 184549377 10000 100 100000000000
12500000 184550145 184549633 10000 200 100000000000
12550000 184549889 184549377 10000 100 100000000000
12550000 184550145 184549633 10000 200 100000000000
12600000 184549889 184549377 10000 100 100000000000
12600000 184550145 184549633 10000 200 100000000000
12650000 184549889 184549377 10000 100 100000000000
12650000 184550145 184549633 10000 200 100000000000
12700000 184549889 184549377 10000 100 100000000000
12700000 184550145 184549633 10000 200 100000000000
12750000 184549889 184549377 10000 100 100000000000
12750000 184550145 184549633 10000 200 100000000000
12800000 184549889 184549377 10000 100 100000000000
12800000 184550145 184549633 10000 200 100000000000
12850000 184549889 184549377 10000 100 100000000000
12850000 184550145 184549633 10000 200 100000000000
12900000 184549889 184549377 10000 100 100000000000
12900000 184550145 184549633 10000 200 100000000000
12950000 184549889 184549377 10000 100 100000000000
12950000 184550145 184549633 10000 200 100000000000
13000000 184549889 184549377 10000 100 100000000000
13000000 184550145 184549633 10000 200 100000000000
13050000 184549889 184549377 10000 100 100000000000
13050000 184550145 184549633 10000 200 100000000000
13100000 184549889 184549377 10000 100 100000000000
13100000 184550145 184549633 10000 200 100000000000
13150000 184549889 184549377 10000 100 100000000000
13150000 184550145 184549633 10000 200 100000000000
13200000 184549889 184549377 10000 100 100000000000
13200000 184550145 184549633 10000 200 100000000000
13250000 184549889 184549377 10000 100 100000000000
13250000 184550145 184549633 10000 200 100000000000
13300000 184549889 184549377 10000 100 100000000000
13300000 184550145 184549633 10000 200 100000000000
13350000 184549889 184549377 10000 100 100000000000
13350000 184550145 184549633 10000 200 100000000000
13400000 184549889 184549377 10000 100 100000000000
13400000 184550145 184549633 10000 200 100000000000
13450000 184549889 184549377 10000 100 100000000000
13450000 184550145 184549633 10000 200 100000000000
13500000 184549889 184549377 10000 100 100000000000
13500000 184550145 184549633 10000 200 100000000000
13550000 184549889 184549377 10000 100 100000000000
13550000 184550145 184549633 10000 200 100000000000
13600000 184549889 184549377 10000 100 100000000000
13600000 184550145 184549633 10000 200 100000000000
13650000 184549889 184549377 10000 100 100000000000
13650000 184550145 184549633 10000 200 100000000000
13700000 184549889 184549377 10000 100 100000000000
13700000 184550145 184549633 10000 200 100000000000
13750000 184549889 184549377 10000 100 100000000000
13750000 184550145 184549633 10000 200 100000000000
13800000 184549889 184549377 10000 100 100000000000
13800000 184550145 184549633 10000 200 100000000000
13850000 184549889 184549377 10000 100 100000000000
13850000 184550145 184549633 10000 200 100000000000
13900000 184549889 184549377 10000 100 100000000000
13900000 184550145 184549633 10000 200 100000000000
13950000 184549889 184549377 10000 100 100000000000
13950000 184550145 184549633 10000 200 100000000000
14000000 184549889 184549377 10000 100 100000000000
14000000 184550145 184549633 10000 200 100000000000
14050000 184549889 184549377 10000 100 100000000000
14050000 184550145 184549633 10000 200 100000000000
14100000 184549889 184549377 10000 100 100000000000
14100000 184550145 184549633 10000 200 100000000000
14150000 184549889 184549377 10000 100 100000000000
14150000 184550145 184549633 10000 200 100000000000
14200000 184549889 184549377 10000 100 100000000000
14200000 184550145 184549633 10000 200 100000000000
14250000 184549889 184549377 10000 100 100000000000
14250000 184550145 184549633 10000 200 100000000000
14300000 184549889 184549377 10000 100 100000000000
14300000 184550145 184549633 10000 200 100000000000
14350000 184549889 184549377 10000 100 100000000000
14350000 184550145 184549633 10000 200 100000000000
14400000 184549889 184549377 10000 100 100000000000
14400000 184550145 184549633 10000 200 100000000000
14450000 184549889 184549377 10000 100 100000000000
14450000 184550145 184549633 10000 200 100000000000
14500000 184549889 184549377 10000 100 100000000000
14500000 184550145 184549633 10000 200 100000000000
14550000 184549889 184549377 10000 100 100000000000
14550000 184550145 184549633 10000 200 100000000000
14600000 184549889 184549377 10000 100 100000000000
14600000 184550145 184549633 10000 200 100000000000
14650000 184549889 184549377 10000 100 100000000000
14650000 184550145 184549633 10000 200 100000000000
14700000 184549889 184549377 10000 100 100000000000
14700000 184550145 184549633 10000 200 100000000000
14750000 184549889 184549377 10000 100 100000000000
14750000 184550145 184549633 10000 200 100000000000
14800000 184549889 184549377 10000 100 100000000000
14800000 184550145 184549633 10000 200 100000000000
14850000 184549889 184549377 10000 100 100000000000
14850000 184550145 184549633 10000 200 100000000000
14900000 184549889 184549377 10000 100 100000000000
14900000 184550145 184549633 10000 200 100000000000
14950000 184549889 184549377 10000 100 100000000000
14950000 184550145 184549633 10000 200 100000000000
15000000 184549889 184549377 10000 100 100000000000
15000000 184550145 184549633 10000 200 100000000000
15050000 184549889 184549377 10000 100 100000000000
15050000 184550145 184549633 10000 200 100000000000
15100000 184549889 184549377 10000 100 100000000000
15100000 184550145 184549633 10000 200 100000000000
15150000 184549889 184549377 10000 100 100000000000
15150000 184550145 184549633 10000 200 100000000000
15200000 184549889 184549377 10000 100 100000000000
15200000 184550145 184549633 10000 200 100000000000
15250000 184549889 184549377 10000 100 100000000000
15250000 184550145 184549633 10000 200 100000000000
15300000 184549889 184549377 10000 100 100000000000
15300000 184550145 184549633 10000 200 100000000000
15350000 184549889 184549377 10000 100 100000000000
15350000 184550145 184549633 10000 200 100000000000
15400000 184549889 184549377 10000 100 100000000000
15400000 184550145 184549633 10000 200 100000000000
15450000 184549889 184549377 10000 100 100000000000
15450000 184550145 184549633 10000 200 100000000000
15500000 184549889 184549377 10000 100 100000000000
15500000 184550145 184549633 10000 200 100000000000
15550000 184549889 184549377 10000 100 100000000000
15550000 184550145 184549633 10000 200 100000000000
15600000 184549889 184549377 10000 100 100000000000
15600000 184550145 184549633 10000 200 100000000000
15650000 184549889 184549377 10000 100 100000000000
15650000 184550145 184549633 10000 200 100000000000
15700000 184549889 184549377 10000 100 100000000000
15700000 184550145 184549633 10000 200 100000000000
15750000 184549889 184549377 10000 100 100000000000
15750000 184550145 184549633 10000 200 100000000000
15800000 184549889 184549377 10000 100 100000000000
15800000 184550145 184549633 10000 200 100000000000
15850000 184549889 184549377 10000 100 100000000000
15850000 184550145 184549633 10000 200 100000000000
15900000 184549889 184549377 10000 100 100000000000
15900000 184550145 184549633 10000 200 100000000000
15950000 184549889 184549377 10000 100 100000000000
15950000 184550145 184549633 10000 200 100000000000
16000000 184549889 184549377 10000 100 100000000000
16000000 184550145 184549633 10000 200 100000000000
16050000 184549889 184549377 10000 100 100000000000
16050000 184550145 184549633 10000 200 100000000000
16100000 184549889 184549377 10000 100 100000000000
16100000 184550145 184549633 10000 200 100000000000
16150000 184549889 184549377 10000 100 100000000000
16150000 184550145 184549633 10000 200 100000000000
16200000 184549889 184549377 10000 100 100000000000
16200000 184550145 184549633 10000 200 100000000000
16250000 184549889 184549377 10000 100 100000000000
16250000 184550145 184549633 10000 200 100000000000
16300000 184549889 184549377 10000 100 100000000000
16300000 184550145 184549633 10000 200 100000000000
16350000 184549889 184549377 10000 100 100000000000
16350000 184550145 184549633 10000 200 100000000000
16400000 184549889 184549377 10000 100 100000000000
16400000 184550145 184549633 10000 200 100000000000
16450000 184549889 184549377 10000 100 100000000000
16450000 184550145 184549633 10000 200 100000000000
16500000 184549889 184549377 10000 100 100000000000
16500000 184550145 184549633 10000 200 100000000000
16550000 184549889 184549377 10000 100 100000000000
16550000 184550145 184549633 10000 200 100000000000
16600000 184549889 184549377 10000 100 100000000000
16600000 184550145 184549633 10000 200 100000000000
16650000 184549889 184549377 10000 100 100000000000
16650000 184550145 184549633 10000 200 100000000000
16700000 184549889 184549377 10000 100 100000000000
16700000 184550145 184549633 10000 200 100000000000
16750000 184549889 184549377 10000 100 100000000000
16750000 184550145 184549633 10000 200 100000000000
16800000 184549889 184549377 10000 100 100000000000
16800000 184550145 184549633 10000 200 100000000000
16850000 184549889 184549377 10000 100 100000000000
16850000 184550145 184549633 10000 200 100000000000
16900000 184549889 184549377 10000 100 100000000000
16900000 184550145 184549633 10000 200 100000000000
16950000 184549889 184549377 10000 100 100000000000
16950000 184550145 184549633 10000 200 100000000000
17000000 184549889 184549377 10000 100 100000000000
17000000 184550145 184549633 10000 200 100000000000
17050000 184549889 184549377 10000 100 100000000000
17050000 184550145 184549633 10000 200 100000000000
17100000 184549889 184549377 10000 100 100000000000
17100000 184550145 184549633 10000 200 100000000000
17150000 184549889 184549377 10000 100 100000000000
17150000 184550145 184549633 10000 200 100000000000
17200000 184549889 184549377 10000 100 100000000000
17200000 184550145 184549633 10000 200 100000000000
17250000 184549889 184549377 10000 100 100000000000
17250000 184550145 184549633 10000 200 100000000000
17300000 184549889 184549377 10000 100 100000000000
17300000 184550145 184549633 10000 200 100000000000
17350000 184549889 184549377 10000 100 100000000000
17350000 184550145 184549633 10000 200 100000000000
17400000 184549889 184549377 10000 100 100000000000
17400000 184550145 184549633 10000 200 100000000000
17450000 184549889 184549377 10000 100 100000000000
17450000 184550145 184549633 10000 200 100000000000
17500000 184549889 184549377 10000 100 100000000000
17500000 184550145 184549633 10000 200 100000000000
17550000 184549889 184549377 10000 100 100000000000
17550000 184550145 184549633 10000 200 100000000000
17600000 184549889 184549377 10000 100 100000000000
17600000 184550145 184549633 10000 200 100000000000
17650000 184549889 184549377 10000 100 100000000000
17650000 184550145 184549633 10000 200 100000000000
17700000 184549889 184549377 10000 100 100000000000
17700000 184550145 184549633 10000 200 100000000000
17750000 184549889 184549377 10000 100 100000000000
17750000 184550145 184549633 10000 200 100000000000
17800000 184549889 184549377 10000 100 100000000000
17800000 184550145 184549633 10000 200 100000000000
17850000 184549889 184549377 10000 100 100000000000
17850000 184550145 184549633 10000 200 100000000000
17900000 184549889 184549377 10000 100 100000000000
17900000 184550145 184549633 10000 200 100000000000
17950000 184549889 184549377 10000 100 100000000000
17950000 184550145 184549633 10000 200 100000000000
18000000 184549889 184549377 10000 100 100000000000
18000000 184550145 184549633 10000 200 100000000000
18050000 184549889 184549377 10000 100 100000000000
18050000 184550145 184549633 10000 200 100000000000
18100000 184549889 184549377 10000 100 100000000000
18100000 184550145 184549633 10000 200 100000000000
18150000 184549889 184549377 10000 100 100000000000
18150000 184550145 184549633 10000 200 100000000000
18200000 184549889 184549377 10000 100 100000000000
18200000 184550145 184549633 10000 200 100000000000
18250000 184549889 184549377 10000 100 100000000000
18250000 184550145 184549633 10000 200 100000000000
18300000 184549889 184549377 10000 100 100000000000
18300000 184550145 184549633 10000 200 100000000000
18350000 184549889 184549377 10000 100 100000000000
18350000 184550145 184549633 10000 200 100000000000
18400000 184549889 184549377 10000 100 100000000000
18400000 184550145 184549633 10000 200 100000000000
18450000 184549889 184549377 10000 100 100000000000
18450000 184550145 184549633 10000 200 100000000000
18500000 184549889 184549377 10000 100 100000000000
18500000 184550145 184549633 10000 200 100000000000
18550000 184549889 184549377 10000 100 100000000000
18550000 184550145 184549633 10000 200 100000000000
18600000 184549889 184549377 10000 100 100000000000
18600000 184550145 184549633 10000 200 100000000000
18650000 184549889 184549377 10000 100 100000000000
18650000 184550145 184549633 10000 200 100000000000
18700000 184549889 184549377 10000 100 100000000000
18700000 184550145 184549633 10000 200 100000000000
18750000 184549889 184549377 10000 100 100000000000
18750000 184550145 184549633 10000 200 100000000000
18800000 184549889 184549377 10000 100 100000000000
18800000 184550145 184549633 10000 200 100000000000
18850000 184549889 184549377 10000 100 100000000000
18850000 184550145 184549633 10000 200 100000000000
18900000 184549889 184549377 10000 100 100000000000
18900000 184550145 184549633 10000 200 100000000000
18950000 184549889 184549377 10000 100 100000000000
18950000 184550145 184549633 10000 200 100000000000
19000000 184549889 184549377 10000 100 100000000000
19000000 184550145 184549633 10000 200 100000000000
19050000 184549889 184549377 10000 100 100000000000
19050000 184550145 184549633 10000 200 100000000000
19100000 184549889 184549377 10000 100 100000000000
19100000 184550145 184549633 10000 200 100000000000
19150000 184549889 184549377 10000 100 100000000000
19150000 184550145 184549633 10000 200 100000000000
19200000 184549889 184549377 10000 100 100000000000
19200000 184550145 184549633 10000 200 100000000000
19250000 184549889 184549377 10000 100 100000000000
19250000 184550145 184549633 10000 200 100000000000
19300000 184549889 184549377 10000 100 100000000000
19300000 184550145 184549633 10000 200 100000000000
19350000 184549889 184549377 10000 100 100000000000
19350000 184550145 184549633 10000 200 100000000000
19400000 184549889 184549377 10000 100 100000000000
19400000 184550145 184549633 10000 200 100000000000
19450000 184549889 184549377 10000 100 100000000000
19450000 184550145 184549633 10000 200 100000000000
19500000 184549889 184549377 10000 100 100000000000
19500000 184550145 184549633 10000 200 100000000000
19550000 184549889 184549377 10000 100 100000000000
19550000 184550145 184549633 10000 200 100000000000
19600000 184549889 184549377 10000 100 100000000000
19600000 184550145 184549633 10000 200 100000000000
19650000 184549889 184549377 10000 100 100000000000
19650000 184550145 184549633 10000 200 100000000000
19700000 184549889 184549377 10000 100 100000000000
19700000 184550145 184549633 10000 200 100000000000
19750000 184549889 184549377 10000 100 100000000000
19750000 184550145 184549633 10000 200 100000000000
19800000 184549889 184549377 10000 100 100000000000
19800000 184550145 184549633 10000 200 100000000000
19850000 184549889 184549377 10000 100 100000000000
19850000 184550145 184549633 10000 200 100000000000
19900000 184549889 184549377 10000 100 100000000000
19900000 184550145 184549633 10000 200 100000000000
19950000 184549889 184549377 10000 100 100000000000
19950000 184550145 184549633 10000 200 100000000000
20000000 184549889 184549377 10000 100 100000000000
20000000 184550145 184549633 10000 200 100000000000
20050000 184549889 184549377 10000 100 100000000000
20050000 184550145 184549633 10000 200 100000000000
20050000 184550401 184549633 10000 1000 50582134712
20050000 184550657 184549633 10000 1100 7099961277
20050000 184550913 184549633 10000 1200 100000000000
20050000 184551169 184549633 10000 1300 26732274075
20050000 184551425 184549633 10000 1400 100000000000
20050000 184551681 184549633 10000 1500 100000000000
20050000 184551937 184549633 10000 1600 100000000000
20050000 184552193 184549633 10000 1700 100000000000
20050000 184552449 184549633 10000 1800 13918293721
20050000 184552705 184549633 10000 1900 50582134712
20050000 184552961 184549633 10000 2000 13727718368
20050000 184553217 184549633 10000 2100 26072565153
20050000 184553473 184549633 10000 2200 50776684272
20050000 184553729 184549633 10000 2300 50776684272
20050000 184553985 184549633 10000 2400 50776684272
20050000 184554241 184549633 10000 2500 50776684272
20050000 184554497 184549633 10000 2600 100000000000
20050000 184554753 184549633 10000 2700 25776996866
20050000 184555009 184549633 10000 2800 100000000000
20050000 184555265 184549633 10000 2900 100000000000
20100000 184549889 184549377 10000 100 26196383556
20100000 184550145 184549633 10000 200 37413229074
20100000 184550401 184549633 10000 1000 2628696604
20100000 184550657 184549633 10000 1100 2624436156
20100000 184550913 184549633 10000 1200 2957283679
20100000 184551169 184549633 10000 1300 2628696604
20100000 184551425 184549633 10000 1400 2628696604
20100000 184551681 184549633 10000 1500 2628696604
20100000 184551937 184549633 10000 1600 2632970908
20100000 184552193 184549633 10000 1700 26830677029
20100000 184552449 184549633 10000 1800 2632970908
20100000 184552705 184549633 10000 1900 2632970908
20100000 184552961 184549633 10000 2000 2632970908
20100000 184553217 184549633 10000 2100 2632970908
20100000 184553473 184549633 10000 2200 50776684272
20100000 184553729 184549633 10000 2300 28626968147
20100000 184553985 184549633 10000 2400 50776684272
20100000 184554241 184549633 10000 2500 2637259133
20100000 184554497 184549633 10000 2600 50776684272
20100000 184554753 184549633 10000 2700 2637259133
20100000 184555009 184549633 10000 2800 2641561351
20100000 184555265 184549633 10000 2900 2637259133
20150000 184549889 184549377 10000 100 26196383556
20150000 184550145 184549633 10000 200 27849654357
20150000 184550401 184549633 10000 1000 2628696604
20150000 184550657 184549633 10000 1100 2624436156
20150000 184550913 184549633 10000 1200 2957283679
20150000 184551169 184549633 10000 1300 2628696604
20150000 184551425 184549633 10000 1400 2628696604
20150000 184551681 184549633 10000 1500 2628696604
20150000 184551937 184549633 10000 1600 2674574816
20150000 184552193 184549633 10000 1700 26830677029
20150000 184552449 184549633 10000 1800 2632970908
20150000 184552705 184549633 10000 1900 2676765282
20150000 184552961 184549633 10000 2000 2678962826
20150000 184553217 184549633 10000 2100 2632970908
20150000 184553473 184549633 10000 2200 50776684272
20150000 184553729 184549633 10000 2300 2632970908
20150000 184553985 184549633 10000 2400 2637259133
20150000 184554241 184549633 10000 2500 2637259133
20150000 184554497 184549633 10000 2600 50776684272
20150000 184554753 184549633 10000 2700 2637259133
20150000 184555009 184549633 10000 2800 2687674506
20150000 184555265 184549633 10000 2900 2687742381
20200000 184549889 184549377 10000 100 26196383556
20200000 184550145 184549633 10000 200 27849654357
20250000 184549889 184549377 10000 100 26196383556
20250000 184550145 184549633 10000 200 27849654357
20300000 184549889 184549377 10000 100 26196383556
20300000 184550145 184549633 10000 200 27849654357
20350000 184549889 184549377 10000 100 26196383556
20350000 184550145 184549633 10000 200 27849654357
20400000 184549889 184549377 10000 100 26196383556
20400000 184550145 184549633 10000 200 27849654357
20450000 184549889 184549377 10000 100 26196383556
20450000 184550145 184549633 10000 200 27849654357
20500000 184549889 184549377 10000 100 26196383556
20500000 184550145 184549633 10000 200 27849654357
20550000 184549889 184549377 10000 100 26196383556
20550000 184550145 184549633 10000 200 27849654357
20550000 184550401 184549633 10001 1001 28625810494
20550000 184550657 184549633 10001 1101 4192206561
20550000 184550913 184549633 10001 1201 50776684272
20550000 184551169 184549633 10001 1301 14322435162
20550000 184551425 184549633 10001 1401 50582134712
20550000 184551681 184549633 10001 1501 27565405882
20550000 184551937 184549633 10001 1601 7713770510
20550000 184552193 184549633 10001 1701 100000000000
20550000 184552449 184549633 10001 1801 28625810494
20550000 184552705 184549633 10001 1901 50776684272
20550000 184552961 184549633 10001 2001 50776684272
20550000 184553217 184549633 10001 2101 7302727186
20550000 184553473 184549633 10001 2201 50776684272
20550000 184553729 184549633 10001 2301 14714299530
20550000 184553985 184549633 10001 2401 50776684272
20550000 184554241 184549633 10001 2501 26072179271
20550000 184554497 184549633 10001 2601 50776684272
20550000 184554753 184549633 10001 2701 50776684272
20550000 184555009 184549633 10001 2801 50582134712
20550000 184555265 184549633 10001 2901 50776684272
20600000 184549889 184549377 10000 100 26196383556
20600000 184550145 184549633 10000 200 27849654357
20600000 184550401 184549633 10001 1001 3063911273
20600000 184550657 184549633 10001 1101 3063911273
20600000 184550913 184549633 10001 1201 50776684272
20600000 184551169 184549633 10001 1301 3068992387
20600000 184551425 184549633 10001 1401 3068992387
20600000 184551681 184549633 10001 1501 3068992387
20600000 184551937 184549633 10001 1601 3063911273
20600000 184552193 184549633 10001 1701 3068992387
20600000 184552449 184549633 10001 1801 28625810494
20600000 184552705 184549633 10001 1901 3068992387
20600000 184552961 184549633 10001 2001 3068992387
20600000 184553217 184549633 10001 2101 7302727186
20600000 184553473 184549633 10001 2201 50776684272
20600000 184553729 184549633 10001 2301 8110699809
20600000 184553985 184549633 10001 2401 50776684272
20600000 184554241 184549633 10001 2501 3079410292
20600000 184554497 184549633 10001 2601 27201882523
20600000 184554753 184549633 10001 2701 3068992387
20600000 184555009 184549633 10001 2801 3084337348
20600000 184555265 184549633 10001 2901 28179461448
20650000 184549889 184549377 10000 100 26196383556
20650000 184550145 184549633 10000 200 27849654357
20700000 184549889 184549377 10000 100 26196383556
20700000 184550145 184549633 10000 200 27849654357
20750000 184549889 184549377 10000 100 26196383556
20750000 184550145 184549633 10000 200 27849654357
20800000 184549889 184549377 10000 100 26196383556
20800000 184550145 184549633 10000 200 27849654357
20850000 184549889 184549377 10000 100 26196383556
20850000 184550145 184549633 10000 200 27849654357
20900000 184549889 184549377 10000 100 26196383556
20900000 184550145 184549633 10000 200 27849654357
20950000 184549889 184549377 10000 100 26196383556
20950000 184550145 184549633 10000 200 27849654357
21000000 184549889 184549377 10000 100 26196383556
21000000 184550145 184549633 10000 200 27849654357
21050000 184549889 184549377 10000 100 63098191778
21050000 184550145 184549633 10000 200 63924827178
21050000 184550401 184549633 10002 1002 13919478888
21050000 184550657 184549633 10002 1102 27566563535
21050000 184550913 184549633 10002 1202 50776684272
21050000 184551169 184549633 10002 1302 14700321463
21050000 184551425 184549633 10002 1402 100000000000
21050000 184551681 184549633 10002 1502 50776684272
21050000 184551937 184549633 10002 1602 50582134712
21050000 184552193 184549633 10002 1702 50776684272
21050000 184552449 184549633 10002 1802 7409346254
21050000 184552705 184549633 10002 1902 4029728281
21050000 184552961 184549633 10002 2002 14322639869
21050000 184553217 184549633 10002 2102 28429308537
21050000 184553473 184549633 10002 2202 50776684272
21050000 184553729 184549633 10002 2302 26454396773
21050000 184553985 184549633 10002 2402 50776684272
21050000 184554241 184549633 10002 2502 14159851474
21050000 184554497 184549633 10002 2602 50776684272
21050000 184554753 184549633 10002 2702 14706223706
21050000 184555009 184549633 10002 2802 100000000000
21050000 184555265 184549633 10002 2902 27565793278
21100000 184549889 184549377 10000 100 63098191778
21100000 184550145 184549633 10000 200 63924827178
21100000 184550401 184549633 10002 1002 2709881057
21100000 184550657 184549633 10002 1102 2705559078
21100000 184550913 184549633 10002 1202 50776684272
21100000 184551169 184549633 10002 1302 14700321463
21100000 184551425 184549633 10002 1402 100000000000
21100000 184551681 184549633 10002 1502 2705559078
21100000 184551937 184549633 10002 1602 50582134712
21100000 184552193 184549633 10002 1702 2705559078
21100000 184552449 184549633 10002 1802 7409346254
21100000 184552705 184549633 10002 1902 2701250863
21100000 184552961 184549633 10002 2002 2705559078
21100000 184553217 184549633 10002 2102 2701250863
21100000 184553473 184549633 10002 2202 2701250863
21100000 184553729 184549633 10002 2302 26454396773
21100000 184553985 184549633 10002 2402 2701250863
21100000 184554241 184549633 10002 2502 2701250863
21100000 184554497 184549633 10002 2602 2696956346
21100000 184554753 184549633 10002 2702 2701250863
21100000 184555009 184549633 10002 2802 2701250863
21100000 184555265 184549633 10002 2902 2696956346
21150000 184549889 184549377 10000 100 63098191778
21150000 184550145 184549633 10000 200 63924827178
21150000 184550401 184549633 10002 1002 2709881057
21150000 184550657 184549633 10002 1102 2705559078
21150000 184550913 184549633 10002 1202 50776684272
21150000 184551169 184549633 10002 1302 14700321463
21150000 184551425 184549633 10002 1402 100000000000
21150000 184551681 184549633 10002 1502 2705559078
21150000 184551937 184549633 10002 1602 50582134712
21150000 184552193 184549633 10002 1702 2705559078
21150000 184552449 184549633 10002 1802 2701250863
21150000 184552705 184549633 10002 1902 2701250863
21150000 184552961 184549633 10002 2002 2705559078
21150000 184553217 184549633 10002 2102 2701250863
21150000 184553473 184549633 10002 2202 2701250863
21150000 184553729 184549633 10002 2302 2701250863
21150000 184553985 184549633 10002 2402 2701250863
21150000 184554241 184549633 10002 2502 2701250863
21150000 184554497 184549633 10002 2602 2696956346
21150000 184554753 184549633 10002 2702 2701250863
21150000 184555009 184549633 10002 2802 2701250863
21150000 184555265 184549633 10002 2902 2696956346
21200000 184549889 184549377 10000 100 63098191778
21200000 184550145 184549633 10000 200 63924827178
21250000 184549889 184549377 10000 100 63098191778
21250000 184550145 184549633 10000 200 63924827178
21300000 184549889 184549377 10000 100 63098191778
21300000 184550145 184549633 10000 200 63924827178
21350000 184549889 184549377 10000 100 63098191778
21350000 184550145 184549633 10000 200 63924827178
21400000 184549889 184549377 10000 100 63098191778
21400000 184550145 184549633 10000 200 63924827178
21450000 184549889 184549377 10000 100 63098191778
21450000 184550145 184549633 10000 200 63924827178
21500000 184549889 184549377 10000 100 63098191778
21500000 184550145 184549633 10000 200 63924827178
21500000 184550401 184549633 10003 1003 100000000000
21500000 184550657 184549633 10003 1103 100000000000
21500000 184550913 184549633 10003 1203 100000000000
21500000 184551169 184549633 10003 1303 100000000000
21500000 184551425 184549633 10003 1403 100000000000
21500000 184551681 184549633 10003 1503 100000000000
21500000 184551937 184549633 10003 1603 100000000000
21500000 184552193 184549633 10003 1703 100000000000
21500000 184552449 184549633 10003 1803 100000000000
21500000 184552705 184549633 10003 1903 100000000000
21500000 184552961 184549633 10003 2003 100000000000
21500000 184553217 184549633 10003 2103 100000000000
21500000 184553473 184549633 10003 2203 100000000000
21500000 184553729 184549633 10003 2303 100000000000
21500000 184553985 184549633 10003 2403 100000000000
21500000 184554241 184549633 10003 2503 100000000000
21500000 184554497 184549633 10003 2603 100000000000
21500000 184554753 184549633 10003 2703 100000000000
21500000 184555009 184549633 10003 2803 100000000000
21500000 184555265 184549633 10003 2903 100000000000
21550000 184549889 184549377 10000 100 63098191778
21550000 184550145 184549633 10000 200 63924827178
21550000 184550401 184549633 10003 1003 26633597766
21550000 184550657 184549633 10003 1103 50776684272
21550000 184550913 184549633 10003 1203 100000000000
21550000 184551169 184549633 10003 1303 13533339923
21550000 184551425 184549633 10003 1403 50776684272
21550000 184551681 184549633 10003 1503 26072949528
21550000 184551937 184549633 10003 1603 13876512458
21550000 184552193 184549633 10003 1703 26830677029
21550000 184552449 184549633 10003 1803 50776684272
21550000 184552705 184549633 10003 1903 50776684272
21550000 184552961 184549633 10003 2003 50582134712
21550000 184553217 184549633 10003 2103 100000000000
21550000 184553473 184549633 10003 2203 13954068816
21550000 184553729 184549633 10003 2303 50776684272
21550000 184553985 184549633 10003 2403 26072179271
21550000 184554241 184549633 10003 2503 26831062911
21550000 184554497 184549633 10003 2603 100000000000
21550000 184554753 184549633 10003 2703 14167556470
21550000 184555009 184549633 10003 2803 50776684272
21550000 184555265 184549633 10003 2903 14071093020
21600000 184549889 184549377 10000 100 63098191778
21600000 184550145 184549633 10000 200 63924827178
21600000 184550401 184549633 10003 1003 2705559078
21600000 184550657 184549633 10003 1103 2705559078
21600000 184550913 184549633 10003 1203 3048616189
21600000 184551169 184549633 10003 1303 4128579323
21600000 184551425 184549633 10003 1403 2709881057
21600000 184551681 184549633 10003 1503 2714216867
21600000 184551937 184549633 10003 1603 2714216867
21600000 184552193 184549633 10003 1703 2718566573
21600000 184552449 184549633 10003 1803 29306735533
21600000 184552705 184549633 10003 1903 2718566573
21600000 184552961 184549633 10003 2003 28331285620
21600000 184553217 184549633 10003 2103 26071791876
21600000 184553473 184549633 10003 2203 2722930244
21600000 184553729 184549633 10003 2303 2722930244
21600000 184553985 184549633 10003 2403 2722930244
21600000 184554241 184549633 10003 2503 2727307945
21600000 184554497 184549633 10003 2603 2727307945
21600000 184554753 184549633 10003 2703 8103304027
21600000 184555009 184549633 10003 2803 2727307945
21600000 184555265 184549633 10003 2903 2727307945
21650000 184549889 184549377 10000 100 16037871904
21650000 184550145 184549633 10000 200 24930202559
21650000 184550401 184549633 10003 1003 2705559078
21650000 184550657 184549633 10003 1103 2705559078
21650000 184550913 184549633 10003 1203 3048616189
21650000 184551169 184549633 10003 1303 4128579323
21650000 184551425 184549633 10003 1403 2709881057
21650000 184551681 184549633 10003 1503 2690944601
21650000 184551937 184549633 10003 1603 2714216867
21650000 184552193 184549633 10003 1703 2718566573
21650000 184552449 184549633 10003 1803 29306735533
21650000 184552705 184549633 10003 1903 2695320504
21650000 184552961 184549633 10003 2003 28331285620
21650000 184553217 184549633 10003 2103 26071791876
21650000 184553473 184549633 10003 2203 2722930244
21650000 184553729 184549633 10003 2303 2722930244
21650000 184553985 184549633 10003 2403 2722930244
21650000 184554241 184549633 10003 2503 2727307945
21650000 184554497 184549633 10003 2603 2727307945
21650000 184554753 184549633 10003 2703 8103304027
21650000 184555009 184549633 10003 2803 2727307945
21650000 184555265 184549633 10003 2903 2727307945
21700000 184549889 184549377 10000 100 16037871904
21700000 184550145 184549633 10000 200 24930202559
21750000 184549889 184549377 10000 100 16037871904
21750000 184550145 184549633 10000 200 24930202559
21800000 184549889 184549377 10000 100 16037871904
21800000 184550145 184549633 10000 200 24930202559
21850000 184549889 184549377 10000 100 16037871904
21850000 184550145 184549633 10000 200 24930202559
21900000 184549889 184549377 10000 100 16037871904
21900000 184550145 184549633 10000 200 24930202559
21950000 184549889 184549377 10000 100 16037871904
21950000 184550145 184549633 10000 200 24930202559
22000000 184549889 184549377 10000 100 16037871904
22000000 184550145 184549633 10000 200 24930202559
22000000 184550401 184549633 10004 1004 100000000000
22000000 184550657 184549633 10004 1104 100000000000
22000000 184550913 184549633 10004 1204 100000000000
22000000 184551169 184549633 10004 1304 100000000000
22000000 184551425 184549633 10004 1404 100000000000
22000000 184551681 184549633 10004 1504 100000000000
22000000 184551937 184549633 10004 1604 100000000000
22000000 184552193 184549633 10004 1704 100000000000
22000000 184552449 184549633 10004 1804 100000000000
22000000 184552705 184549633 10004 1904 100000000000
22000000 184552961 184549633 10004 2004 100000000000
22000000 184553217 184549633 10004 2104 100000000000
22000000 184553473 184549633 10004 2204 100000000000
22000000 184553729 184549633 10004 2304 100000000000
22000000 184553985 184549633 10004 2404 100000000000
22000000 184554241 184549633 10004 2504 100000000000
22000000 184554497 184549633 10004 2604 100000000000
22000000 184554753 184549633 10004 2704 100000000000
22000000 184555009 184549633 10004 2804 100000000000
22000000 184555265 184549633 10004 2904 100000000000
22050000 184549889 184549377 10000 100 13789833361
22050000 184550145 184549633 10000 200 24930202559
22050000 184550401 184549633 10004 1004 50776684272
22050000 184550657 184549633 10004 1104 50776684272
22050000 184550913 184549633 10004 1204 100000000000
22050000 184551169 184549633 10004 1304 50776684272
22050000 184551425 184549633 10004 1404 26454396773
22050000 184551681 184549633 10004 1504 26830677029
22050000 184551937 184549633 10004 1604 14312533901
22050000 184552193 184549633 10004 1704 14313333530
22050000 184552449 184549633 10004 1804 50582894671
22050000 184552705 184549633 10004 1904 100000000000
22050000 184552961 184549633 10004 2004 50776684272
22050000 184553217 184549633 10004 2104 13534327894
22050000 184553473 184549633 10004 2204 25876173000
22050000 184553729 184549633 10004 2304 26072949528
22050000 184553985 184549633 10004 2404 26454396773
22050000 184554241 184549633 10004 2504 14121762104
22050000 184554497 184549633 10004 2604 26072179271
22050000 184554753 184549633 10004 2704 100000000000
22050000 184555009 184549633 10004 2804 50776684272
22050000 184555265 184549633 10004 2904 13728706469
22100000 184549889 184549377 10000 100 13789833361
22100000 184550145 184549633 10000 200 24930202559
22100000 184550401 184549633 10004 1004 15299801564
22100000 184550657 184549633 10004 1104 3134489176
22100000 184550913 184549633 10004 1204 50776684272
22100000 184551169 184549633 10004 1304 50776684272
22100000 184551425 184549633 10004 1404 26454396773
22100000 184551681 184549633 10004 1504 3139594207
22100000 184551937 184549633 10004 1604 8017012459
22100000 184552193 184549633 10004 1704 3139594207
22100000 184552449 184549633 10004 1804 3139594207
22100000 184552705 184549633 10004 1904 3139594207
22100000 184552961 184549633 10004 2004 28969512327
22100000 184553217 184549633 10004 2104 3144715894
22100000 184553473 184549633 10004 2204 3139594207
22100000 184553729 184549633 10004 2304 3139594207
22100000 184553985 184549633 10004 2404 15046443957
22100000 184554241 184549633 10004 2504 3144715894
22100000 184554497 184549633 10004 2604 14830152083
22100000 184554753 184549633 10004 2704 3537805381
22100000 184555009 184549633 10004 2804 15691264924
22100000 184555265 184549633 10004 2904 4347117981
22150000 184549889 184549377 10000 100 13789833361
22150000 184550145 184549633 10000 200 24930202559
22200000 184549889 184549377 10000 100 13789833361
22200000 184550145 184549633 10000 200 24930202559
22250000 184549889 184549377 10000 100 13789833361
22250000 184550145 184549633 10000 200 24930202559
22300000 184549889 184549377 10000 100 13789833361
22300000 184550145 184549633 10000 200 24930202559
22350000 184549889 184549377 10000 100 13789833361
22350000 184550145 184549633 10000 200 24930202559
22400000 184549889 184549377 10000 100 13789833361
22400000 184550145 184549633 10000 200 24930202559
22450000 184549889 184549377 10000 100 13789833361
22450000 184550145 184549633 10000 200 24930202559
22500000 184549889 184549377 10000 100 13789833361
22500000 184550145 184549633 10000 200 24930202559
22500000 184550401 184549633 10005 1005 100000000000
22500000 184550657 184549633 10005 1105 100000000000
22500000 184550913 184549633 10005 1205 100000000000
22500000 184551169 184549633 10005 1305 100000000000
22500000 184551425 184549633 10005 1405 100000000000
22500000 184551681 184549633 10005 1505 100000000000
22500000 184551937 184549633 10005 1605 100000000000
22500000 184552193 184549633 10005 1705 100000000000
22500000 184552449 184549633 10005 1805 100000000000
22500000 184552705 184549633 10005 1905 100000000000
22500000 184552961 184549633 10005 2005 100000000000
22500000 184553217 184549633 10005 2105 100000000000
22500000 184553473 184549633 10005 2205 100000000000
22500000 184553729 184549633 10005 2305 100000000000
22500000 184553985 184549633 10005 2405 100000000000
22500000 184554241 184549633 10005 2505 100000000000
22500000 184554497 184549633 10005 2605 100000000000
22500000 184554753 184549633 10005 2705 100000000000
22500000 184555009 184549633 10005 2805 100000000000
22500000 184555265 184549633 10005 2905 100000000000
22550000 184549889 184549377 10000 100 13789833361
22550000 184550145 184549633 10000 200 44427514868
22550000 184550401 184549633 10005 1005 50776684272
22550000 184550657 184549633 10005 1105 50776684272
22550000 184550913 184549633 10005 1205 50776684272
22550000 184551169 184549633 10005 1305 26633983678
22550000 184551425 184549633 10005 1405 13929182082
22550000 184551681 184549633 10005 1505 50776684272
22550000 184551937 184549633 10005 1605 27925579707
22550000 184552193 184549633 10005 1705 26072179271
22550000 184552449 184549633 10005 1805 50582134712
22550000 184552705 184549633 10005 1905 100000000000
22550000 184552961 184549633 10005 2005 14159256432
22550000 184553217 184549633 10005 2105 50776684272
22550000 184553473 184549633 10005 2205 50776684272
22550000 184553729 184549633 10005 2305 14707035195
22550000 184553985 184549633 10005 2405 26455167030
22550000 184554241 184549633 10005 2505 7271455009
22550000 184554497 184549633 10005 2605 26454396773
22550000 184554753 184549633 10005 2705 27566563535
22550000 184555009 184549633 10005 2805 27201112266
22550000 184555265 184549633 10005 2905 26258430929
22600000 184549889 184549377 10000 100 13789833361
22600000 184550145 184549633 10000 200 44427514868
22600000 184550401 184549633 10005 1005 3009109608
22600000 184550657 184549633 10005 1105 50776684272
22600000 184550913 184549633 10005 1205 3009109608
22600000 184551169 184549633 10005 1305 3009109608
22600000 184551425 184549633 10005 1405 3009109608
22600000 184551681 184549633 10005 1505 26454782656
22600000 184551937 184549633 10005 1605 3014010438
22600000 184552193 184549633 10005 1705 3009109608
22600000 184552449 184549633 10005 1805 50582134712
22600000 184552705 184549633 10005 1905 3390761743
22600000 184552961 184549633 10005 2005 14159256432
22600000 184553217 184549633 10005 2105 50776684272
22600000 184553473 184549633 10005 2205 3009109608
22600000 184553729 184549633 10005 2305 3014010438
22600000 184553985 184549633 10005 2405 8225559174
22600000 184554241 184549633 10005 2505 3009109608
22600000 184554497 184549633 10005 2605 3009109608
22600000 184554753 184549633 10005 2705 15490336363
22600000 184555009 184549633 10005 2805 15651467716
22600000 184555265 184549633 10005 2905 3009109608
22650000 184549889 184549377 10000 100 13789833361
22650000 184550145 184549633 10000 200 44427514868
22700000 184549889 184549377 10000 100 13789833361
22700000 184550145 184549633 10000 200 44427514868
22750000 184549889 184549377 10000 100 13789833361
22750000 184550145 184549633 10000 200 44427514868
22800000 184549889 184549377 10000 100 13789833361
22800000 184550145 184549633 10000 200 44427514868
22850000 184549889 184549377 10000 100 13789833361
22850000 184550145 184549633 10000 200 44427514868
22900000 184549889 184549377 10000 100 13789833361
22900000 184550145 184549633 10000 200 44427514868
22950000 184549889 184549377 10000 100 38444012569
22950000 184550145 184549633 10000 200 44427514868
23000000 184549889 184549377 10000 100 38444012569
23000000 184550145 184549633 10000 200 44427514868
23000000 184550401 184549633 10006 1006 100000000000
23000000 184550657 184549633 10006 1106 100000000000
23000000 184550913 184549633 10006 1206 100000000000
23000000 184551169 184549633 10006 1306 100000000000
23000000 184551425 184549633 10006 1406 100000000000
23000000 184551681 184549633 10006 1506 100000000000
23000000 184551937 184549633 10006 1606 100000000000
23000000 184552193 184549633 10006 1706 100000000000
23000000 184552449 184549633 10006 1806 100000000000
23000000 184552705 184549633 10006 1906 100000000000
23000000 184552961 184549633 10006 2006 100000000000
23000000 184553217 184549633 10006 2106 100000000000
23000000 184553473 184549633 10006 2206 100000000000
23000000 184553729 184549633 10006 2306 100000000000
23000000 184553985 184549633 10006 2406 100000000000
23000000 184554241 184549633 10006 2506 100000000000
23000000 184554497 184549633 10006 2606 100000000000
23000000 184554753 184549633 10006 2706 100000000000
23000000 184555009 184549633 10006 2806 100000000000
23000000 184555265 184549633 10006 2906 100000000000
23050000 184549889 184549377 10000 100 23102899753
23050000 184550145 184549633 10000 200 44427514868
23050000 184550401 184549633 10006 1006 50776684272
23050000 184550657 184549633 10006 1106 14310188555
23050000 184550913 184549633 10006 1206 100000000000
23050000 184551169 184549633 10006 1306 7823290864
23050000 184551425 184549633 10006 1406 7199184203
23050000 184551681 184549633 10006 1506 14361602311
23050000 184551937 184549633 10006 1606 50776684272
23050000 184552193 184549633 10006 1706 14217897069
23050000 184552449 184549633 10006 1806 50776684272
23050000 184552705 184549633 10006 1906 100000000000
23050000 184552961 184549633 10006 2006 50776684272
23050000 184553217 184549633 10006 2106 14122162943
23050000 184553473 184549633 10006 2206 26633597766
23050000 184553729 184549633 10006 2306 14551847084
23050000 184553985 184549633 10006 2406 100000000000
23050000 184554241 184549633 10006 2506 13727520823
23050000 184554497 184549633 10006 2606 50776684272
23050000 184554753 184549633 10006 2706 15097776866
23050000 184555009 184549633 10006 2806 13928381246
23050000 184555265 184549633 10006 2906 14122564248
23100000 184549889 184549377 10000 100 14000901923
23100000 184550145 184549633 10000 200 44427514868
23100000 184550401 184549633 10006 1006 50776684272
23100000 184550657 184549633 10006 1106 2790107799
23100000 184550913 184549633 10006 1206 3138871274
23100000 184551169 184549633 10006 1306 4313211737
23100000 184551425 184549633 10006 1406 2790107799
23100000 184551681 184549633 10006 1506 14361602311
23100000 184551937 184549633 10006 1606 2794704352
23100000 184552193 184549633 10006 1706 2799316076
23100000 184552449 184549633 10006 1806 2794704352
23100000 184552705 184549633 10006 1906 2799316076
23100000 184552961 184549633 10006 2006 50776684272
23100000 184553217 184549633 10006 2106 2799316076
23100000 184553473 184549633 10006 2206 7919480328
23100000 184553729 184549633 10006 2306 8322896790
23100000 184553985 184549633 10006 2406 2803943044
23100000 184554241 184549633 10006 2506 13727520823
23100000 184554497 184549633 10006 2606 27201498148
23100000 184554753 184549633 10006 2706 8455007835
23100000 184555009 184549633 10006 2806 13928381246
23100000 184555265 184549633 10006 2906 14122564248
23150000 184549889 184549377 10000 100 14000901923
23150000 184550145 184549633 10000 200 44427514868
23200000 184549889 184549377 10000 100 14000901923
23200000 184550145 184549633 10000 200 44427514868
23250000 184549889 184549377 10000 100 14000901923
23250000 184550145 184549633 10000 200 44427514868
23300000 184549889 184549377 10000 100 14000901923
23300000 184550145 184549633 10000 200 44427514868
23350000 184549889 184549377 10000 100 14000901923
23350000 184550145 184549633 10000 200 44427514868
23400000 184549889 184549377 10000 100 14000901923
23400000 184550145 184549633 10000 200 44427514868
23450000 184549889 184549377 10000 100 14000901923
23450000 184550145 184549633 10000 200 54201171023
23500000 184549889 184549377 10000 100 14000901923
23500000 184550145 184549633 10000 200 54201171023
23550000 184549889 184549377 10000 100 11439208445
23550000 184550145 184549633 10000 200 54201171023
23550000 184550401 184549633 10007 1007 26454782656
23550000 184550657 184549633 10007 1107 13918491082
23550000 184550913 184549633 10007 1207 14707035195
23550000 184551169 184549633 10007 1307 50582134712
23550000 184551425 184549633 10007 1407 13927980160
23550000 184551681 184549633 10007 1507 100000000000
23550000 184551937 184549633 10007 1607 50582134712
23550000 184552193 184549633 10007 1707 7367125201
23550000 184552449 184549633 10007 1807 50776684272
23550000 184552705 184549633 10007 1907 50776684272
23550000 184552961 184549633 10007 2007 50582134712
23550000 184553217 184549633 10007 2107 14122162943
23550000 184553473 184549633 10007 2207 50582134712
23550000 184553729 184549633 10007 2307 100000000000
23550000 184553985 184549633 10007 2407 50776684272
23550000 184554241 184549633 10007 2507 26831447286
23550000 184554497 184549633 10007 2607 7499631761
23550000 184554753 184549633 10007 2707 26071791876
23550000 184555009 184549633 10007 2807 50776684272
23550000 184555265 184549633 10007 2907 14515121002
23600000 184549889 184549377 10000 100 11439208445
23600000 184550145 184549633 10000 200 54201171023
23600000 184550401 184549633 10007 1007 2680922364
23600000 184550657 184549633 10007 1107 2685368338
23600000 184550913 184549633 10007 1207 2680922364
23600000 184551169 184549633 10007 1307 2685368338
23600000 184551425 184549633 10007 1407 2685368338
23600000 184551681 184549633 10007 1507 100000000000
23600000 184551937 184549633 10007 1607 2685368338
23600000 184552193 184549633 10007 1707 7367125201
23600000 184552449 184549633 10007 1807 2705559078
23600000 184552705 184549633 10007 1907 2705559078
23600000 184552961 184549633 10007 2007 50582134712
23600000 184553217 184549633 10007 2107 7714089877
23600000 184553473 184549633 10007 2207 2709881057
23600000 184553729 184549633 10007 2307 26072179271
23600000 184553985 184549633 10007 2407 2714216867
23600000 184554241 184549633 10007 2507 2714216867
23600000 184554497 184549633 10007 2607 7499631761
23600000 184554753 184549633 10007 2707 2714216867
23600000 184555009 184549633 10007 2807 2718566573
23600000 184555265 184549633 10007 2907 2718566573
23650000 184549889 184549377 10000 100 11439208445
23650000 184550145 184549633 10000 200 54201171023
23650000 184553217 184549633 10007 2107 7714089877
23650000 184553473 184549633 10007 2207 2709881057
23650000 184553729 184549633 10007 2307 26072179271
23650000 184553985 184549633 10007 2407 2714216867
23650000 184554241 184549633 10007 2507 2714216867
23650000 184554497 184549633 10007 2607 7499631761
23650000 184554753 184549633 10007 2707 2714216867
23650000 184555009 184549633 10007 2807 2718566573
23650000 184555265 184549633 10007 2907 2718566573
23700000 184549889 184549377 10000 100 11439208445
23700000 184550145 184549633 10000 200 54201171023
23750000 184549889 184549377 10000 100 11439208445
23750000 184550145 184549633 10000 200 54201171023
23800000 184549889 184549377 10000 100 11439208445
23800000 184550145 184549633 10000 200 54201171023
23850000 184549889 184549377 10000 100 11439208445
23850000 184550145 184549633 10000 200 54201171023
23900000 184549889 184549377 10000 100 11439208445
23900000 184550145 184549633 10000 200 54201171023
23950000 184549889 184549377 10000 100 11439208445
23950000 184550145 184549633 10000 200 54201171023
24000000 184549889 184549377 10000 100 11439208445
24000000 184550145 184549633 10000 200 54201171023
24050000 184549889 184549377 10000 100 11439208445
24050000 184550145 184549633 10000 200 54201171023
24100000 184549889 184549377 10000 100 11439208445
24100000 184550145 184549633 10000 200 54201171023
24150000 184549889 184549377 10000 100 11439208445
24150000 184550145 184549633 10000 200 54201171023
24200000 184549889 184549377 10000 100 11439208445
24200000 184550145 184549633 10000 200 54201171023
24250000 184549889 184549377 10000 100 11439208445
24250000 184550145 184549633 10000 200 54201171023
24300000 184549889 184549377 10000 100 11439208445
24300000 184550145 184549633 10000 200 54201171023
24350000 184549889 184549377 10000 100 11439208445
24350000 184550145 184549633 10000 200 59137999100
24400000 184549889 184549377 10000 100 11439208445
24400000 184550145 184549633 10000 200 59137999100
24450000 184549889 184549377 10000 100 24941610506
24450000 184550145 184549633 10000 200 59137999100
24500000 184549889 184549377 10000 100 24941610506
24500000 184550145 184549633 10000 200 59137999100
24550000 184549889 184549377 10000 100 24941610506
24550000 184550145 184549633 10000 200 59137999100
24600000 184549889 184549377 10000 100 24941610506
24600000 184550145 184549633 10000 200 59137999100
24650000 184549889 184549377 10000 100 24941610506
24650000 184550145 184549633 10000 200 59137999100
24700000 184549889 184549377 10000 100 24941610506
24700000 184550145 184549633 10000 200 59137999100
24750000 184549889 184549377 10000 100 24941610506
24750000 184550145 184549633 10000 200 59137999100
24800000 184549889 184549377 10000 100 24941610506
24800000 184550145 184549633 10000 200 59137999100
24850000 184549889 184549377 10000 100 24941610506
24850000 184550145 184549633 10000 200 59137999100
24900000 184549889 184549377 10000 100 24941610506
24900000 184550145 184549633 10000 200 59137999100
24950000 184549889 184549377 10000 100 24941610506
24950000 184550145 184549633 10000 200 59137999100
25000000 184549889 184549377 10000 100 24941610506
25000000 184550145 184549633 10000 200 59137999100
25050000 184549889 184549377 10000 100 24941610506
25050000 184550145 184549633 10000 200 59137999100
25100000 184549889 184549377 10000 100 24941610506
25100000 184550145 184549633 10000 200 59137999100
25150000 184549889 184549377 10000 100 24941610506
25150000 184550145 184549633 10000 200 59137999100
25200000 184549889 184549377 10000 100 24941610506
25200000 184550145 184549633 10000 200 59137999100
25250000 184549889 184549377 10000 100 24941610506
25250000 184550145 184549633 10000 200 61656413139
25300000 184549889 184549377 10000 100 24941610506
25300000 184550145 184549633 10000 200 61656413139
25350000 184549889 184549377 10000 100 31717811537
25350000 184550145 184549633 10000 200 61656413139
25400000 184549889 184549377 10000 100 31717811537
25400000 184550145 184549633 10000 200 61656413139
25450000 184549889 184549377 10000 100 31717811537
25450000 184550145 184549633 10000 200 61656413139
25500000 184549889 184549377 10000 100 31717811537
25500000 184550145 184549633 10000 200 61656413139
25550000 184549889 184549377 10000 100 31717811537
25550000 184550145 184549633 10000 200 61656413139
25600000 184549889 184549377 10000 100 31717811537
25600000 184550145 184549633 10000 200 61656413139
25650000 184549889 184549377 10000 100 31717811537
25650000 184550145 184549633 10000 200 61656413139
25700000 184549889 184549377 10000 100 31717811537
25700000 184550145 184549633 10000 200 61656413139
25750000 184549889 184549377 10000 100 31717811537
25750000 184550145 184549633 10000 200 61656413139
25800000 184549889 184549377 10000 100 31717811537
25800000 184550145 184549633 10000 200 61656413139
25850000 184549889 184549377 10000 100 31717811537
25850000 184550145 184549633 10000 200 61656413139
25900000 184549889 184549377 10000 100 31717811537
25900000 184550145 184549633 10000 200 61656413139
25950000 184549889 184549377 10000 100 31717811537
25950000 184550145 184549633 10000 200 61656413139
26000000 184549889 184549377 10000 100 31717811537
26000000 184550145 184549633 10000 200 61656413139
26050000 184549889 184549377 10000 100 31717811537
26050000 184550145 184549633 10000 200 61656413139
26100000 184549889 184549377 10000 100 31717811537
26100000 184550145 184549633 10000 200 61656413139
26150000 184549889 184549377 10000 100 31717811537
26150000 184550145 184549633 10000 200 62965620158
26200000 184549889 184549377 10000 100 31717811537
26200000 184550145 184549633 10000 200 62965620158
26250000 184549889 184549377 10000 100 35155912052
26250000 184550145 184549633 10000 200 62965620158
26300000 184549889 184549377 10000 100 35155912052
26300000 184550145 184549633 10000 200 62965620158
26350000 184549889 184549377 10000 100 35155912052
26350000 184550145 184549633 10000 200 62965620158
26400000 184549889 184549377 10000 100 35155912052
26400000 184550145 184549633 10000 200 62965620158
26450000 184549889 184549377 10000 100 35155912052
26450000 184550145 184549633 10000 200 62965620158
26500000 184549889 184549377 10000 100 35155912052
26500000 184550145 184549633 10000 200 62965620158
26550000 184549889 184549377 10000 100 35155912052
26550000 184550145 184549633 10000 200 62965620158
26600000 184549889 184549377 10000 100 35155912052
26600000 184550145 184549633 10000 200 62965620158
26650000 184549889 184549377 10000 100 35155912052
26650000 184550145 184549633 10000 200 62965620158
26700000 184549889 184549377 10000 100 35155912052
26700000 184550145 184549633 10000 200 62965620158
26750000 184549889 184549377 10000 100 35155912052
26750000 184550145 184549633 10000 200 62965620158
26800000 184549889 184549377 10000 100 35155912052
26800000 184550145 184549633 10000 200 62965620158
26850000 184549889 184549377 10000 100 35155912052
26850000 184550145 184549633 10000 200 62965620158
26900000 184549889 184549377 10000 100 35155912052
26900000 184550145 184549633 10000 200 62965620158
26950000 184549889 184549377 10000 100 35155912052
26950000 184550145 184549633 10000 200 62965620158
27000000 184549889 184549377 10000 100 35155912052
27000000 184550145 184549633 10000 200 62965620158
27050000 184549889 184549377 10000 100 35155912052
27050000 184550145 184549633 10000 200 63670223668
27100000 184549889 184549377 10000 100 35155912052
27100000 184550145 184549633 10000 200 63670223668
27150000 184549889 184549377 10000 100 36924962310
27150000 184550145 184549633 10000 200 63670223668
27200000 184549889 184549377 10000 100 36924962310
27200000 184550145 184549633 10000 200 63670223668
27250000 184549889 184549377 10000 100 36924962310
27250000 184550145 184549633 10000 200 63670223668
27300000 184549889 184549377 10000 100 36924962310
27300000 184550145 184549633 10000 200 63670223668
27350000 184549889 184549377 10000 100 36924962310
27350000 184550145 184549633 10000 200 63670223668
27400000 184549889 184549377 10000 100 36924962310
27400000 184550145 184549633 10000 200 63670223668
27450000 184549889 184549377 10000 100 36924962310
27450000 184550145 184549633 10000 200 63670223668
27500000 184549889 184549377 10000 100 36924962310
27500000 184550145 184549633 10000 200 63670223668
27550000 184549889 184549377 10000 100 36924962310
27550000 184550145 184549633 10000 200 63670223668
27600000 184549889 184549377 10000 100 36924962310
27600000 184550145 184549633 10000 200 63670223668
27650000 184549889 184549377 10000 100 36924962310
27650000 184550145 184549633 10000 200 63670223668
27700000 184549889 184549377 10000 100 36924962310
27700000 184550145 184549633 10000 200 63670223668
27750000 184549889 184549377 10000 100 36924962310
27750000 184550145 184549633 10000 200 63670223668
27800000 184549889 184549377 10000 100 36924962310
27800000 184550145 184549633 10000 200 63670223668
27850000 184549889 184549377 10000 100 36924962310
27850000 184550145 184549633 10000 200 63670223668
27900000 184549889 184549377 10000 100 36924962310
27900000 184550145 184549633 10000 200 63670223668
27950000 184549889 184549377 10000 100 36924962310
27950000 184550145 184549633 10000 200 64072525423
28000000 184549889 184549377 10000 100 36924962310
28000000 184550145 184549633 10000 200 64072525423
28050000 184549889 184549377 10000 100 37859487439
28050000 184550145 184549633 10000 200 64072525423
28100000 184549889 184549377 10000 100 37859487439
28100000 184550145 184549633 10000 200 64072525423
28150000 184549889 184549377 10000 100 37859487439
28150000 184550145 184549633 10000 200 64072525423
28200000 184549889 184549377 10000 100 37859487439
28200000 184550145 184549633 10000 200 64072525423
28250000 184549889 184549377 10000 100 37859487439
28250000 184550145 184549633 10000 200 64072525423
28300000 184549889 184549377 10000 100 37859487439
28300000 184550145 184549633 10000 200 64072525423
28350000 184549889 184549377 10000 100 37859487439
28350000 184550145 184549633 10000 200 64072525423
28400000 184549889 184549377 10000 100 37859487439
28400000 184550145 184549633 10000 200 64072525423
28450000 184549889 184549377 10000 100 37859487439
28450000 184550145 184549633 10000 200 64072525423
28500000 184549889 184549377 10000 100 37859487439
28500000 184550145 184549633 10000 200 64072525423
28550000 184549889 184549377 10000 100 37859487439
28550000 184550145 184549633 10000 200 64072525423
28600000 184549889 184549377 10000 100 37859487439
28600000 184550145 184549633 10000 200 64072525423
28650000 184549889 184549377 10000 100 37859487439
28650000 184550145 184549633 10000 200 64072525423
28700000 184549889 184549377 10000 100 37859487439
28700000 184550145 184549633 10000 200 64072525423
28750000 184549889 184549377 10000 100 37859487439
28750000 184550145 184549633 10000 200 64072525423
28800000 184549889 184549377 10000 100 37859487439
28800000 184550145 184549633 10000 200 64072525423
28850000 184549889 184549377 10000 100 37859487439
28850000 184550145 184549633 10000 200 64323676300
28900000 184549889 184549377 10000 100 37859487439
28900000 184550145 184549633 10000 200 64323676300
28950000 184549889 184549377 10000 100 38376750003
28950000 184550145 184549633 10000 200 64323676300
29000000 184549889 184549377 10000 100 38376750003
29000000 184550145 184549633 10000 200 64323676300
29050000 184549889 184549377 10000 100 38376750003
29050000 184550145 184549633 10000 200 64323676300
29100000 184549889 184549377 10000 100 38376750003
29100000 184550145 184549633 10000 200 64323676300
29150000 184549889 184549377 10000 100 38376750003
29150000 184550145 184549633 10000 200 64323676300
29200000 184549889 184549377 10000 100 38376750003
29200000 184550145 184549633 10000 200 64323676300
29250000 184549889 184549377 10000 100 38376750003
29250000 184550145 184549633 10000 200 64323676300
29300000 184549889 184549377 10000 100 38376750003
29300000 184550145 184549633 10000 200 64323676300
29350000 184549889 184549377 10000 100 38376750003
29350000 184550145 184549633 10000 200 64323676300
29400000 184549889 184549377 10000 100 38376750003
29400000 184550145 184549633 10000 200 64323676300
29450000 184549889 184549377 10000 100 38376750003
29450000 184550145 184549633 10000 200 64323676300
29500000 184549889 184549377 10000 100 38376750003
29500000 184550145 184549633 10000 200 64323676300
29550000 184549889 184549377 10000 100 38376750003
29550000 184550145 184549633 10000 200 64323676300
29600000 184549889 184549377 10000 100 38376750003
29600000 184550145 184549633 10000 200 64323676300
29650000 184549889 184549377 10000 100 38376750003
29650000 184550145 184549633 10000 200 64323676300
29700000 184549889 184549377 10000 100 38376750003
29700000 184550145 184549633 10000 200 64323676300
29750000 184549889 184549377 10000 100 38376750003
29750000 184550145 184549633 10000 200 64499251739
29800000 184549889 184549377 10000 100 38376750003
29800000 184550145 184549633 10000 200 64499251739
29850000 184549889 184549377 10000 100 38685381285
29850000 184550145 184549633 10000 200 64499251739
29900000 184549889 184549377 10000 100 38685381285
29900000 184550145 184549633 10000 200 64499251739
29950000 184549889 184549377 10000 100 38685381285
29950000 184550145 184549633 10000 200 64499251739
30000000 184549889 184549377 10000 100 38685381285
30000000 184550145 184549633 10000 200 64499251739
30050000 184549889 184549377 10000 100 38685381285
30050000 184550145 184549633 10000 200 64499251739
30100000 184549889 184549377 10000 100 38685381285
30100000 184550145 184549633 10000 200 64499251739
30150000 184549889 184549377 10000 100 38685381285
30150000 184550145 184549633 10000 200 64499251739
30200000 184549889 184549377 10000 100 38685381285
30200000 184550145 184549633 10000 200 64499251739
30250000 184549889 184549377 10000 100 38685381285
30250000 184550145 184549633 10000 200 64499251739
30300000 184549889 184549377 10000 100 38685381285
30300000 184550145 184549633 10000 200 64499251739
30350000 184549889 184549377 10000 100 38685381285
30350000 184550145 184549633 10000 200 64499251739
30400000 184549889 184549377 10000 100 38685381285
30400000 184550145 184549633 10000 200 64499251739
30450000 184549889 184549377 10000 100 38685381285
30450000 184550145 184549633 10000 200 64499251739
30500000 184549889 184549377 10000 100 38685381285
30500000 184550145 184549633 10000 200 64499251739
30550000 184549889 184549377 10000 100 38685381285
30550000 184550145 184549633 10000 200 64499251739
30600000 184549889 184549377 10000 100 38685381285
30600000 184550145 184549633 10000 200 64499251739
30650000 184549889 184549377 10000 100 38685381285
30650000 184550145 184549633 10000 200 64637039458
30700000 184549889 184549377 10000 100 38685381285
30700000 184550145 184549633 10000 200 64637039458
30750000 184549889 184549377 10000 100 38889696926
30750000 184550145 184549633 10000 200 64637039458
30800000 184549889 184549377 10000 100 38889696926
30800000 184550145 184549633 10000 200 64637039458
30850000 184549889 184549377 10000 100 38889696926
30850000 184550145 184549633 10000 200 64637039458
30900000 184549889 184549377 10000 100 38889696926
30900000 184550145 184549633 10000 200 64637039458
30950000 184549889 184549377 10000 100 38889696926
30950000 184550145 184549633 10000 200 64637039458
31000000 184549889 184549377 10000 100 38889696926
31000000 184550145 184549633 10000 200 64637039458
31050000 184549889 184549377 10000 100 38889696926
31050000 184550145 184549633 10000 200 64637039458
31100000 184549889 184549377 10000 100 38889696926
31100000 184550145 184549633 10000 200 64637039458
31150000 184549889 184549377 10000 100 38889696926
31150000 184550145 184549633 10000 200 64637039458
31200000 184549889 184549377 10000 100 38889696926
31200000 184550145 184549633 10000 200 64637039458
31250000 184549889 184549377 10000 100 38889696926
31250000 184550145 184549633 10000 200 64637039458
31300000 184549889 184549377 10000 100 38889696926
31300000 184550145 184549633 10000 200 64637039458
31350000 184549889 184549377 10000 100 38889696926
31350000 184550145 184549633 10000 200 64637039458
31400000 184549889 184549377 10000 100 38889696926
31400000 184550145 184549633 10000 200 64637039458
31450000 184549889 184549377 10000 100 38889696926
31450000 184550145 184549633 10000 200 64637039458
31500000 184549889 184549377 10000 100 38889696926
31500000 184550145 184549633 10000 200 64637039458
31550000 184549889 184549377 10000 100 38889696926
31550000 184550145 184549633 10000 200 64755933318
31600000 184549889 184549377 10000 100 38889696926
31600000 184550145 184549633 10000 200 64755933318
31650000 184549889 184549377 10000 100 39041854747
31650000 184550145 184549633 10000 200 64755933318
31700000 184549889 184549377 10000 100 39041854747
31700000 184550145 184549633 10000 200 64755933318
31750000 184549889 184549377 10000 100 39041854747
31750000 184550145 184549633 10000 200 64755933318
31800000 184549889 184549377 10000 100 39041854747
31800000 184550145 184549633 10000 200 64755933318
31850000 184549889 184549377 10000 100 39041854747
31850000 184550145 184549633 10000 200 64755933318
31900000 184549889 184549377 10000 100 39041854747
31900000 184550145 184549633 10000 200 64755933318
31950000 184549889 184549377 10000 100 39041854747
31950000 184550145 184549633 10000 200 64755933318
32000000 184549889 184549377 10000 100 39041854747
32000000 184550145 184549633 10000 200 64755933318
32050000 184549889 184549377 10000 100 39041854747
32050000 184550145 184549633 10000 200 64755933318
32100000 184549889 184549377 10000 100 39041854747
32100000 184550145 184549633 10000 200 64755933318
32150000 184549889 184549377 10000 100 39041854747
32150000 184550145 184549633 10000 200 64755933318
32200000 184549889 184549377 10000 100 39041854747
32200000 184550145 184549633 10000 200 64755933318
32250000 184549889 184549377 10000 100 39041854747
32250000 184550145 184549633 10000 200 64755933318
32300000 184549889 184549377 10000 100 39041854747
32300000 184550145 184549633 10000 200 64755933318
32350000 184549889 184549377 10000 100 39041854747
32350000 184550145 184549633 10000 200 64755933318
32400000 184549889 184549377 10000 100 39041854747
32400000 184550145 184549633 10000 200 64755933318
32450000 184549889 184549377 10000 100 39041854747
32450000 184550145 184549633 10000 200 64865380248
32500000 184549889 184549377 10000 100 39041854747
32500000 184550145 184549633 10000 200 64865380248
32550000 184549889 184549377 10000 100 39167933657
32550000 184550145 184549633 10000 200 64865380248
32600000 184549889 184549377 10000 100 39167933657
32600000 184550145 184549633 10000 200 64865380248
32650000 184549889 184549377 10000 100 39167933657
32650000 184550145 184549633 10000 200 64865380248
32700000 184549889 184549377 10000 100 39167933657
32700000 184550145 184549633 10000 200 64865380248
32750000 184549889 184549377 10000 100 39167933657
32750000 184550145 184549633 10000 200 64865380248
32800000 184549889 184549377 10000 100 39167933657
32800000 184550145 184549633 10000 200 64865380248
32850000 184549889 184549377 10000 100 39167933657
32850000 184550145 184549633 10000 200 64865380248
32900000 184549889 184549377 10000 100 39167933657
32900000 184550145 184549633 10000 200 64865380248
32950000 184549889 184549377 10000 100 39167933657
32950000 184550145 184549633 10000 200 64865380248
33000000 184549889 184549377 10000 100 39167933657
33000000 184550145 184549633 10000 200 64865380248
33050000 184549889 184549377 10000 100 39167933657
33050000 184550145 184549633 10000 200 64865380248
33100000 184549889 184549377 10000 100 39167933657
33100000 184550145 184549633 10000 200 64865380248
33150000 184549889 184549377 10000 100 39167933657
33150000 184550145 184549633 10000 200 64865380248
33200000 184549889 184549377 10000 100 39167933657
33200000 184550145 184549633 10000 200 64865380248
33250000 184549889 184549377 10000 100 39167933657
33250000 184550145 184549633 10000 200 64865380248
33300000 184549889 184549377 10000 100 39167933657
33300000 184550145 184549633 10000 200 64865380248
33350000 184549889 184549377 10000 100 39167933657
33350000 184550145 184549633 10000 200 64970103713
33400000 184549889 184549377 10000 100 39167933657
33400000 184550145 184549633 10000 200 64970103713
33450000 184549889 184549377 10000 100 39280973112
33450000 184550145 184549633 10000 200 64970103713
33500000 184549889 184549377 10000 100 39280973112
33500000 184550145 184549633 10000 200 64970103713
33550000 184549889 184549377 10000 100 39280973112
33550000 184550145 184549633 10000 200 64970103713
33600000 184549889 184549377 10000 100 39280973112
33600000 184550145 184549633 10000 200 64970103713
33650000 184549889 184549377 10000 100 39280973112
33650000 184550145 184549633 10000 200 64970103713
33700000 184549889 184549377 10000 100 39280973112
33700000 184550145 184549633 10000 200 64970103713
33750000 184549889 184549377 10000 100 39280973112
33750000 184550145 184549633 10000 200 64970103713
33800000 184549889 184549377 10000 100 39280973112
33800000 184550145 184549633 10000 200 64970103713
33850000 184549889 184549377 10000 100 39280973112
33850000 184550145 184549633 10000 200 64970103713
33900000 184549889 184549377 10000 100 39280973112
33950000 184549889 184549377 10000 100 39280973112
34000000 184549889 184549377 10000 100 39280973112
34050000 184549889 184549377 10000 100 39280973112
34100000 184549889 184549377 10000 100 39280973112
34150000 184549889 184549377 10000 100 39280973112
34200000 184549889 184549377 10000 100 39280973112
34250000 184549889 184549377 10000 100 39280973112
34300000 184549889 184549377 10000 100 39280973112
34350000 184549889 184549377 10000 100 39387492840
34400000 184549889 184549377 10000 100 39387492840
34450000 184549889 184549377 10000 100 39387492840
34500000 184549889 184549377 10000 100 39387492840
34550000 184549889 184549377 10000 100 39387492840
34600000 184549889 184549377 10000 100 39387492840
34650000 184549889 184549377 10000 100 39387492840
34700000 184549889 184549377 10000 100 39387492840
34750000 184549889 184549377 10000 100 39387492840
34800000 184549889 184549377 10000 100 39387492840
34850000 184549889 184549377 10000 100 39387492840
34900000 184549889 184549377 10000 100 39387492840
34950000 184549889 184549377 10000 100 39387492840
35000000 184549889 184549377 10000 100 39387492840
35050000 184549889 184549377 10000 100 39387492840
35100000 184549889 184549377 10000 100 39387492840
35150000 184549889 184549377 10000 100 39387492840
35200000 184549889 184549377 10000 100 39387492840
35250000 184549889 184549377 10000 100 39490752704
35300000 184549889 184549377 10000 100 39490752704
35350000 184549889 184549377 10000 100 39490752704
35400000 184549889 184549377 10000 100 39490752704
35450000 184549889 184549377 10000 100 39490752704
35500000 184549889 184549377 10000 100 39490752704
35550000 184549889 184549377 10000 100 39490752704
35600000 184549889 184549377 10000 100 39490752704
35650000 184549889 184549377 10000 100 39490752704
35700000 184549889 184549377 10000 100 39490752704
35750000 184549889 184549377 10000 100 39490752704
35800000 184549889 184549377 10000 100 39490752704
35850000 184549889 184549377 10000 100 39490752704
35900000 184549889 184549377 10000 100 39490752704
35950000 184549889 184549377 10000 100 39490752704
36000000 184549889 184549377 10000 100 39490752704
36050000 184549889 184549377 10000 100 39490752704
36100000 184549889 184549377 10000 100 39490752704
36150000 184549889 184549377 10000 100 39592382636
36200000 184549889 184549377 10000 100 39592382636
36250000 184549889 184549377 10000 100 39592382636
36300000 184549889 184549377 10000 100 39592382636
36350000 184549889 184549377 10000 100 39592382636
36400000 184549889 184549377 10000 100 39592382636
36450000 184549889 184549377 10000 100 39592382636
36500000 184549889 184549377 10000 100 39592382636
36550000 184549889 184549377 10000 100 39592382636
36600000 184549889 184549377 10000 100 39592382636
36650000 184549889 184549377 10000 100 39592382636
36700000 184549889 184549377 10000 100 39592382636
36750000 184549889 184549377 10000 100 39592382636
36800000 184549889 184549377 10000 100 39592382636
36850000 184549889 184549377 10000 100 39592382636
36900000 184549889 184549377 10000 100 39592382636
36950000 184549889 184549377 10000 100 39592382636
37000000 184549889 184549377 10000 100 39592382636
37050000 184549889 184549377 10000 100 39693197602
37100000 184549889 184549377 10000 100 39693197602
37150000 184549889 184549377 10000 100 39693197602
37200000 184549889 184549377 10000 100 39693197602
37250000 184549889 184549377 10000 100 39693197602
37300000 184549889 184549377 10000 100 39693197602
37350000 184549889 184549377 10000 100 39693197602
37400000 184549889 184549377 10000 100 39693197602
37450000 184549889 184549377 10000 100 39693197602
37500000 184549889 184549377 10000 100 39693197602
37550000 184549889 184549377 10000 100 39693197602
37600000 184549889 184549377 10000 100 39693197602
37650000 184549889 184549377 10000 100 39693197602
37700000 184549889 184549377 10000 100 39693197602
37750000 184549889 184549377 10000 100 39693197602
37800000 184549889 184549377 10000 100 39693197602
37850000 184549889 184549377 10000 100 39693197602
37900000 184549889 184549377 10000 100 39693197602
37950000 184549889 184549377 10000 100 39793605085
38000000 184549889 184549377 10000 100 39793605085
38050000 184549889 184549377 10000 100 39793605085
38100000 184549889 184549377 10000 100 39793605085
38150000 184549889 184549377 10000 100 39793605085
38200000 184549889 184549377 10000 100 39793605085
38250000 184549889 184549377 10000 100 39793605085
38300000 184549889 184549377 10000 100 39793605085
38350000 184549889 184549377 10000 100 39793605085
38400000 184549889 184549377 10000 100 39793605085
38450000 184549889 184549377 10000 100 39793605085
38500000 184549889 184549377 10000 100 39793605085
38550000 184549889 184549377 10000 100 39793605085
38600000 184549889 184549377 10000 100 39793605085
38650000 184549889 184549377 10000 100 39793605085
38700000 184549889 184549377 10000 100 39793605085
38750000 184549889 184549377 10000 100 39793605085
38800000 184549889 184549377 10000 100 39793605085
38850000 184549889 184549377 10000 100 39893808826
38900000 184549889 184549377 10000 100 39893808826
38950000 184549889 184549377 10000 100 39893808826
39000000 184549889 184549377 10000 100 39893808826
39050000 184549889 184549377 10000 100 39893808826
39100000 184549889 184549377 10000 100 39893808826
39150000 184549889 184549377 10000 100 39893808826
39200000 184549889 184549377 10000 100 39893808826
39250000 184549889 184549377 10000 100 39893808826
39300000 184549889 184549377 10000 100 39893808826
39350000 184549889 184549377 10000 100 39893808826
39400000 184549889 184549377 10000 100 39893808826
39450000 184549889 184549377 10000 100 39893808826
39500000 184549889 184549377 10000 100 39893808826
39550000 184549889 184549377 10000 100 39893808826
39600000 184549889 184549377 10000 100 39893808826
39650000 184549889 184549377 10000 100 39893808826
39700000 184549889 184549377 10000 100 39893808826
39750000 184549889 184549377 10000 100 39993910697
39800000 184549889 184549377 10000 100 39993910697
39850000 184549889 184549377 10000 100 39993910697
39900000 184549889 184549377 10000 100 39993910697
39950000 184549889 184549377 10000 100 39993910697
